entropy,entropyInd,RabA,RabB,RabC,RabD,RabE,RabF,RabG,RabH,RabI,xER,xPM,
2.178,0.3355,0.106,0.0907,0.0685,0.1252,0.05449,0.03938,0.03062,0.03407,0.03502,0.2066,0.2094,
2.177,0.3422,0.106,0.09069,0.06848,0.1243,0.05448,0.03937,0.0306,0.03405,0.03501,0.2077,0.2094,
2.176,0.3195,0.106,0.09069,0.06848,0.1243,0.05382,0.03937,0.0306,0.03405,0.03501,0.2077,0.21,
2.176,0.3186,0.106,0.09072,0.06849,0.124,0.05384,0.03938,0.03061,0.03406,0.03502,0.2077,0.2101,
2.176,0.3125,0.105,0.09076,0.06852,0.1237,0.05385,0.0394,0.03062,0.03407,0.03502,0.2078,0.2113,
2.172,0.3097,0.1068,0.09066,0.06779,0.1235,0.05204,0.03892,0.03059,0.03404,0.03499,0.2087,0.212,
2.174,0.3078,0.1104,0.09068,0.06784,0.1217,0.0521,0.03895,0.03062,0.03407,0.03502,0.2099,0.2087,
2.18,0.3093,0.1104,0.09063,0.0678,0.1212,0.05207,0.03893,0.0306,0.03405,0.03852,0.2073,0.2086,
2.179,0.3142,0.1087,0.0906,0.06783,0.1212,0.05209,0.03895,0.03061,0.03406,0.03854,0.2074,0.2099,
2.177,0.3103,0.1088,0.09063,0.06672,0.1209,0.05211,0.03896,0.03062,0.03407,0.03854,0.2075,0.2112,
2.176,0.3155,0.1082,0.09067,0.06674,0.1205,0.05146,0.03897,0.03063,0.03408,0.03855,0.2076,0.2126,
2.175,0.3139,0.1082,0.09047,0.06657,0.1206,0.05082,0.03899,0.03064,0.0341,0.03857,0.2077,0.2133,
2.175,0.3175,0.1081,0.0904,0.06659,0.1202,0.05087,0.03902,0.03066,0.03412,0.0386,0.2079,0.2135,
2.174,0.3164,0.1118,0.09004,0.06647,0.12,0.0497,0.03885,0.03048,0.03407,0.03853,0.2096,0.2104,
2.2,0.3043,0.1136,0.08997,0.06645,0.1192,0.04969,0.03884,0.03047,0.03406,0.05544,0.1937,0.2085,
2.198,0.3107,0.1133,0.0899,0.06635,0.1188,0.04903,0.03883,0.03046,0.03405,0.05542,0.1947,0.2091,
2.197,0.304,0.1119,0.08978,0.06631,0.1184,0.04899,0.03881,0.03044,0.03403,0.05539,0.1955,0.2105,
2.196,0.3119,0.1116,0.0898,0.06629,0.1181,0.04903,0.03885,0.03047,0.03406,0.05543,0.1957,0.2107,
2.199,0.3038,0.1163,0.08922,0.06636,0.1174,0.04909,0.03889,0.0305,0.0341,0.0555,0.1969,0.2057,
2.199,0.306,0.1161,0.08937,0.06646,0.1163,0.04917,0.03896,0.03055,0.03415,0.05559,0.1973,0.2061,
2.199,0.3091,0.1161,0.08937,0.06646,0.1163,0.04917,0.03896,0.03055,0.03415,0.05559,0.1973,0.2061,
2.198,0.3169,0.115,0.08937,0.06646,0.1163,0.04917,0.03896,0.03055,0.03415,0.05559,0.1973,0.2072,
2.197,0.3179,0.1147,0.08919,0.06623,0.1159,0.0491,0.0389,0.0305,0.0341,0.0555,0.199,0.2069,
2.195,0.324,0.1131,0.08919,0.06623,0.1159,0.04844,0.0389,0.0305,0.0341,0.0555,0.199,0.2092,
2.193,0.3169,0.113,0.08917,0.06622,0.1151,0.04731,0.03889,0.03049,0.03409,0.05549,0.1999,0.2103,
2.19,0.3228,0.1126,0.08916,0.06433,0.1147,0.04731,0.03888,0.03048,0.03408,0.05547,0.2009,0.2121,
2.187,0.3257,0.1126,0.08916,0.06433,0.1147,0.045,0.03888,0.03048,0.03408,0.05547,0.2009,0.2144,
2.184,0.3236,0.1126,0.08919,0.06436,0.1143,0.04347,0.0389,0.03049,0.03409,0.05549,0.201,0.2161,
2.183,0.3235,0.112,0.08915,0.06443,0.1141,0.04285,0.03895,0.03053,0.03413,0.05556,0.2013,0.217,
2.182,0.3224,0.1142,0.08896,0.06439,0.114,0.04173,0.03892,0.03051,0.03412,0.05553,0.2022,0.2154,
2.182,0.3221,0.1143,0.08899,0.06441,0.1137,0.04175,0.03893,0.03052,0.03412,0.05554,0.2022,0.2155,
2.18,0.326,0.113,0.08919,0.06441,0.1148,0.0402,0.03893,0.03105,0.03359,0.05554,0.2022,0.2171,
2.161,0.3224,0.1125,0.08938,0.06467,0.1148,0.06555,0.01358,0.03218,0.03246,0.05554,0.2022,0.2171,
2.161,0.3203,0.1136,0.0897,0.06468,0.1149,0.06408,0.01358,0.03215,0.03245,0.05551,0.2031,0.2162,
2.164,0.3227,0.1176,0.08933,0.06473,0.1145,0.06388,0.01353,0.03206,0.03863,0.04905,0.2056,0.2111,
2.164,0.3242,0.1175,0.08934,0.06496,0.1142,0.06391,0.01353,0.03206,0.03864,0.04906,0.2057,0.2112,
2.163,0.3348,0.1106,0.08925,0.06515,0.1209,0.06444,0.01301,0.03206,0.03864,0.04906,0.2057,0.2112,
2.164,0.3441,0.1105,0.08932,0.06537,0.1202,0.06448,0.01302,0.03209,0.04077,0.047,0.2058,0.2113,
2.164,0.3327,0.1123,0.08919,0.06545,0.12,0.06472,0.01274,0.03207,0.04075,0.04698,0.2067,0.2091,
2.164,0.3484,0.1116,0.08918,0.06549,0.1199,0.06468,0.01273,0.03205,0.04125,0.04642,0.2077,0.209,
2.163,0.3464,0.1111,0.08943,0.06563,0.1191,0.06465,0.01273,0.03204,0.04406,0.04359,0.2087,0.209,
2.159,0.3621,0.1109,0.08925,0.06389,0.1178,0.06384,0.03151,0.013,0.04407,0.0436,0.2098,0.2123,
2.172,0.3558,0.1139,0.08905,0.06402,0.1177,0.0643,0.03095,0.01299,0.04403,0.05141,0.2027,0.2089,
2.173,0.3628,0.113,0.0892,0.06412,0.1173,0.0644,0.03101,0.01378,0.04332,0.05149,0.2031,0.2093,
2.172,0.3759,0.1113,0.08932,0.06414,0.1182,0.06436,0.03099,0.01377,0.04418,0.05058,0.204,0.2092,
2.172,0.3697,0.1113,0.08921,0.06431,0.1182,0.06463,0.03072,0.01377,0.04515,0.04962,0.204,0.2092,
2.172,0.3643,0.11,0.08913,0.06443,0.1188,0.0646,0.03069,0.01375,0.04741,0.04729,0.2049,0.209,
2.17,0.404,0.1083,0.08907,0.06446,0.1201,0.06387,0.03066,0.01374,0.04736,0.04724,0.2057,0.2095,
2.169,0.4023,0.1076,0.08908,0.06446,0.1199,0.0632,0.03066,0.01374,0.04788,0.0467,0.2067,0.2101,
2.183,0.4096,0.1121,0.08854,0.06453,0.1195,0.06301,0.03056,0.01369,0.04773,0.05552,0.2002,0.2046,
2.182,0.401,0.1106,0.089,0.06466,0.1202,0.06303,0.03091,0.01336,0.04774,0.05554,0.2003,0.2047,
2.181,0.387,0.1103,0.08884,0.06462,0.1199,0.06291,0.03084,0.01333,0.04857,0.05451,0.2019,0.2043,
2.181,0.376,0.1103,0.0888,0.06466,0.1199,0.06291,0.03084,0.01333,0.04857,0.05451,0.2019,0.2043,
2.181,0.3831,0.1103,0.08882,0.06474,0.1196,0.06292,0.03086,0.01333,0.05661,0.0465,0.202,0.2044,
2.182,0.3851,0.1101,0.08868,0.06478,0.1195,0.06286,0.03082,0.01414,0.05573,0.04645,0.2028,0.2042,
2.18,0.3935,0.11,0.08855,0.06475,0.1193,0.06266,0.03027,0.01413,0.05568,0.04641,0.2036,0.2046,
2.19,0.3967,0.1097,0.08839,0.06493,0.1192,0.0626,0.03024,0.02557,0.04504,0.04549,0.2044,0.2044,
2.19,0.3822,0.1095,0.08838,0.06519,0.1189,0.06197,0.03025,0.02557,0.04651,0.04405,0.2045,0.2052,
2.187,0.3632,0.1091,0.08827,0.06526,0.1183,0.06078,0.0302,0.02605,0.04591,0.04397,0.2062,0.2059,
2.187,0.3433,0.109,0.08816,0.06533,0.1182,0.06081,0.03021,0.02606,0.04593,0.04399,0.2063,0.206,
2.185,0.3467,0.1061,0.08841,0.06542,0.1205,0.05931,0.03022,0.02607,0.04595,0.04401,0.2064,0.2076,
2.185,0.3506,0.1053,0.08924,0.06551,0.1202,0.05985,0.02971,0.02608,0.04596,0.04402,0.2065,0.2077,
2.183,0.3758,0.1048,0.08952,0.06414,0.1202,0.05985,0.02971,0.02608,0.04596,0.04402,0.2065,0.2092,
2.179,0.3492,0.1037,0.08979,0.06434,0.1203,0.05693,0.02961,0.02595,0.046,0.04405,0.2067,0.2127,
2.179,0.3515,0.1035,0.08994,0.06445,0.12,0.05696,0.02962,0.02595,0.04601,0.04406,0.2067,0.2128,
2.178,0.353,0.1033,0.08995,0.06459,0.12,0.05587,0.02962,0.02647,0.04549,0.04406,0.2067,0.2138,
2.176,0.3527,0.1058,0.08989,0.06457,0.1199,0.05319,0.02959,0.02645,0.04544,0.04402,0.2076,0.2136,
2.175,0.3714,0.1042,0.0904,0.06472,0.1206,0.05321,0.0296,0.02645,0.05006,0.03944,0.2077,0.2137,
2.175,0.361,0.1039,0.09044,0.06481,0.1202,0.05323,0.02963,0.02648,0.0501,0.03947,0.2078,0.2139,
2.174,0.3539,0.1038,0.09068,0.06493,0.1193,0.05259,0.02966,0.02651,0.05166,0.03799,0.2081,0.2148,
2.174,0.3372,0.1037,0.09096,0.06502,0.1183,0.05266,0.03022,0.02601,0.05171,0.03804,0.2084,0.2151,
2.176,0.3392,0.1037,0.09092,0.0652,0.1175,0.05271,0.03025,0.02937,0.04895,0.03754,0.2086,0.2153,
2.176,0.344,0.1031,0.09087,0.06541,0.1169,0.0528,0.0303,0.02941,0.04903,0.03761,0.2089,0.2157,
2.176,0.3431,0.103,0.09098,0.06553,0.1162,0.05284,0.03032,0.02944,0.04907,0.03764,0.2091,0.2158,
2.176,0.3496,0.1029,0.09102,0.06564,0.1162,0.05284,0.03085,0.02891,0.04907,0.03764,0.2091,0.2158,
2.175,0.3556,0.1029,0.09105,0.06574,0.1158,0.05349,0.03023,0.02892,0.04909,0.03765,0.2092,0.2159,
2.184,0.3413,0.1076,0.09125,0.06564,0.1161,0.05338,0.03069,0.02833,0.04995,0.0399,0.2076,0.2096,
2.184,0.3456,0.1072,0.09152,0.06572,0.1161,0.05338,0.03069,0.02979,0.0495,0.0389,0.2076,0.2096,
2.184,0.3504,0.107,0.09174,0.06578,0.1161,0.05338,0.03069,0.03022,0.04907,0.0389,0.2076,0.2096,
2.185,0.3447,0.1088,0.09158,0.06583,0.116,0.05333,0.03066,0.03018,0.04902,0.03886,0.2084,0.2074,
2.183,0.3559,0.1087,0.0912,0.06631,0.116,0.05333,0.03066,0.03018,0.05511,0.03277,0.2084,0.2074,
2.19,0.3685,0.1086,0.0905,0.06652,0.1159,0.0533,0.03064,0.03017,0.05508,0.03691,0.2051,0.2072,
2.19,0.365,0.1021,0.09016,0.06577,0.1207,0.0533,0.03065,0.04607,0.04014,0.03594,0.2072,0.2079,
2.19,0.3651,0.1021,0.08994,0.06599,0.1207,0.05264,0.03065,0.04607,0.04014,0.03594,0.2072,0.2086,
2.188,0.3725,0.1021,0.08996,0.06612,0.1203,0.05157,0.03066,0.04609,0.04015,0.03596,0.2073,0.2098,
2.203,0.3836,0.1032,0.09018,0.06603,0.1201,0.05146,0.03059,0.04599,0.04181,0.04317,0.1999,0.2075,
2.201,0.3456,0.1028,0.09005,0.0662,0.1191,0.0507,0.03043,0.04601,0.0418,0.04313,0.2004,0.2094,
2.197,0.3558,0.1032,0.09032,0.06631,0.1192,0.04763,0.03043,0.04601,0.04179,0.04313,0.2013,0.2106,
2.198,0.3565,0.1054,0.09016,0.06631,0.119,0.04753,0.03037,0.04591,0.04171,0.04304,0.203,0.2076,
2.196,0.3524,0.1053,0.09029,0.06635,0.119,0.04611,0.03037,0.04591,0.04171,0.04304,0.203,0.209,
2.198,0.3477,0.1091,0.09005,0.06676,0.1185,0.04663,0.02984,0.0459,0.0417,0.04303,0.2039,0.2045,
2.198,0.3549,0.1091,0.09008,0.06682,0.118,0.04667,0.02987,0.04594,0.04486,0.03994,0.2041,0.2046,
2.197,0.3255,0.1088,0.09008,0.06697,0.1175,0.04664,0.02984,0.04668,0.04406,0.03992,0.205,0.2045,
2.197,0.329,0.1086,0.09018,0.06702,0.1175,0.04664,0.02984,0.04716,0.0441,0.03939,0.205,0.2045,
2.195,0.3271,0.1078,0.09018,0.067,0.1171,0.0465,0.02975,0.04702,0.04397,0.03927,0.2075,0.2039,
2.208,0.3206,0.1062,0.08992,0.06723,0.1181,0.04647,0.02973,0.04699,0.04394,0.04801,0.1996,0.2038,
2.207,0.3235,0.1056,0.08948,0.06738,0.118,0.0464,0.02969,0.04691,0.04387,0.04793,0.2013,0.2034,
2.207,0.3337,0.1052,0.08954,0.06755,0.1174,0.04645,0.03045,0.04624,0.04392,0.04799,0.2016,0.2037,
2.208,0.3354,0.1046,0.09008,0.06769,0.117,0.04647,0.03046,0.04626,0.04394,0.04801,0.2017,0.2038,
2.206,0.3386,0.1046,0.08993,0.06791,0.117,0.04538,0.03046,0.04626,0.04704,0.04491,0.2017,0.2049,
2.204,0.3423,0.1046,0.08979,0.06805,0.117,0.04429,0.03046,0.04705,0.04755,0.04361,0.2017,0.206,
2.204,0.3534,0.1042,0.08959,0.06815,0.1166,0.04428,0.03079,0.0474,0.04684,0.0436,0.2026,0.2059,
2.203,0.3481,0.1039,0.0893,0.06819,0.1164,0.04419,0.03073,0.04731,0.04761,0.04264,0.2043,0.2055,
2.199,0.35,0.1011,0.08926,0.06816,0.1188,0.04219,0.03069,0.04726,0.04757,0.0426,0.2051,0.2073,
2.198,0.3307,0.09812,0.08896,0.06831,0.1213,0.04217,0.03181,0.0461,0.04806,0.04205,0.206,0.2072,
2.189,0.3633,0.09709,0.089,0.0686,0.1212,0.04222,0.05796,0.02004,0.04916,0.04106,0.2062,0.2074,
2.189,0.3609,0.09709,0.08898,0.06863,0.1212,0.04157,0.05796,0.02045,0.04874,0.04106,0.2062,0.2081,
2.191,0.3624,0.0983,0.08914,0.06861,0.1219,0.04154,0.05792,0.02113,0.04801,0.04103,0.2071,0.2053,
2.191,0.3544,0.09836,0.08892,0.06893,0.1212,0.04158,0.05797,0.02244,0.04763,0.0402,0.2073,0.2055,
2.204,0.3418,0.09813,0.08891,0.06901,0.1204,0.04021,0.0579,0.02235,0.04752,0.05033,0.1981,0.2072,
2.204,0.3491,0.09543,0.08867,0.06907,0.1231,0.04021,0.05844,0.02398,0.04536,0.05034,0.1981,0.2072,
2.203,0.3514,0.09446,0.0886,0.06923,0.1228,0.04023,0.05846,0.02399,0.04538,0.05036,0.1992,0.2073,
2.203,0.3578,0.09424,0.08873,0.06931,0.1228,0.04023,0.05846,0.02399,0.04538,0.05036,0.1992,0.2073,
2.203,0.3603,0.09666,0.08828,0.06939,0.1224,0.0391,0.05839,0.02532,0.04397,0.0503,0.201,0.2052,
2.203,0.3633,0.09619,0.08853,0.06944,0.1219,0.03907,0.05835,0.0253,0.04394,0.05027,0.2019,0.2051,
2.202,0.3766,0.09579,0.08842,0.06957,0.1211,0.03908,0.05837,0.04426,0.025,0.05029,0.2029,0.2052,
2.202,0.3724,0.09569,0.0884,0.06969,0.1211,0.03908,0.05837,0.04426,0.025,0.05029,0.2029,0.2052,
2.199,0.3757,0.09535,0.08866,0.06985,0.1208,0.03747,0.05839,0.04427,0.025,0.05031,0.203,0.2069,
2.199,0.3763,0.09541,0.08864,0.06914,0.1201,0.0375,0.05844,0.04431,0.02503,0.05035,0.2032,0.2079,
2.199,0.3896,0.09784,0.08841,0.06918,0.1191,0.03745,0.05837,0.04426,0.025,0.05029,0.205,0.2051,
2.203,0.3842,0.09766,0.08857,0.06921,0.1191,0.05772,0.03844,0.04393,0.03069,0.0446,0.205,0.2051,
2.203,0.3865,0.09738,0.08871,0.06935,0.1191,0.05824,0.03792,0.04393,0.03069,0.0446,0.205,0.2051,
2.201,0.3846,0.09739,0.08879,0.06944,0.1184,0.05677,0.03795,0.04396,0.03071,0.04464,0.2052,0.2068,
2.201,0.3816,0.09737,0.08885,0.06953,0.1177,0.05681,0.03798,0.04399,0.03162,0.04379,0.2053,0.207,
2.201,0.3833,0.09737,0.08882,0.06956,0.1177,0.05681,0.03798,0.04441,0.0312,0.04379,0.2053,0.207,
2.2,0.3842,0.09706,0.08893,0.06961,0.1172,0.05678,0.03857,0.04377,0.03118,0.04376,0.2062,0.2069,
2.209,0.3903,0.095,0.0887,0.06961,0.1184,0.05669,0.03923,0.04298,0.0362,0.04428,0.2023,0.2066,
2.209,0.3895,0.09382,0.08873,0.06967,0.1195,0.05669,0.03923,0.04298,0.0362,0.04428,0.2023,0.2066,
2.206,0.3925,0.09385,0.08872,0.06974,0.1192,0.05606,0.03924,0.04783,0.03138,0.0443,0.2024,0.2073,
2.201,0.4043,0.09271,0.08861,0.0682,0.1203,0.05404,0.03897,0.04783,0.03138,0.0443,0.2024,0.2113,
2.202,0.4067,0.09449,0.08862,0.06813,0.1202,0.05399,0.03935,0.04827,0.03044,0.04425,0.2032,0.2091,
2.202,0.4072,0.09405,0.08896,0.06823,0.1202,0.05451,0.03883,0.04827,0.03302,0.04168,0.2032,0.2091,
2.202,0.4118,0.09731,0.08878,0.06839,0.1194,0.05225,0.03884,0.04828,0.03478,0.03994,0.2043,0.2077,
2.204,0.4151,0.101,0.08861,0.06863,0.1186,0.05161,0.03937,0.04778,0.03627,0.03847,0.2054,0.2043,
2.204,0.4079,0.09981,0.08856,0.0688,0.1197,0.05161,0.03937,0.04778,0.03837,0.03637,0.2054,0.2043,
2.204,0.4106,0.09975,0.0884,0.06903,0.1197,0.05161,0.03937,0.04778,0.03837,0.03637,0.2054,0.2043,
2.204,0.4121,0.09925,0.08828,0.06942,0.1194,0.05165,0.0394,0.04781,0.03884,0.03596,0.2055,0.2045,
2.204,0.4111,0.09929,0.08829,0.06947,0.119,0.05219,0.03889,0.04783,0.03885,0.03597,0.2056,0.2046,
2.199,0.4087,0.0991,0.08823,0.06946,0.1189,0.04953,0.03885,0.04778,0.03881,0.03593,0.2064,0.207,
2.199,0.4092,0.09875,0.08819,0.06959,0.1186,0.04958,0.03889,0.04824,0.0393,0.0351,0.2066,0.2071,
2.193,0.4039,0.1014,0.08806,0.06979,0.1178,0.07081,0.01698,0.04823,0.03929,0.04134,0.2014,0.2049,
2.193,0.4072,0.1014,0.08816,0.06986,0.1171,0.07087,0.017,0.04827,0.04072,0.03998,0.2015,0.2051,
2.192,0.4038,0.1012,0.08808,0.0699,0.1168,0.07092,0.01756,0.05257,0.03703,0.03888,0.2017,0.2053,
2.193,0.4135,0.101,0.08817,0.07009,0.1165,0.07121,0.01797,0.05193,0.03704,0.03889,0.2018,0.2054,
2.189,0.386,0.1008,0.08818,0.07027,0.1165,0.06912,0.01745,0.05193,0.03897,0.03696,0.2018,0.208,
2.189,0.3819,0.1007,0.08829,0.07031,0.1165,0.06912,0.01745,0.05245,0.03845,0.03696,0.2018,0.208,
2.187,0.3903,0.09726,0.08858,0.07045,0.1182,0.0692,0.0169,0.05255,0.03853,0.03703,0.2022,0.2091,
2.187,0.3893,0.09704,0.08853,0.07073,0.1182,0.0692,0.0169,0.05255,0.03853,0.03703,0.2022,0.2091,
2.187,0.3906,0.09703,0.08846,0.07098,0.1175,0.06925,0.01691,0.0533,0.03784,0.03706,0.2024,0.2093,
2.187,0.3923,0.0981,0.08807,0.0712,0.1174,0.06853,0.01689,0.05325,0.03867,0.03616,0.2032,0.2085,
2.187,0.3925,0.09801,0.08809,0.07128,0.1174,0.06853,0.01689,0.05367,0.03825,0.03616,0.2032,0.2085,
2.184,0.3936,0.09817,0.08819,0.07144,0.1159,0.06602,0.01691,0.05376,0.03831,0.03622,0.2036,0.2115,
2.184,0.3991,0.09767,0.08807,0.07164,0.116,0.06605,0.01692,0.05378,0.03833,0.03624,0.2037,0.2116,
2.186,0.3911,0.1028,0.08789,0.07161,0.1153,0.06588,0.01688,0.05364,0.03822,0.03615,0.2062,0.2054,
2.184,0.3928,0.1026,0.08777,0.07162,0.1145,0.06638,0.01639,0.05418,0.03769,0.03615,0.2073,0.2055,
2.184,0.4003,0.1024,0.08794,0.07179,0.1141,0.06698,0.01582,0.0542,0.03858,0.03529,0.2074,0.2055,
2.183,0.4017,0.1004,0.08791,0.07199,0.1159,0.06698,0.01582,0.0542,0.03972,0.03416,0.2074,0.2055,
2.183,0.4017,0.1005,0.08787,0.07229,0.1148,0.06707,0.01583,0.05427,0.03976,0.0342,0.2076,0.2058,
2.182,0.4044,0.1003,0.08803,0.07233,0.1148,0.06555,0.01636,0.05374,0.04029,0.03367,0.2076,0.2073,
2.183,0.4099,0.1002,0.08819,0.07236,0.1144,0.06558,0.01731,0.05281,0.04031,0.03369,0.2077,0.2074,
2.183,0.4008,0.1001,0.08823,0.07245,0.1141,0.0661,0.01735,0.053,0.04016,0.03318,0.2078,0.2075,
2.183,0.4,0.09995,0.0882,0.0726,0.1132,0.06609,0.01788,0.05247,0.04015,0.03317,0.2088,0.2075,
2.182,0.4127,0.09956,0.0887,0.07295,0.1114,0.06624,0.01792,0.05258,0.0445,0.02898,0.2093,0.2079,
2.181,0.4036,0.09941,0.08871,0.0734,0.1102,0.06632,0.01827,0.05231,0.04636,0.02721,0.2096,0.2082,
2.179,0.3748,0.09932,0.08874,0.0737,0.1094,0.06797,0.0167,0.05236,0.04641,0.02723,0.2098,0.2084,
2.193,0.3699,0.09892,0.08843,0.07384,0.1083,0.06782,0.01666,0.05224,0.0463,0.03519,0.2043,0.2079,
2.19,0.3764,0.0938,0.08853,0.07404,0.1123,0.06602,0.01668,0.0523,0.04688,0.03471,0.2046,0.2101,
2.19,0.3842,0.09206,0.08901,0.07413,0.1132,0.06605,0.01721,0.05251,0.04708,0.03383,0.2047,0.2102,
2.191,0.3803,0.09419,0.08914,0.07418,0.1131,0.06598,0.01719,0.05316,0.04633,0.03379,0.2055,0.2074,
2.189,0.3847,0.09419,0.08902,0.07431,0.1131,0.06445,0.01719,0.05358,0.04591,0.03379,0.2055,0.2089,
2.188,0.3939,0.09403,0.08905,0.07455,0.1127,0.06395,0.01707,0.05361,0.04593,0.03381,0.2056,0.2097,
2.188,0.3888,0.09284,0.08911,0.07475,0.1136,0.06395,0.01707,0.05361,0.04593,0.03381,0.2056,0.2097,
2.187,0.444,0.09136,0.08904,0.07505,0.1146,0.0644,0.01699,0.05427,0.0455,0.03329,0.2057,0.2098,
2.189,0.4482,0.09371,0.08916,0.07513,0.1142,0.06436,0.01698,0.05515,0.04455,0.03327,0.2066,0.2069,
2.187,0.4482,0.09191,0.08896,0.07521,0.1145,0.06435,0.01697,0.05514,0.04551,0.0323,0.2076,0.2075,
2.186,0.4019,0.09173,0.08892,0.0752,0.1141,0.0643,0.01695,0.0551,0.04644,0.03131,0.2085,0.2074,
2.196,0.3914,0.08948,0.0889,0.07521,0.1155,0.06362,0.01693,0.05509,0.04642,0.03793,0.2029,0.208,
2.196,0.3706,0.08917,0.08899,0.07544,0.1155,0.06362,0.01745,0.05456,0.04694,0.03741,0.2029,0.208,
2.196,0.3668,0.08744,0.08911,0.07544,0.1171,0.06362,0.01745,0.05456,0.04694,0.03741,0.2029,0.208,
2.178,0.3708,0.08717,0.08906,0.07399,0.117,0.06405,0.01694,0.07842,0.02351,0.03684,0.2037,0.2093,
2.179,0.3655,0.08847,0.08882,0.07415,0.1162,0.0641,0.01695,0.07847,0.02352,0.03687,0.2049,0.2075,
2.177,0.366,0.08826,0.08887,0.07432,0.1162,0.06256,0.01695,0.07847,0.02352,0.03687,0.2049,0.2091,
2.175,0.3692,0.08803,0.08905,0.07323,0.1159,0.06193,0.01696,0.0785,0.02353,0.03688,0.205,0.211,
2.174,0.3765,0.0876,0.08904,0.07282,0.1158,0.0613,0.01696,0.07854,0.02442,0.03602,0.2051,0.2125,
2.176,0.3773,0.09068,0.08889,0.07293,0.1157,0.06124,0.01695,0.07846,0.0244,0.03598,0.2059,0.2089,
2.175,0.3795,0.09038,0.08902,0.0731,0.1157,0.06124,0.01695,0.07898,0.02387,0.03598,0.2059,0.2089,
2.173,0.4043,0.09032,0.08855,0.07345,0.1152,0.06162,0.01651,0.07977,0.02301,0.03596,0.2068,0.2088,
2.172,0.3494,0.09034,0.08816,0.07363,0.1146,0.06215,0.01608,0.08059,0.02232,0.03601,0.2071,0.2091,
2.171,0.3551,0.0902,0.08749,0.07395,0.1137,0.06228,0.01609,0.08076,0.02236,0.03608,0.2075,0.2095,
2.172,0.3497,0.09035,0.08755,0.07415,0.1122,0.06238,0.01612,0.08132,0.02463,0.03348,0.2079,0.2099,
2.172,0.3529,0.09,0.08755,0.07426,0.1119,0.06244,0.01613,0.08139,0.02465,0.03351,0.2081,0.2101,
2.171,0.345,0.08905,0.08762,0.07442,0.1109,0.06251,0.01615,0.08148,0.02521,0.03302,0.2093,0.2103,
2.17,0.3472,0.0896,0.08769,0.07463,0.1101,0.0622,0.01581,0.0815,0.02521,0.03303,0.2104,0.2098,
2.19,0.3699,0.08947,0.08775,0.07479,0.1097,0.06197,0.03622,0.06073,0.02522,0.03304,0.2105,0.2106,
2.196,0.371,0.09201,0.08757,0.07486,0.1095,0.06118,0.03615,0.0606,0.02517,0.03597,0.2092,0.2078,
2.195,0.3692,0.092,0.08753,0.07519,0.1084,0.06073,0.0364,0.06033,0.02519,0.03602,0.2095,0.2088,
2.195,0.3653,0.09204,0.08749,0.07529,0.108,0.06075,0.03641,0.06036,0.02519,0.03603,0.2096,0.2089,
2.195,0.3731,0.09169,0.08765,0.07521,0.1079,0.06069,0.03672,0.05995,0.02517,0.03599,0.2104,0.2087,
2.195,0.3695,0.09169,0.08765,0.07521,0.1079,0.06069,0.03672,0.05995,0.02517,0.03599,0.2104,0.2087,
2.192,0.3724,0.09147,0.08787,0.07533,0.1075,0.05864,0.0366,0.05998,0.02571,0.03548,0.2105,0.211,
2.223,0.3604,0.09422,0.08788,0.07544,0.1088,0.05916,0.03659,0.05986,0.0302,0.04697,0.1951,0.2058,
2.222,0.3564,0.09388,0.08792,0.07569,0.1081,0.05977,0.03611,0.06066,0.02952,0.04703,0.1953,0.206,
2.224,0.3598,0.09383,0.0877,0.07583,0.1076,0.06058,0.04468,0.05161,0.02908,0.04701,0.1962,0.2059,
2.224,0.3551,0.09308,0.0878,0.07599,0.1071,0.06058,0.04541,0.05087,0.02907,0.047,0.1972,0.2059,
2.223,0.3654,0.0929,0.08787,0.07619,0.1058,0.0606,0.04542,0.05089,0.02908,0.04702,0.1982,0.206,
2.222,0.3686,0.09253,0.08815,0.07477,0.1058,0.0606,0.04542,0.05089,0.02908,0.04702,0.1982,0.2075,
2.222,0.364,0.0924,0.08783,0.07497,0.1046,0.06055,0.04539,0.05084,0.03214,0.04388,0.2001,0.2073,
2.219,0.3655,0.0919,0.08757,0.07496,0.1044,0.06022,0.04585,0.04981,0.03209,0.04381,0.2018,0.2077,
2.208,0.37,0.09171,0.08747,0.07508,0.1039,0.06019,0.06995,0.02565,0.03208,0.04379,0.2027,0.2076,
2.206,0.3691,0.09132,0.08764,0.07517,0.1034,0.05905,0.06991,0.02564,0.03206,0.04376,0.2035,0.2085,
2.206,0.3717,0.08981,0.08752,0.07517,0.1046,0.05899,0.06984,0.02561,0.03361,0.04213,0.2044,0.2083,
2.206,0.3691,0.0898,0.08736,0.07543,0.1043,0.05901,0.0702,0.0258,0.03308,0.04215,0.2044,0.2084,
2.206,0.3688,0.08959,0.0874,0.07569,0.1039,0.05904,0.07023,0.02581,0.03309,0.04216,0.2045,0.2085,
2.205,0.3724,0.08928,0.08739,0.07587,0.1034,0.059,0.07019,0.0265,0.03236,0.04214,0.2054,0.2084,
2.205,0.3757,0.08922,0.0874,0.07591,0.1034,0.05953,0.07023,0.02594,0.03324,0.04126,0.2054,0.2084,
2.205,0.3774,0.0892,0.08729,0.07614,0.1031,0.05956,0.07059,0.02561,0.03491,0.03962,0.2055,0.2085,
2.204,0.378,0.08911,0.08718,0.07633,0.1031,0.05956,0.07117,0.02504,0.03615,0.03839,0.2055,0.2085,
2.204,0.3817,0.08602,0.08721,0.07643,0.1058,0.06011,0.07067,0.02504,0.03615,0.0384,0.2056,0.2086,
2.204,0.3866,0.08588,0.08695,0.0765,0.1058,0.06013,0.0707,0.02558,0.03669,0.03736,0.2057,0.2087,
2.204,0.3983,0.0848,0.08691,0.07667,0.1065,0.06016,0.07073,0.02636,0.04004,0.03327,0.2058,0.2088,
2.201,0.3987,0.08299,0.08726,0.07676,0.1063,0.05941,0.07132,0.02564,0.0401,0.03331,0.2061,0.2108,
2.201,0.4011,0.08283,0.08732,0.07698,0.1059,0.05944,0.07135,0.02565,0.04011,0.03333,0.2062,0.2109,
2.2,0.3963,0.08269,0.0873,0.07734,0.1052,0.05949,0.07199,0.02509,0.04015,0.03336,0.2063,0.2111,
2.2,0.3882,0.08266,0.08702,0.07764,0.1052,0.05949,0.07199,0.02509,0.04015,0.03336,0.2063,0.2111,
2.2,0.3929,0.08161,0.08806,0.07783,0.1044,0.05954,0.07205,0.02564,0.03965,0.03338,0.2065,0.2113,
2.2,0.3953,0.08145,0.08809,0.07797,0.1044,0.05954,0.07205,0.02564,0.04062,0.03241,0.2065,0.2113,
2.196,0.3976,0.08255,0.08789,0.07789,0.1043,0.05598,0.07193,0.02602,0.04013,0.03236,0.2083,0.2127,
2.195,0.406,0.08584,0.08839,0.07679,0.1041,0.05474,0.07136,0.02597,0.04005,0.03229,0.2099,0.2106,
2.214,0.3483,0.08706,0.08854,0.07679,0.1036,0.08017,0.04584,0.02594,0.04001,0.04494,0.1982,0.2089,
2.213,0.363,0.08635,0.08911,0.07692,0.1036,0.07907,0.04584,0.02647,0.03948,0.04494,0.1982,0.21,
2.212,0.3549,0.08571,0.08955,0.07696,0.1032,0.07903,0.04581,0.02645,0.03945,0.04491,0.199,0.2099,
2.21,0.3677,0.08556,0.08948,0.07719,0.1032,0.07711,0.04581,0.02645,0.03945,0.04491,0.199,0.2118,
2.212,0.36,0.08701,0.08952,0.07723,0.1027,0.07709,0.0458,0.02715,0.03874,0.0449,0.201,0.2089,
2.209,0.3511,0.08682,0.0894,0.07728,0.1026,0.07592,0.04686,0.02602,0.0387,0.04486,0.2018,0.2097,
2.208,0.3481,0.0865,0.08926,0.07741,0.1027,0.07485,0.04741,0.02551,0.03872,0.04488,0.2019,0.2109,
2.208,0.3521,0.09032,0.08916,0.07648,0.1018,0.07372,0.04697,0.02592,0.03828,0.04487,0.2029,0.2096,
2.205,0.3426,0.09034,0.08892,0.07678,0.1015,0.07257,0.04639,0.02584,0.03818,0.04475,0.203,0.2118,
2.205,0.3515,0.09003,0.08912,0.07689,0.1015,0.07191,0.04639,0.02662,0.03901,0.04314,0.203,0.2124,
2.203,0.3485,0.09003,0.08882,0.07509,0.1015,0.07191,0.04639,0.02662,0.04029,0.04185,0.203,0.2145,
2.202,0.3501,0.09097,0.08864,0.07376,0.1012,0.07186,0.04636,0.02661,0.04027,0.04183,0.2038,0.2146,
2.199,0.3457,0.09105,0.08857,0.07395,0.1005,0.0693,0.0464,0.02662,0.04149,0.04067,0.204,0.2174,
2.2,0.3558,0.09308,0.08841,0.07422,0.09961,0.06929,0.04639,0.02662,0.04148,0.04066,0.205,0.2152,
2.198,0.3516,0.09299,0.08839,0.07441,0.09925,0.0683,0.04588,0.02663,0.04149,0.04068,0.2051,0.2169,
2.198,0.3577,0.09278,0.08848,0.07464,0.09887,0.0686,0.04563,0.02664,0.04204,0.04017,0.2052,0.217,
2.195,0.3612,0.091,0.0881,0.07482,0.1006,0.06684,0.04653,0.02627,0.04151,0.04017,0.2052,0.219,
2.194,0.3722,0.09241,0.08806,0.07322,0.1005,0.06677,0.04648,0.02625,0.04273,0.03886,0.206,0.2187,
2.192,0.3721,0.09198,0.08781,0.07357,0.1005,0.06733,0.04597,0.02679,0.05045,0.03065,0.2061,0.2188,
2.16,0.3139,0.09252,0.08788,0.07358,0.1034,0.0932,0.01633,0.02642,0.05094,0.0301,0.207,0.2186,
2.161,0.3149,0.0934,0.08759,0.07384,0.103,0.09314,0.01632,0.02682,0.05048,0.03008,0.2079,0.2174,
2.161,0.3149,0.09324,0.08755,0.07404,0.103,0.09314,0.01632,0.02725,0.05006,0.03008,0.2079,0.2174,
2.161,0.3202,0.09254,0.08725,0.07444,0.103,0.09322,0.01633,0.02726,0.0501,0.0301,0.2081,0.2176,
2.162,0.3139,0.09471,0.08695,0.07454,0.103,0.09369,0.01579,0.02725,0.05007,0.03008,0.209,0.2149,
2.161,0.3105,0.09435,0.08699,0.0747,0.1023,0.09427,0.01535,0.02727,0.05012,0.03012,0.2093,0.2152,
2.161,0.3045,0.09438,0.08693,0.07481,0.102,0.09431,0.01569,0.02694,0.05013,0.03013,0.2094,0.2153,
2.159,0.3062,0.09405,0.08722,0.07485,0.102,0.09233,0.01569,0.02694,0.05013,0.03013,0.2094,0.2173,
2.159,0.3099,0.09307,0.08714,0.07515,0.1025,0.09237,0.01612,0.02653,0.05015,0.03014,0.2095,0.2174,
2.158,0.3144,0.09306,0.08711,0.07527,0.1021,0.09228,0.0156,0.02653,0.05016,0.03015,0.2096,0.2181,
2.157,0.3108,0.09285,0.08712,0.07536,0.102,0.09232,0.01561,0.02654,0.05195,0.0284,0.2097,0.2182,
2.157,0.3113,0.09266,0.08712,0.07554,0.102,0.09232,0.01561,0.02654,0.05195,0.0284,0.2097,0.2182,
2.175,0.3057,0.09747,0.08705,0.07438,0.101,0.09221,0.01621,0.02588,0.05188,0.03714,0.2027,0.2141,
2.173,0.3103,0.09569,0.0877,0.07331,0.1014,0.09228,0.01622,0.0259,0.05244,0.03664,0.2029,0.2155,
2.173,0.3068,0.09397,0.08776,0.07371,0.1013,0.09248,0.01625,0.02595,0.05307,0.03619,0.2033,0.216,
2.174,0.2953,0.09741,0.08756,0.0739,0.1008,0.0929,0.01582,0.02594,0.05307,0.03618,0.2043,0.2121,
2.17,0.2937,0.09737,0.08694,0.07331,0.1005,0.08962,0.01583,0.02595,0.05308,0.0362,0.2044,0.2168,
2.169,0.2941,0.0974,0.08698,0.07334,0.1001,0.089,0.01584,0.02596,0.0531,0.03621,0.2045,0.2176,
2.169,0.2955,0.09597,0.08709,0.07341,0.1008,0.08841,0.01585,0.02598,0.05315,0.03625,0.2047,0.2184,
2.17,0.2987,0.09835,0.08709,0.07334,0.1007,0.08859,0.01556,0.02673,0.05364,0.03488,0.2055,0.2156,
2.168,0.3069,0.09689,0.08745,0.07337,0.1015,0.08908,0.01512,0.02674,0.05504,0.03351,0.2056,0.2157,
2.166,0.3295,0.09575,0.08755,0.07348,0.1021,0.08757,0.01513,0.02675,0.05612,0.03247,0.2057,0.2174,
2.164,0.3091,0.09462,0.08734,0.07381,0.1028,0.08747,0.0146,0.02676,0.05752,0.03111,0.2058,0.2181,
2.163,0.3142,0.0945,0.08738,0.0739,0.1028,0.08681,0.0146,0.02676,0.05752,0.03111,0.2058,0.2188,
2.163,0.3162,0.09409,0.0873,0.07404,0.1029,0.08685,0.01461,0.02677,0.05754,0.03113,0.2059,0.2189,
2.162,0.3172,0.09324,0.08733,0.0743,0.1026,0.08749,0.01409,0.0268,0.05761,0.03116,0.2061,0.2192,
2.162,0.3145,0.09404,0.08745,0.07428,0.1025,0.08674,0.01461,0.02624,0.05755,0.03113,0.2069,0.2185,
2.149,0.3233,0.09312,0.08743,0.07431,0.1035,0.0905,0.01018,0.02624,0.06226,0.02642,0.2069,0.2191,
2.148,0.3276,0.09454,0.08744,0.07435,0.103,0.08939,0.009902,0.02622,0.06222,0.0264,0.2079,0.2187,
2.148,0.3167,0.09439,0.08759,0.07457,0.1022,0.08947,0.01025,0.0259,0.06227,0.02643,0.208,0.2189,
2.15,0.3485,0.09413,0.08788,0.07462,0.1019,0.09075,0.02272,0.01324,0.06126,0.02644,0.2081,0.219,
2.149,0.3271,0.09303,0.08803,0.07368,0.1026,0.09075,0.02272,0.01324,0.06126,0.02644,0.2081,0.2201,
2.147,0.325,0.09301,0.08802,0.07382,0.1022,0.09062,0.02223,0.01325,0.06128,0.02645,0.2082,0.2209,
2.149,0.3252,0.09305,0.08796,0.07395,0.1049,0.0899,0.02221,0.01323,0.06124,0.02643,0.2091,0.218,
2.15,0.3284,0.095,0.08742,0.07402,0.1049,0.08985,0.0222,0.01365,0.06078,0.02641,0.2101,0.2157,
2.151,0.3216,0.09675,0.08745,0.07403,0.1048,0.08979,0.02219,0.01364,0.0618,0.02534,0.211,0.2132,
2.172,0.3582,0.1003,0.08751,0.07404,0.1047,0.08908,0.02217,0.01363,0.06176,0.03542,0.2018,0.2095,
2.17,0.3577,0.0997,0.08722,0.07435,0.1047,0.08925,0.02128,0.01405,0.06225,0.03445,0.2027,0.2101,
2.168,0.3338,0.09886,0.087,0.07455,0.1038,0.08866,0.021,0.01406,0.0624,0.03452,0.2033,0.2118,
2.167,0.3241,0.1002,0.08659,0.07456,0.1036,0.08731,0.02092,0.01403,0.06231,0.03446,0.2051,0.2109,
2.164,0.3139,0.09978,0.08646,0.07464,0.1032,0.086,0.02061,0.01402,0.06229,0.03445,0.2061,0.2124,
2.164,0.345,0.1026,0.08695,0.07476,0.1028,0.08339,0.0206,0.01402,0.06229,0.03445,0.2071,0.211,
2.163,0.3541,0.1024,0.08711,0.0749,0.1024,0.08209,0.02061,0.01403,0.06231,0.03446,0.2072,0.2125,
2.165,0.3293,0.1079,0.0868,0.07471,0.102,0.08184,0.02055,0.01398,0.06212,0.03435,0.2097,0.2061,
2.165,0.333,0.1076,0.08678,0.07499,0.1008,0.0812,0.02055,0.01509,0.06103,0.03436,0.2108,0.2068,
2.167,0.3255,0.1072,0.08634,0.07497,0.1008,0.08052,0.02055,0.01509,0.06102,0.03622,0.21,0.2074,
2.166,0.3343,0.1045,0.08586,0.0746,0.1031,0.07993,0.0211,0.01457,0.06108,0.03625,0.2101,0.2089,
2.169,0.3229,0.1038,0.08573,0.07467,0.1025,0.07862,0.02107,0.01455,0.061,0.03943,0.2088,0.2099,
2.168,0.3169,0.1038,0.08522,0.07497,0.1021,0.07869,0.02109,0.01457,0.06159,0.03893,0.2089,0.2101,
2.168,0.3154,0.1035,0.08553,0.07499,0.1021,0.07869,0.02109,0.01457,0.06159,0.03893,0.2089,0.2101,
2.166,0.3118,0.1026,0.08548,0.07517,0.1023,0.07764,0.02084,0.01457,0.06163,0.03896,0.2091,0.2116,
2.168,0.311,0.1056,0.08561,0.07523,0.1015,0.07763,0.02083,0.01457,0.06162,0.03896,0.2101,0.2083,
2.165,0.3097,0.1052,0.08523,0.07537,0.1016,0.07438,0.02119,0.01467,0.06125,0.03899,0.2103,0.2118,
2.169,0.3138,0.1061,0.086,0.07383,0.1015,0.07367,0.02118,0.01466,0.06121,0.04228,0.2079,0.2116,
2.167,0.3173,0.106,0.08611,0.07387,0.1015,0.0719,0.02118,0.01466,0.06245,0.04105,0.2079,0.2134,
2.167,0.3269,0.1102,0.08588,0.07405,0.1011,0.07189,0.02117,0.01465,0.06701,0.03646,0.2089,0.2087,
2.166,0.3363,0.11,0.08605,0.07414,0.1011,0.07123,0.02117,0.01465,0.06798,0.03549,0.2089,0.2093,
2.164,0.3358,0.1091,0.08589,0.07434,0.1007,0.06991,0.02118,0.01465,0.068,0.0355,0.21,0.2107,
2.161,0.3362,0.1118,0.0857,0.07273,0.1005,0.06829,0.02116,0.01464,0.06793,0.03546,0.2109,0.2109,
2.159,0.3379,0.1119,0.0857,0.07287,0.09979,0.06777,0.02064,0.01464,0.06798,0.03549,0.2111,0.2122,
2.159,0.3402,0.1119,0.08568,0.07312,0.09899,0.06717,0.02066,0.01519,0.06751,0.03552,0.2112,0.213,
2.158,0.3431,0.1118,0.08572,0.07217,0.09859,0.06719,0.02067,0.0152,0.06754,0.03554,0.2113,0.2143,
2.175,0.3317,0.1118,0.08616,0.07114,0.09812,0.06714,0.02065,0.01518,0.06748,0.04696,0.2018,0.2136,
2.175,0.3222,0.1154,0.08642,0.07137,0.09823,0.06434,0.02068,0.0152,0.06756,0.04702,0.203,0.2107,
2.175,0.3204,0.1153,0.08621,0.07159,0.09739,0.06434,0.02067,0.01519,0.06755,0.04701,0.204,0.2107,
2.173,0.3342,0.115,0.08585,0.07173,0.0971,0.06442,0.02232,0.0136,0.06877,0.04595,0.2043,0.2109,
2.172,0.3397,0.1146,0.08606,0.07181,0.09639,0.06317,0.02235,0.01361,0.06886,0.04601,0.2046,0.2126,
2.172,0.3307,0.1131,0.08565,0.07174,0.09924,0.06307,0.02233,0.0136,0.06881,0.04598,0.2065,0.21,
2.172,0.3389,0.1129,0.08552,0.07177,0.09914,0.06301,0.02231,0.01359,0.06874,0.04593,0.2073,0.2098,
2.172,0.3254,0.1128,0.08536,0.07204,0.09914,0.06301,0.02231,0.01359,0.06874,0.04593,0.2073,0.2098,
2.17,0.3253,0.1126,0.08504,0.0724,0.09836,0.063,0.0223,0.01357,0.06995,0.04468,0.2083,0.2098,
2.171,0.3238,0.1121,0.08516,0.07256,0.09805,0.06239,0.02232,0.01435,0.06925,0.04472,0.2085,0.2106,
2.189,0.3596,0.1118,0.08526,0.07281,0.09678,0.0624,0.02233,0.03839,0.04523,0.04473,0.2096,0.2107,
2.189,0.3615,0.1116,0.08521,0.07279,0.09668,0.06234,0.02231,0.03835,0.04518,0.04468,0.2104,0.2105,
2.188,0.3674,0.1101,0.08444,0.0732,0.09791,0.06173,0.02267,0.03805,0.04731,0.04264,0.2106,0.2113,
2.187,0.3637,0.1097,0.08425,0.07327,0.09785,0.06169,0.02265,0.03802,0.04728,0.04261,0.2115,0.2112,
2.195,0.3624,0.1092,0.08454,0.07325,0.09736,0.06165,0.02264,0.03968,0.04646,0.0467,0.2074,0.211,
2.195,0.3651,0.1091,0.08479,0.0734,0.09623,0.06173,0.02267,0.0414,0.04582,0.04579,0.2077,0.2113,
2.195,0.3629,0.1092,0.08473,0.0736,0.09542,0.06179,0.02269,0.04144,0.04586,0.04583,0.2079,0.2115,
2.176,0.4018,0.1092,0.08477,0.07375,0.09502,0.07486,0.009657,0.04146,0.04588,0.04585,0.208,0.2116,
2.176,0.3737,0.1091,0.08469,0.07387,0.09502,0.07486,0.009657,0.04146,0.04588,0.04585,0.208,0.2116,
2.173,0.3813,0.109,0.08443,0.07401,0.09492,0.07278,0.009647,0.04141,0.04583,0.0458,0.2088,0.2134,
2.17,0.3831,0.1088,0.08451,0.0742,0.09456,0.07131,0.009376,0.04142,0.04584,0.04582,0.2089,0.2153,
2.17,0.3818,0.1087,0.08441,0.07441,0.09456,0.07131,0.009376,0.04142,0.04709,0.04457,0.2089,0.2153,
2.171,0.3965,0.1079,0.08429,0.07444,0.09552,0.07126,0.009371,0.04229,0.0467,0.04401,0.2098,0.2144,
2.17,0.4008,0.1093,0.08413,0.07485,0.09469,0.07125,0.009367,0.04227,0.05089,0.0398,0.2109,0.2126,
2.17,0.409,0.1091,0.08431,0.07502,0.09433,0.07128,0.009369,0.04229,0.0509,0.03982,0.2109,0.2127,
2.166,0.423,0.1083,0.08493,0.0735,0.09393,0.06909,0.009374,0.04231,0.05092,0.03984,0.211,0.2167,
2.167,0.4127,0.1113,0.08497,0.07355,0.0929,0.06911,0.009376,0.04232,0.0538,0.03698,0.2122,0.2135,
2.162,0.4241,0.1087,0.08532,0.07358,0.09487,0.06914,0.00938,0.06471,0.03299,0.03546,0.2122,0.2136,
2.161,0.4359,0.1085,0.08533,0.07377,0.09375,0.06859,0.009395,0.06481,0.03304,0.03552,0.2126,0.2147,
2.167,0.4314,0.1103,0.08522,0.07395,0.09284,0.06858,0.009394,0.0648,0.03304,0.03854,0.2106,0.2127,
2.166,0.437,0.1097,0.08469,0.07423,0.09259,0.06803,0.00941,0.06492,0.0331,0.0386,0.211,0.2137,
2.161,0.4408,0.1108,0.08468,0.07415,0.09249,0.0635,0.0094,0.06485,0.03306,0.03856,0.2118,0.2167,
2.185,0.4303,0.1143,0.08433,0.07433,0.09192,0.06288,0.009835,0.06447,0.03433,0.05222,0.1982,0.2132,
2.186,0.431,0.1168,0.08451,0.07442,0.0913,0.06223,0.009839,0.06449,0.03435,0.05224,0.1992,0.2106,
2.185,0.4396,0.1159,0.08509,0.07456,0.09093,0.06117,0.009848,0.06455,0.03438,0.05228,0.1994,0.2119,
2.183,0.436,0.1144,0.08544,0.07485,0.09071,0.06016,0.009863,0.06466,0.03443,0.05237,0.1998,0.2134,
2.182,0.4396,0.1141,0.08554,0.07487,0.09026,0.05945,0.009855,0.06504,0.03397,0.05234,0.2007,0.2139,
2.183,0.4313,0.1148,0.08563,0.07495,0.0912,0.05939,0.009845,0.06498,0.03394,0.05229,0.2015,0.2115,
2.184,0.4337,0.114,0.08568,0.07503,0.09128,0.05945,0.009854,0.06504,0.03728,0.04903,0.2016,0.2117,
2.181,0.4292,0.1138,0.08577,0.07507,0.09033,0.05754,0.00987,0.06515,0.03782,0.04856,0.202,0.2141,
2.197,0.5039,0.1138,0.08579,0.07534,0.08914,0.05649,0.0514,0.02372,0.03787,0.04863,0.2023,0.2155,
2.196,0.4725,0.1151,0.08519,0.07524,0.09038,0.05504,0.05134,0.02368,0.0389,0.04743,0.2041,0.2137,
2.196,0.4583,0.1148,0.08434,0.07537,0.0905,0.05512,0.05175,0.02337,0.03949,0.04695,0.2043,0.214,
2.196,0.4607,0.1147,0.08431,0.0755,0.0905,0.05512,0.05175,0.02337,0.04084,0.04561,0.2043,0.214,
2.196,0.4724,0.1147,0.08433,0.07559,0.09014,0.05514,0.05177,0.02438,0.03984,0.04563,0.2044,0.214,
2.196,0.4752,0.1147,0.08434,0.07571,0.08973,0.05517,0.05179,0.02439,0.03986,0.04565,0.2045,0.2141,
2.197,0.4593,0.1098,0.08435,0.07576,0.09621,0.05444,0.05228,0.02383,0.03982,0.0456,0.2053,0.2126,
2.194,0.4619,0.1098,0.08442,0.07587,0.09543,0.05274,0.053,0.02374,0.03906,0.04564,0.2055,0.2147,
2.192,0.4618,0.1095,0.08474,0.0761,0.0947,0.05167,0.05305,0.02376,0.03909,0.04568,0.2057,0.2161,
2.193,0.4674,0.1098,0.08494,0.07612,0.09521,0.05168,0.05306,0.02376,0.04081,0.04399,0.2068,0.2138,
2.193,0.4726,0.1095,0.08512,0.07553,0.09521,0.05196,0.05279,0.02376,0.04471,0.04009,0.2068,0.2145,
2.192,0.5067,0.1095,0.08497,0.07565,0.09451,0.05203,0.05286,0.0238,0.04469,0.04013,0.2071,0.2148,
2.19,0.4994,0.1092,0.08439,0.07563,0.0944,0.05197,0.05333,0.02323,0.04513,0.03927,0.2089,0.2145,
2.189,0.4463,0.1074,0.08435,0.07558,0.09559,0.05248,0.05276,0.02322,0.04808,0.03626,0.2098,0.2144,
2.188,0.4126,0.1072,0.08431,0.07556,0.09549,0.05242,0.05271,0.02319,0.04974,0.03452,0.2107,0.2142,
2.188,0.4033,0.1071,0.08434,0.0757,0.09513,0.05352,0.05165,0.0232,0.04975,0.03453,0.2108,0.2143,
2.188,0.3972,0.107,0.0842,0.07566,0.09503,0.05346,0.0516,0.02371,0.04916,0.0345,0.2116,0.2141,
2.19,0.4193,0.1051,0.0843,0.07571,0.09684,0.05215,0.0516,0.03346,0.03942,0.0345,0.2116,0.2154,
2.189,0.3909,0.1052,0.08458,0.07576,0.0972,0.0508,0.05157,0.03344,0.03939,0.03448,0.2125,0.215,
2.188,0.4028,0.11,0.08446,0.07584,0.09677,0.04878,0.05154,0.03341,0.04058,0.03325,0.2134,0.212,
2.187,0.3975,0.1099,0.08439,0.07424,0.09677,0.04878,0.05154,0.03341,0.04058,0.03325,0.2134,0.2137,
2.187,0.4158,0.1094,0.08479,0.07439,0.09641,0.0488,0.05156,0.03343,0.0406,0.03326,0.2135,0.2138,
2.186,0.4144,0.1092,0.08494,0.0745,0.09641,0.0488,0.05156,0.03451,0.0425,0.03028,0.2135,0.2138,
2.185,0.3988,0.1059,0.08532,0.07465,0.09882,0.0475,0.05158,0.03452,0.04252,0.03029,0.2136,0.2152,
2.188,0.3963,0.108,0.0853,0.07446,0.09779,0.04608,0.052,0.03444,0.04188,0.03314,0.2134,0.2135,
2.184,0.4096,0.1075,0.08502,0.07474,0.09831,0.04733,0.05075,0.03444,0.05007,0.02495,0.2134,0.2135,
2.19,0.4206,0.107,0.08483,0.07477,0.09825,0.0473,0.05125,0.03388,0.05004,0.02839,0.2109,0.2134,
2.19,0.4083,0.106,0.08481,0.07494,0.09877,0.04732,0.05127,0.03389,0.05007,0.0284,0.211,0.2135,
2.169,0.4088,0.1055,0.08498,0.07501,0.09866,0.08039,0.0181,0.03386,0.05001,0.02837,0.2118,0.2133,
2.168,0.3669,0.1055,0.08472,0.07527,0.09866,0.07972,0.0181,0.03386,0.05001,0.02837,0.2118,0.2139,
2.182,0.3464,0.1087,0.08451,0.07514,0.09845,0.07557,0.0186,0.03325,0.04991,0.03702,0.2048,0.2141,
2.179,0.3474,0.1087,0.08438,0.07539,0.0981,0.07315,0.0186,0.03326,0.04992,0.03703,0.2049,0.2166,
2.181,0.3433,0.1124,0.08451,0.07546,0.09766,0.07314,0.0186,0.03326,0.04991,0.03703,0.2059,0.2121,
2.179,0.353,0.112,0.08431,0.0753,0.09702,0.07294,0.01855,0.03317,0.04978,0.03693,0.2084,0.2116,
2.179,0.355,0.1115,0.08443,0.07537,0.09706,0.07297,0.01856,0.03318,0.05067,0.03608,0.2085,0.2117,
2.179,0.3594,0.1113,0.08444,0.07533,0.0966,0.07293,0.01855,0.03358,0.05021,0.03605,0.2094,0.2115,
2.177,0.357,0.1112,0.0844,0.07547,0.09575,0.07181,0.01855,0.03482,0.05047,0.03453,0.2104,0.2126,
2.174,0.3499,0.1109,0.08428,0.07582,0.09575,0.06916,0.01855,0.03482,0.05047,0.03453,0.2104,0.2152,
2.174,0.3432,0.1109,0.08432,0.07595,0.09513,0.06923,0.01856,0.03485,0.05046,0.03455,0.2106,0.2154,
2.169,0.3416,0.1118,0.08428,0.07563,0.09429,0.06648,0.01847,0.03474,0.05085,0.03401,0.2116,0.2178,
2.17,0.3539,0.1092,0.0842,0.07576,0.09682,0.06648,0.01882,0.0344,0.05085,0.03401,0.2116,0.2178,
2.188,0.3437,0.114,0.08408,0.07371,0.09662,0.06634,0.01878,0.03433,0.05277,0.04282,0.2024,0.2141,
2.188,0.3447,0.1123,0.08407,0.07382,0.09823,0.06634,0.01878,0.03433,0.05277,0.04282,0.2024,0.2141,
2.189,0.3557,0.109,0.08399,0.07398,0.1012,0.06637,0.01932,0.03381,0.05279,0.04284,0.2025,0.2142,
2.188,0.3573,0.1086,0.08431,0.07402,0.1012,0.06637,0.01932,0.03381,0.05419,0.04144,0.2025,0.2142,
2.188,0.3765,0.1086,0.08417,0.07419,0.101,0.0664,0.01933,0.03383,0.0542,0.04146,0.2026,0.2143,
2.188,0.3601,0.1084,0.08408,0.07439,0.09969,0.06655,0.01937,0.0339,0.05426,0.04154,0.203,0.2148,
2.188,0.3595,0.1083,0.0842,0.0744,0.09935,0.06658,0.01938,0.03391,0.05482,0.04102,0.2031,0.2149,
2.187,0.3493,0.1119,0.08418,0.07444,0.09925,0.06434,0.01936,0.03388,0.05476,0.04098,0.2039,0.213,
2.187,0.3527,0.1118,0.08346,0.07462,0.09928,0.0644,0.01937,0.03444,0.05481,0.04048,0.2041,0.2132,
2.186,0.3627,0.1098,0.08356,0.07478,0.1002,0.06311,0.0194,0.03542,0.05391,0.04053,0.2044,0.2149,
2.186,0.3522,0.1098,0.08328,0.0749,0.09992,0.06316,0.01942,0.03544,0.05395,0.04056,0.2045,0.2151,
2.185,0.348,0.1098,0.0833,0.07508,0.09911,0.06376,0.0189,0.03547,0.054,0.0406,0.2047,0.2153,
2.185,0.3752,0.1088,0.08338,0.07529,0.09895,0.06384,0.01892,0.03552,0.05407,0.04065,0.205,0.2155,
2.185,0.349,0.1087,0.0828,0.07548,0.09894,0.0639,0.01928,0.03521,0.05537,0.03944,0.2052,0.2157,
2.185,0.3351,0.1083,0.08239,0.07562,0.09903,0.06396,0.0193,0.03524,0.05542,0.03947,0.2054,0.2159,
2.184,0.3425,0.1073,0.08251,0.07562,0.09932,0.06401,0.01932,0.03527,0.05601,0.03897,0.2056,0.2161,
2.184,0.3394,0.1072,0.08209,0.07586,0.09876,0.0641,0.01934,0.03531,0.05725,0.03785,0.2058,0.2164,
2.184,0.341,0.1064,0.08219,0.0759,0.09885,0.06415,0.01936,0.03661,0.056,0.03788,0.206,0.2166,
2.184,0.3535,0.1061,0.08207,0.07601,0.09889,0.06418,0.01937,0.03662,0.05602,0.0379,0.2061,0.2167,
2.183,0.3552,0.1059,0.08199,0.07643,0.09853,0.06421,0.01938,0.03664,0.05749,0.03647,0.2062,0.2168,
