entropy,entropyInd,RabA,RabB,RabC,RabD,RabE,RabF,RabG,RabH,RabI,xER,xPM,
2.178,0.3355,0.106,0.0907,0.0685,0.1252,0.05449,0.03938,0.03062,0.03407,0.03502,0.2066,0.2094,
2.177,0.3357,0.106,0.09074,0.06853,0.1248,0.054,0.03927,0.03047,0.03408,0.03504,0.2067,0.2103,
2.176,0.3379,0.1054,0.09078,0.06855,0.1245,0.05403,0.03928,0.03048,0.03409,0.03504,0.2068,0.211,
2.176,0.3591,0.1055,0.09082,0.06858,0.1241,0.05404,0.0393,0.03049,0.0341,0.03505,0.2069,0.2111,
2.174,0.3464,0.1051,0.0905,0.06859,0.1242,0.05285,0.03902,0.03052,0.03413,0.03508,0.2071,0.2129,
2.173,0.3391,0.1069,0.08996,0.06743,0.1241,0.0528,0.03898,0.03048,0.0341,0.03505,0.2079,0.2123,
2.173,0.3278,0.1069,0.09,0.06746,0.1237,0.05282,0.039,0.03049,0.03411,0.03506,0.208,0.2124,
2.172,0.3344,0.105,0.09004,0.06748,0.1233,0.05284,0.03902,0.03051,0.03412,0.03507,0.2081,0.2145,
2.169,0.3311,0.1065,0.08966,0.06726,0.1228,0.05114,0.03884,0.03047,0.03408,0.03502,0.2099,0.2143,
2.168,0.3277,0.1055,0.08966,0.06726,0.1228,0.05114,0.03884,0.03047,0.03408,0.03502,0.2099,0.2153,
2.167,0.3286,0.104,0.08966,0.06726,0.1228,0.05114,0.03884,0.03047,0.03408,0.03502,0.2099,0.2168,
2.166,0.3348,0.1026,0.08981,0.06737,0.1213,0.05122,0.0389,0.03051,0.03413,0.03507,0.2103,0.2188,
2.166,0.3369,0.1026,0.08977,0.06751,0.1199,0.05133,0.03898,0.03058,0.03421,0.03515,0.2108,0.2192,
2.165,0.3538,0.1026,0.08981,0.06754,0.1195,0.05093,0.0389,0.03046,0.03422,0.03516,0.2109,0.22,
2.174,0.3353,0.1059,0.08969,0.06745,0.1185,0.05086,0.03885,0.03042,0.03418,0.0397,0.2081,0.2163,
2.169,0.3361,0.106,0.08972,0.06748,0.1181,0.04757,0.03886,0.03043,0.03419,0.03971,0.2082,0.2197,
2.169,0.3316,0.106,0.08972,0.06748,0.1181,0.04757,0.03886,0.03043,0.03419,0.03971,0.2082,0.2197,
2.165,0.3369,0.1079,0.0897,0.06747,0.1177,0.04447,0.03886,0.03042,0.03419,0.03971,0.2092,0.2204,
2.166,0.3315,0.1097,0.08972,0.06747,0.1169,0.04447,0.03886,0.03042,0.03419,0.0397,0.2103,0.2182,
2.166,0.3371,0.1097,0.08972,0.06747,0.1169,0.04447,0.03886,0.03042,0.03419,0.0397,0.2103,0.2182,
2.166,0.3309,0.1095,0.08965,0.06752,0.1166,0.04451,0.0389,0.03044,0.03422,0.03973,0.2105,0.2184,
2.17,0.3274,0.1122,0.08956,0.06748,0.1162,0.04382,0.03887,0.03043,0.0342,0.04212,0.209,0.2162,
2.171,0.3276,0.1146,0.08951,0.06743,0.1157,0.04379,0.03884,0.0304,0.03417,0.04209,0.21,0.2136,
2.169,0.32,0.1142,0.0894,0.06556,0.1156,0.04383,0.03887,0.03042,0.03419,0.04212,0.2101,0.2157,
2.169,0.3168,0.1142,0.08943,0.06559,0.1153,0.04385,0.03889,0.03044,0.03421,0.04213,0.2102,0.2158,
2.168,0.3236,0.1136,0.08954,0.06566,0.1142,0.04389,0.03894,0.03047,0.03425,0.04218,0.2105,0.2167,
2.187,0.3089,0.1195,0.0894,0.06556,0.114,0.04382,0.03888,0.03042,0.03419,0.0529,0.2014,0.2098,
2.187,0.3119,0.1196,0.08944,0.06558,0.1131,0.04388,0.03893,0.03046,0.03423,0.05296,0.2017,0.2101,
2.187,0.311,0.1196,0.0893,0.06548,0.1131,0.0439,0.03894,0.03047,0.03425,0.05299,0.2018,0.2102,
2.184,0.3157,0.1196,0.08934,0.06328,0.1128,0.04392,0.03895,0.03048,0.03426,0.053,0.2019,0.2125,
2.183,0.3279,0.1178,0.08928,0.06334,0.1125,0.04396,0.03899,0.03051,0.03429,0.05305,0.2021,0.2142,
2.183,0.3285,0.1166,0.08901,0.06358,0.1127,0.04457,0.03853,0.03056,0.03435,0.05315,0.2024,0.2146,
2.183,0.3505,0.1165,0.08926,0.06362,0.1119,0.04513,0.03802,0.03866,0.02745,0.05202,0.2026,0.2148,
2.182,0.3396,0.1165,0.08923,0.06187,0.1116,0.04515,0.03804,0.03867,0.02995,0.04955,0.2027,0.2167,
2.182,0.3436,0.116,0.0896,0.06204,0.1116,0.04515,0.03804,0.03867,0.02995,0.04955,0.2027,0.2167,
2.17,0.3568,0.116,0.08966,0.06211,0.1112,0.06155,0.02056,0.03869,0.03049,0.04904,0.2028,0.2179,
2.169,0.3574,0.1156,0.08987,0.06226,0.1112,0.06044,0.02056,0.03947,0.02971,0.04904,0.2028,0.2191,
2.172,0.3563,0.1208,0.08995,0.06234,0.1106,0.06037,0.02054,0.03943,0.03021,0.04845,0.2046,0.2127,
2.171,0.3557,0.1208,0.08983,0.06252,0.1103,0.06038,0.02054,0.03998,0.02969,0.04847,0.2047,0.2128,
2.172,0.3589,0.1208,0.08954,0.06282,0.1103,0.06038,0.02054,0.03998,0.02969,0.04847,0.2047,0.2128,
2.172,0.3572,0.1209,0.08954,0.06295,0.1096,0.06043,0.02056,0.04001,0.02971,0.0485,0.2048,0.213,
2.169,0.354,0.1205,0.08932,0.06296,0.1108,0.05878,0.02052,0.03994,0.02966,0.04842,0.2066,0.2125,
2.169,0.3573,0.1218,0.08918,0.0631,0.1098,0.05871,0.0205,0.03989,0.02962,0.04836,0.2084,0.2107,
2.168,0.361,0.1214,0.0895,0.06324,0.1094,0.05962,0.01962,0.03991,0.02964,0.04838,0.2085,0.2107,
2.167,0.3591,0.1199,0.08923,0.06331,0.1096,0.06003,0.01968,0.03934,0.02961,0.04835,0.2104,0.2106,
2.168,0.3605,0.118,0.08953,0.06337,0.1103,0.06011,0.02036,0.03872,0.03018,0.04787,0.2107,0.2109,
2.166,0.363,0.118,0.08968,0.06364,0.1088,0.05865,0.0204,0.03878,0.03023,0.04794,0.2111,0.2128,
2.167,0.3699,0.1176,0.09011,0.06364,0.1088,0.05865,0.02097,0.03821,0.03218,0.04599,0.2111,0.2128,
2.167,0.3713,0.1175,0.09004,0.06369,0.1084,0.05897,0.02071,0.03824,0.03221,0.04603,0.2113,0.213,
2.166,0.37,0.1174,0.09013,0.06401,0.1072,0.05958,0.0202,0.03828,0.03224,0.04609,0.2115,0.2133,
2.168,0.3772,0.1161,0.08989,0.06426,0.1082,0.05961,0.02021,0.0383,0.03811,0.04026,0.2116,0.2134,
2.169,0.3764,0.1186,0.09,0.06426,0.108,0.05957,0.0202,0.03827,0.03938,0.03892,0.2126,0.2102,
2.17,0.3782,0.1185,0.08965,0.06457,0.1074,0.05953,0.02019,0.03825,0.03936,0.04015,0.2122,0.2101,
2.177,0.3756,0.1174,0.08961,0.0646,0.1079,0.05756,0.02004,0.03975,0.0378,0.04653,0.2068,0.212,
2.176,0.3734,0.1171,0.08958,0.06475,0.1069,0.0569,0.02004,0.03976,0.03781,0.04653,0.2079,0.2128,
2.176,0.4126,0.1171,0.08933,0.06502,0.1067,0.05692,0.02005,0.03977,0.03782,0.04655,0.208,0.2129,
2.171,0.4164,0.1145,0.08928,0.06372,0.1089,0.0546,0.02005,0.03978,0.04248,0.04191,0.2081,0.2167,
2.173,0.3739,0.1165,0.08907,0.06387,0.11,0.05455,0.02003,0.03974,0.04244,0.04187,0.2089,0.2131,
2.174,0.3593,0.114,0.08908,0.0638,0.114,0.05449,0.02001,0.0397,0.04355,0.04067,0.2097,0.211,
2.173,0.3666,0.1138,0.089,0.06378,0.1139,0.05443,0.01999,0.03966,0.04668,0.03745,0.2105,0.2107,
2.17,0.3537,0.1136,0.08908,0.06389,0.1139,0.05341,0.01946,0.03966,0.04668,0.03745,0.2105,0.2123,
2.169,0.3518,0.1135,0.08938,0.06304,0.1125,0.05349,0.01949,0.03971,0.04676,0.0375,0.2109,0.2138,
2.169,0.3603,0.1131,0.08962,0.06319,0.1125,0.05349,0.01949,0.04055,0.04592,0.0375,0.2109,0.2138,
2.165,0.364,0.113,0.08948,0.06344,0.1125,0.05296,0.01936,0.04055,0.05325,0.03017,0.2109,0.2145,
2.164,0.3658,0.113,0.08937,0.06372,0.1117,0.05195,0.01938,0.04158,0.05283,0.02967,0.2111,0.2157,
2.163,0.3597,0.113,0.08941,0.06388,0.1113,0.0513,0.01938,0.0416,0.05286,0.02968,0.2112,0.2165,
2.161,0.363,0.1129,0.08929,0.06315,0.1105,0.05135,0.0194,0.04164,0.05406,0.02855,0.2114,0.2178,
2.161,0.3516,0.1127,0.08944,0.06334,0.1101,0.05137,0.01941,0.04166,0.05409,0.02856,0.2115,0.2179,
2.162,0.3905,0.1107,0.09015,0.06342,0.1111,0.05139,0.02031,0.04078,0.05411,0.02857,0.2116,0.218,
2.161,0.3713,0.1142,0.09015,0.06356,0.1103,0.05024,0.02031,0.04077,0.05602,0.02663,0.2126,0.2153,
2.16,0.3554,0.1141,0.09025,0.06358,0.11,0.04959,0.02031,0.04079,0.05605,0.02664,0.2127,0.216,
2.16,0.3704,0.1141,0.09037,0.0636,0.1096,0.04961,0.02032,0.0408,0.05607,0.02665,0.2128,0.2161,
2.16,0.3819,0.113,0.0904,0.06384,0.1102,0.04963,0.02033,0.04135,0.05556,0.02666,0.2129,0.2162,
2.16,0.367,0.1122,0.09058,0.06388,0.1115,0.04804,0.02033,0.04134,0.05554,0.02757,0.213,0.216,
2.16,0.372,0.1122,0.09056,0.06398,0.1111,0.04806,0.02034,0.04135,0.05557,0.02759,0.2131,0.2161,
2.192,0.3556,0.1164,0.09025,0.06423,0.111,0.04801,0.02032,0.04131,0.05551,0.04444,0.197,0.2116,
2.188,0.3797,0.1152,0.09097,0.06454,0.1103,0.04807,0.04558,0.01613,0.05558,0.04449,0.1973,0.2118,
2.187,0.3797,0.115,0.09114,0.06459,0.1103,0.04748,0.04504,0.01613,0.05558,0.04449,0.1973,0.213,
2.185,0.3771,0.1154,0.09121,0.06315,0.1106,0.04745,0.04501,0.01612,0.05554,0.04446,0.1982,0.2128,
2.186,0.3697,0.1148,0.09189,0.0632,0.1103,0.04746,0.04503,0.01612,0.05557,0.04448,0.1983,0.2129,
2.185,0.3796,0.1141,0.09206,0.06319,0.1099,0.04745,0.04503,0.01611,0.05556,0.04447,0.1992,0.2129,
2.185,0.3773,0.1135,0.09232,0.06319,0.1099,0.04747,0.04505,0.01612,0.05558,0.04449,0.1993,0.213,
2.185,0.3705,0.1133,0.09242,0.06339,0.1096,0.04748,0.04507,0.01612,0.05561,0.0445,0.1994,0.2131,
2.186,0.3738,0.1132,0.09223,0.06368,0.1096,0.04748,0.04507,0.01655,0.05607,0.04361,0.1994,0.2131,
2.185,0.3631,0.1124,0.09269,0.06378,0.1095,0.04743,0.04502,0.01654,0.05602,0.04357,0.2002,0.2129,
2.185,0.3735,0.1111,0.09276,0.06391,0.1106,0.04743,0.04502,0.01654,0.05602,0.04357,0.2002,0.2129,
2.185,0.3683,0.1111,0.09267,0.06419,0.1098,0.04748,0.04506,0.01655,0.05607,0.0436,0.2004,0.2131,
2.184,0.3641,0.1111,0.09263,0.06361,0.1095,0.04681,0.04508,0.01655,0.05609,0.04362,0.2005,0.2145,
2.196,0.3799,0.1105,0.09255,0.06359,0.1129,0.04676,0.04504,0.03578,0.03831,0.04206,0.2013,0.2112,
2.197,0.38,0.11,0.09297,0.06392,0.1122,0.04679,0.04507,0.03581,0.03834,0.04208,0.2015,0.2114,
2.172,0.4139,0.1098,0.09284,0.06397,0.1121,0.07784,0.01394,0.0362,0.03787,0.04204,0.2023,0.2112,
2.171,0.3665,0.1096,0.09268,0.06414,0.1116,0.07779,0.01393,0.0371,0.03692,0.04201,0.2032,0.2111,
2.169,0.3635,0.1094,0.09272,0.06426,0.1116,0.076,0.01393,0.03803,0.03599,0.04201,0.2032,0.2129,
2.168,0.3513,0.1074,0.09246,0.06437,0.1127,0.07588,0.0139,0.03797,0.03594,0.04195,0.2049,0.2126,
2.168,0.3388,0.1076,0.09258,0.06446,0.1127,0.07521,0.01389,0.03801,0.03683,0.041,0.2061,0.2115,
2.164,0.3421,0.1074,0.09221,0.06454,0.1125,0.07283,0.01386,0.03793,0.03676,0.04091,0.2078,0.2133,
2.164,0.3369,0.1089,0.09206,0.06384,0.1114,0.07274,0.01385,0.03788,0.03671,0.04086,0.2096,0.2121,
2.162,0.3396,0.107,0.09247,0.06272,0.1122,0.07279,0.01386,0.03791,0.03728,0.04036,0.2098,0.2137,
2.16,0.3423,0.1095,0.09244,0.06272,0.1129,0.07015,0.01331,0.03788,0.03725,0.04033,0.2107,0.2128,
2.159,0.3438,0.1094,0.09246,0.06296,0.1125,0.0695,0.01386,0.0384,0.03622,0.04034,0.2108,0.2135,
2.16,0.3507,0.1072,0.09235,0.0631,0.1146,0.0695,0.01386,0.0384,0.03866,0.03791,0.2108,0.2135,
2.18,0.3488,0.1091,0.09195,0.06318,0.1145,0.06928,0.01373,0.03793,0.03914,0.05123,0.1988,0.2112,
2.181,0.3528,0.1088,0.09194,0.06332,0.1142,0.06934,0.01374,0.0385,0.04036,0.04944,0.1989,0.2114,
2.179,0.375,0.1073,0.09234,0.06345,0.1152,0.06778,0.01374,0.0385,0.04036,0.04944,0.1989,0.213,
2.18,0.3529,0.11,0.09199,0.06351,0.1143,0.06781,0.01375,0.03851,0.04038,0.04946,0.2,0.2103,
2.179,0.358,0.1085,0.09181,0.06374,0.1155,0.06627,0.01429,0.03852,0.04084,0.04849,0.2001,0.2119,
2.178,0.3784,0.107,0.09182,0.06379,0.117,0.06613,0.01375,0.03852,0.04288,0.04645,0.2001,0.2126,
2.18,0.3715,0.1097,0.09163,0.06395,0.1166,0.06542,0.01602,0.03622,0.04285,0.04642,0.201,0.2102,
2.181,0.3851,0.1095,0.09174,0.06405,0.1166,0.06542,0.01602,0.03622,0.04285,0.04642,0.201,0.2102,
2.181,0.3836,0.1094,0.09175,0.06414,0.1166,0.06542,0.01682,0.03542,0.04338,0.04589,0.201,0.2102,
2.181,0.3798,0.1093,0.09154,0.06443,0.1166,0.06542,0.01682,0.03542,0.04338,0.04589,0.201,0.2102,
2.181,0.3995,0.1094,0.09155,0.06465,0.1155,0.06549,0.01684,0.03546,0.04344,0.04594,0.2012,0.2105,
2.18,0.3854,0.1092,0.09153,0.065,0.1147,0.06484,0.0168,0.03549,0.04346,0.04591,0.2015,0.2115,
2.18,0.4,0.1078,0.09153,0.06509,0.1161,0.06484,0.0168,0.03549,0.044,0.04538,0.2015,0.2115,
2.18,0.3963,0.1078,0.09147,0.06515,0.1161,0.06484,0.0168,0.03549,0.04908,0.04029,0.2015,0.2115,
2.179,0.399,0.1075,0.0913,0.0651,0.1159,0.06471,0.01677,0.03542,0.04898,0.04021,0.2031,0.211,
2.178,0.3962,0.1068,0.09094,0.06511,0.115,0.06467,0.01814,0.03402,0.0495,0.03966,0.2051,0.211,
2.178,0.4012,0.1067,0.09081,0.06538,0.115,0.064,0.01814,0.03487,0.04954,0.03877,0.2051,0.2117,
2.178,0.4074,0.1061,0.09127,0.06552,0.115,0.06453,0.01804,0.03487,0.05,0.03788,0.2051,0.2117,
2.177,0.4013,0.1059,0.09126,0.06548,0.1149,0.06447,0.01802,0.03484,0.04995,0.03784,0.2059,0.2114,
2.176,0.4062,0.1058,0.09101,0.06564,0.1145,0.06375,0.01801,0.03613,0.04913,0.03728,0.2068,0.212,
2.178,0.4124,0.1057,0.09084,0.06573,0.1138,0.06382,0.03432,0.0206,0.04848,0.03732,0.2071,0.2123,
2.177,0.4191,0.1069,0.09072,0.06577,0.1137,0.06322,0.03415,0.02058,0.04843,0.03728,0.2079,0.2113,
2.174,0.4074,0.1067,0.09063,0.06581,0.1133,0.06318,0.03446,0.02022,0.05324,0.03241,0.2088,0.2112,
2.173,0.4074,0.1065,0.09077,0.06468,0.1133,0.06318,0.03446,0.02022,0.05324,0.03241,0.2088,0.2124,
2.171,0.4711,0.1044,0.09052,0.06476,0.1148,0.06305,0.03482,0.01975,0.05313,0.03234,0.2105,0.212,
2.168,0.43,0.1005,0.09032,0.06504,0.1183,0.06162,0.03553,0.01902,0.05405,0.03148,0.2107,0.2135,
2.168,0.4356,0.1005,0.09024,0.06524,0.1179,0.06165,0.03555,0.01903,0.05511,0.03044,0.2108,0.2136,
2.167,0.4684,0.1003,0.09018,0.06534,0.1175,0.06167,0.03558,0.01904,0.0563,0.02931,0.211,0.2138,
2.182,0.4044,0.1021,0.0899,0.06431,0.117,0.06169,0.03559,0.01905,0.05632,0.03783,0.2047,0.2116,
2.183,0.3962,0.1021,0.08987,0.06444,0.1167,0.06171,0.03561,0.01997,0.05629,0.03694,0.2048,0.2117,
2.181,0.4182,0.1018,0.09009,0.06448,0.1167,0.06105,0.03561,0.01997,0.05781,0.03543,0.2048,0.2124,
2.181,0.3735,0.1014,0.09,0.06474,0.1164,0.0611,0.03564,0.01998,0.05786,0.03546,0.2049,0.2125,
2.182,0.376,0.101,0.08969,0.06515,0.1163,0.06104,0.0356,0.02121,0.05709,0.03489,0.2058,0.2123,
2.181,0.3753,0.1007,0.0896,0.06525,0.1161,0.06131,0.03522,0.02119,0.05809,0.03378,0.2066,0.2121,
2.18,0.3857,0.1005,0.08951,0.06537,0.1156,0.06191,0.03456,0.02117,0.05806,0.03376,0.2075,0.212,
2.179,0.3791,0.1051,0.08923,0.06553,0.1149,0.06018,0.03402,0.02116,0.05803,0.03374,0.2085,0.2096,
2.179,0.3754,0.1048,0.08944,0.06563,0.1149,0.05884,0.03402,0.022,0.0572,0.03374,0.2085,0.211,
2.175,0.3862,0.1037,0.08941,0.06561,0.1153,0.05672,0.03395,0.02238,0.05665,0.03367,0.2101,0.2125,
2.175,0.3742,0.1036,0.08926,0.06597,0.1146,0.0573,0.03345,0.02239,0.05669,0.03369,0.2103,0.2127,
2.173,0.3827,0.1034,0.08917,0.06621,0.1146,0.05664,0.03345,0.02239,0.05784,0.03253,0.2103,0.2134,
2.173,0.3814,0.1017,0.08966,0.0662,0.1166,0.05591,0.03341,0.02237,0.05778,0.0325,0.2112,0.2127,
2.173,0.3849,0.1015,0.08945,0.06661,0.1166,0.0568,0.03253,0.02279,0.05736,0.0325,0.2112,0.2127,
2.18,0.3869,0.1042,0.08912,0.06684,0.1165,0.05674,0.03249,0.02348,0.05659,0.03525,0.2092,0.2095,
2.177,0.3817,0.1038,0.08891,0.06634,0.1161,0.05561,0.03332,0.02265,0.05658,0.03525,0.2102,0.2113,
2.175,0.3697,0.1033,0.08909,0.06642,0.1158,0.05418,0.03334,0.02266,0.05663,0.03527,0.2104,0.2129,
2.174,0.3762,0.1028,0.08914,0.0664,0.1166,0.05348,0.03332,0.02322,0.05602,0.03525,0.2113,0.2124,
2.178,0.3893,0.1052,0.08916,0.06639,0.1158,0.05169,0.03332,0.02374,0.05548,0.03764,0.2099,0.2116,
2.179,0.3853,0.1067,0.08932,0.06636,0.1156,0.05164,0.03328,0.0246,0.05454,0.0376,0.2108,0.2096,
2.186,0.3965,0.1066,0.0883,0.0666,0.1153,0.05165,0.03329,0.03151,0.05338,0.03517,0.2086,0.2096,
2.186,0.3963,0.1065,0.08811,0.06692,0.1153,0.05165,0.03329,0.03151,0.05338,0.03517,0.2086,0.2096,
2.186,0.3983,0.1065,0.08809,0.06702,0.115,0.05166,0.0333,0.03152,0.0534,0.03517,0.2087,0.2097,
2.186,0.4133,0.1048,0.08813,0.06708,0.1157,0.05165,0.03386,0.03094,0.05338,0.03516,0.2097,0.2097,
2.185,0.4022,0.1048,0.08809,0.06719,0.113,0.05177,0.03395,0.03172,0.0528,0.03524,0.2112,0.2102,
2.185,0.4034,0.105,0.0881,0.06743,0.1115,0.05186,0.03474,0.03104,0.05289,0.0353,0.2116,0.2106,
2.183,0.4062,0.1046,0.08798,0.06758,0.1115,0.05136,0.03488,0.03034,0.05291,0.03531,0.2117,0.2118,
2.19,0.4043,0.1018,0.0876,0.06773,0.1135,0.04861,0.03482,0.03029,0.05282,0.04234,0.2064,0.2141,
2.184,0.3713,0.1019,0.08746,0.06793,0.1129,0.04801,0.04239,0.02241,0.0526,0.04205,0.2065,0.2158,
2.184,0.3903,0.1018,0.08753,0.06806,0.1125,0.04802,0.04241,0.02242,0.05262,0.04207,0.2066,0.2159,
2.185,0.366,0.1028,0.08724,0.06848,0.1121,0.04801,0.04274,0.02207,0.05261,0.04206,0.2076,0.2142,
2.185,0.3668,0.1027,0.08739,0.06854,0.1118,0.04802,0.04276,0.02208,0.05264,0.04207,0.2077,0.2143,
2.181,0.3737,0.1025,0.08743,0.06744,0.1115,0.04626,0.04278,0.02208,0.05265,0.04208,0.2078,0.2175,
2.173,0.4086,0.1008,0.08741,0.06757,0.1128,0.06383,0.02525,0.02293,0.05237,0.04157,0.2079,0.2176,
2.175,0.3785,0.1044,0.08729,0.06742,0.1127,0.06377,0.02524,0.02292,0.05234,0.04154,0.2088,0.2136,
2.173,0.39,0.1042,0.08706,0.06781,0.1127,0.0631,0.02524,0.02345,0.05576,0.03758,0.2088,0.2143,
2.173,0.3569,0.1038,0.08668,0.06794,0.1128,0.06316,0.02526,0.02347,0.05581,0.03761,0.209,0.2145,
2.173,0.3529,0.1035,0.08675,0.06814,0.1118,0.06326,0.0253,0.0235,0.05722,0.03633,0.2094,0.2148,
2.173,0.3334,0.1035,0.08657,0.06845,0.1112,0.06329,0.02532,0.02352,0.05725,0.03635,0.2096,0.215,
2.173,0.3317,0.1051,0.08686,0.06843,0.1107,0.06325,0.02565,0.02316,0.05837,0.03516,0.2105,0.2128,
2.172,0.3301,0.1047,0.08685,0.06863,0.1104,0.0633,0.02567,0.02318,0.05935,0.03424,0.2107,0.213,
2.172,0.3483,0.1035,0.08665,0.06884,0.1112,0.06333,0.02568,0.02319,0.05938,0.03426,0.2108,0.2131,
2.174,0.3436,0.109,0.08712,0.06889,0.1108,0.0613,0.02568,0.02318,0.05936,0.03425,0.2118,0.2086,
2.171,0.3567,0.1084,0.08682,0.06925,0.1105,0.05959,0.02571,0.02321,0.06078,0.03295,0.2121,0.2107,
2.169,0.3578,0.1078,0.08731,0.06938,0.1105,0.05959,0.03021,0.01872,0.06078,0.03295,0.2121,0.2107,
2.168,0.3633,0.1076,0.08734,0.06954,0.1105,0.05959,0.03021,0.01872,0.0625,0.03124,0.2121,0.2107,
2.167,0.361,0.1072,0.08737,0.06958,0.1094,0.05962,0.03103,0.01792,0.06305,0.0307,0.2133,0.2108,
2.179,0.3562,0.1067,0.08718,0.06968,0.1093,0.05891,0.03175,0.01717,0.06301,0.03834,0.2066,0.2114,
2.178,0.3607,0.1062,0.08742,0.0699,0.1093,0.05891,0.03175,0.01717,0.06451,0.03684,0.2066,0.2114,
2.173,0.3599,0.1033,0.08744,0.07005,0.1118,0.05535,0.03234,0.0166,0.06454,0.03685,0.2067,0.2151,
2.173,0.3614,0.1031,0.08787,0.07028,0.1103,0.05475,0.03239,0.01741,0.06386,0.0369,0.207,0.2161,
2.168,0.3558,0.1052,0.08774,0.07031,0.1093,0.06194,0.0251,0.01739,0.06472,0.03591,0.2089,0.2135,
2.167,0.3534,0.1045,0.08754,0.07038,0.1098,0.06245,0.0245,0.01737,0.06465,0.03587,0.2097,0.2132,
2.166,0.3573,0.1027,0.08752,0.07054,0.1115,0.06245,0.0245,0.01737,0.06519,0.03534,0.2097,0.2132,
2.166,0.361,0.1028,0.08768,0.07075,0.11,0.06255,0.02454,0.01739,0.06583,0.03485,0.2101,0.2136,
2.164,0.3672,0.1024,0.08793,0.06935,0.11,0.06255,0.02488,0.01705,0.06583,0.03485,0.2101,0.2151,
2.164,0.373,0.1025,0.08767,0.06968,0.1096,0.06258,0.02557,0.01638,0.06586,0.03486,0.2102,0.2152,
2.166,0.3815,0.1063,0.08743,0.06983,0.1094,0.06251,0.02554,0.01636,0.06579,0.03482,0.211,0.211,
2.164,0.3688,0.1061,0.08712,0.0699,0.1085,0.06242,0.02551,0.01634,0.06669,0.03378,0.2128,0.2107,
2.177,0.3143,0.1058,0.08729,0.06994,0.108,0.06238,0.02549,0.01633,0.06718,0.04111,0.2059,0.2106,
2.176,0.3159,0.1055,0.0874,0.07009,0.108,0.06238,0.02549,0.01633,0.06862,0.03968,0.2059,0.2106,
2.175,0.3241,0.1044,0.08772,0.07028,0.1084,0.0624,0.0255,0.01633,0.06989,0.03844,0.206,0.2107,
2.174,0.3243,0.1026,0.08761,0.07046,0.1092,0.06292,0.02496,0.01633,0.06988,0.03843,0.207,0.2107,
2.174,0.3243,0.1024,0.08776,0.0706,0.1088,0.06295,0.02497,0.01633,0.06991,0.03844,0.2071,0.2108,
2.172,0.3196,0.101,0.08751,0.07073,0.1095,0.0619,0.02554,0.01581,0.07,0.03849,0.2074,0.2122,
2.169,0.3189,0.1008,0.08742,0.07096,0.1095,0.05979,0.02644,0.01492,0.07,0.03849,0.2074,0.2143,
2.166,0.3218,0.1008,0.08728,0.0711,0.1095,0.05767,0.02751,0.01384,0.07,0.03849,0.2074,0.2164,
2.163,0.3139,0.1034,0.08734,0.06971,0.1087,0.05575,0.02751,0.01383,0.06998,0.03847,0.2084,0.2169,
2.159,0.3132,0.1032,0.08749,0.06975,0.1087,0.0544,0.02751,0.01383,0.07319,0.03525,0.2084,0.2183,
2.158,0.3182,0.1022,0.08758,0.0685,0.1095,0.05477,0.02714,0.01437,0.07266,0.03525,0.2084,0.2196,
2.157,0.3049,0.09923,0.08754,0.06856,0.1101,0.05479,0.02715,0.01491,0.07215,0.03527,0.2085,0.2218,
2.145,0.3108,0.09711,0.08768,0.06848,0.1139,0.06101,0.01764,0.01489,0.07206,0.03522,0.2103,0.2218,
2.143,0.3111,0.09697,0.08772,0.06857,0.1139,0.06175,0.01858,0.01322,0.07206,0.03522,0.2103,0.2218,
2.143,0.311,0.09697,0.08762,0.06867,0.1139,0.06175,0.01858,0.01322,0.07206,0.03522,0.2103,0.2218,
2.143,0.3088,0.09589,0.08766,0.06881,0.1145,0.0611,0.01859,0.01365,0.07166,0.03523,0.2104,0.2225,
2.146,0.3029,0.1022,0.08741,0.06879,0.1139,0.06099,0.01855,0.01362,0.07347,0.03322,0.2121,0.2156,
2.141,0.3093,0.1022,0.08733,0.06895,0.1139,0.05856,0.01775,0.01416,0.07293,0.03322,0.2121,0.2189,
2.142,0.3156,0.1034,0.08714,0.06911,0.1138,0.05684,0.01774,0.01565,0.07139,0.0332,0.2131,0.2186,
2.141,0.3181,0.1028,0.08734,0.0679,0.1139,0.05687,0.01775,0.01566,0.07142,0.03321,0.2132,0.22,
2.141,0.3147,0.1027,0.08692,0.06809,0.1132,0.05622,0.01776,0.01677,0.07045,0.03326,0.2136,0.2211,
2.14,0.3128,0.1024,0.08676,0.0684,0.1128,0.05557,0.01776,0.01679,0.07051,0.03329,0.2137,0.2219,
2.149,0.3139,0.1054,0.08665,0.0685,0.1127,0.05551,0.01775,0.01802,0.06981,0.03558,0.2116,0.2185,
2.15,0.3094,0.1054,0.08672,0.06865,0.1119,0.05556,0.01776,0.01897,0.06894,0.03561,0.2118,0.2187,
2.152,0.306,0.1113,0.08679,0.06855,0.1117,0.05544,0.01772,0.01893,0.06978,0.03455,0.2135,0.2118,
2.15,0.3258,0.1109,0.08706,0.06864,0.1117,0.05432,0.01772,0.01936,0.0709,0.03301,0.2135,0.2129,
2.167,0.3061,0.1158,0.08685,0.06875,0.1106,0.05331,0.01747,0.01938,0.07098,0.04263,0.2052,0.209,
2.169,0.3123,0.1142,0.08685,0.06901,0.1119,0.05331,0.01801,0.02017,0.06965,0.04263,0.2052,0.209,
2.167,0.3164,0.1139,0.08681,0.06854,0.1114,0.05355,0.01772,0.02015,0.07066,0.04155,0.2061,0.2096,
2.163,0.3148,0.1132,0.0867,0.06888,0.1116,0.05661,0.01554,0.0193,0.07122,0.04102,0.2062,0.2097,
2.163,0.3079,0.1131,0.08664,0.06893,0.1111,0.05658,0.01607,0.01875,0.07118,0.041,0.2071,0.2095,
2.176,0.3334,0.1122,0.08665,0.06907,0.111,0.05664,0.01608,0.03466,0.05647,0.03998,0.2074,0.2098,
2.172,0.3417,0.1122,0.08657,0.06923,0.1105,0.0559,0.01494,0.03469,0.05651,0.04001,0.2076,0.2119,
2.169,0.326,0.1101,0.08633,0.06938,0.1122,0.05471,0.01493,0.0344,0.0573,0.0386,0.2084,0.2136,
2.167,0.3331,0.1115,0.08611,0.06948,0.113,0.05388,0.01438,0.03437,0.05816,0.03768,0.2093,0.2121,
2.167,0.336,0.1106,0.0864,0.06962,0.1121,0.05396,0.01483,0.03401,0.05828,0.03775,0.2098,0.2126,
2.166,0.3237,0.1095,0.08634,0.06976,0.1122,0.05394,0.01482,0.034,0.05881,0.03721,0.2108,0.2126,
2.163,0.3511,0.1091,0.08625,0.06972,0.112,0.05383,0.01479,0.06184,0.03077,0.03713,0.2125,0.2121,
2.163,0.357,0.1088,0.08644,0.06978,0.112,0.05383,0.01479,0.06184,0.03077,0.03713,0.2125,0.2121,
2.161,0.3688,0.1087,0.0867,0.06995,0.1109,0.05255,0.01481,0.06192,0.03694,0.03103,0.2128,0.2138,
2.162,0.3748,0.1085,0.08671,0.06992,0.1106,0.05255,0.01525,0.06154,0.03697,0.03105,0.213,0.214,
2.161,0.3614,0.1082,0.08672,0.07032,0.1102,0.05178,0.01525,0.06157,0.03752,0.03052,0.213,0.2148,
2.162,0.3531,0.1079,0.08676,0.07034,0.1099,0.05179,0.01655,0.06034,0.03809,0.03,0.2132,0.215,
2.168,0.3471,0.109,0.08667,0.07031,0.1111,0.0517,0.01652,0.06188,0.03637,0.03278,0.2122,0.2115,
2.167,0.3406,0.1085,0.087,0.07038,0.1111,0.0517,0.01652,0.06296,0.0353,0.03278,0.2122,0.2115,
2.165,0.3426,0.1084,0.0868,0.07042,0.111,0.05218,0.01596,0.06332,0.03573,0.03184,0.213,0.2113,
2.177,0.3374,0.1082,0.08669,0.0705,0.1109,0.05213,0.01594,0.06326,0.03687,0.03721,0.2073,0.2111,
2.176,0.3451,0.1082,0.08666,0.07064,0.1102,0.0526,0.01553,0.06331,0.0369,0.03723,0.2075,0.2113,
2.173,0.3419,0.108,0.08665,0.07062,0.1101,0.05351,0.01454,0.06488,0.03522,0.03719,0.2083,0.211,
2.174,0.3464,0.1078,0.08691,0.07078,0.1094,0.05355,0.01509,0.06439,0.03524,0.03721,0.2085,0.2112,
2.175,0.3604,0.1064,0.08692,0.07101,0.11,0.0536,0.01564,0.06445,0.03527,0.0367,0.2087,0.2114,
2.174,0.3442,0.1061,0.08684,0.07118,0.1093,0.05366,0.01566,0.06452,0.0353,0.03674,0.2089,0.2117,
2.173,0.3598,0.1057,0.08693,0.07126,0.1071,0.0537,0.01567,0.06456,0.03532,0.03676,0.2112,0.2118,
2.173,0.3515,0.1054,0.08705,0.07122,0.1066,0.05366,0.0162,0.06398,0.03584,0.0362,0.2121,0.2117,
2.169,0.3406,0.1053,0.0872,0.07132,0.1062,0.05152,0.01606,0.06383,0.03563,0.03593,0.2122,0.2148,
2.177,0.3877,0.1053,0.08714,0.07145,0.1059,0.05154,0.05681,0.02365,0.03609,0.03494,0.2123,0.2149,
2.173,0.4132,0.1053,0.0872,0.07167,0.1047,0.04943,0.05688,0.02367,0.03772,0.03338,0.2126,0.2174,
2.175,0.3913,0.1096,0.08722,0.07187,0.1032,0.04896,0.05684,0.02369,0.03777,0.03343,0.214,0.2135,
2.175,0.3889,0.1091,0.0877,0.07191,0.1021,0.04948,0.05651,0.02374,0.03901,0.03231,0.2144,0.2138,
2.174,0.3934,0.1089,0.08814,0.07206,0.1005,0.04957,0.05705,0.02334,0.03908,0.03236,0.2148,0.2142,
2.176,0.3861,0.1099,0.08787,0.07224,0.1003,0.04835,0.0559,0.02329,0.04006,0.034,0.2137,0.2144,
2.176,0.3889,0.1089,0.08801,0.07247,0.1007,0.04837,0.05592,0.0233,0.0421,0.03199,0.2138,0.2145,
2.174,0.3851,0.1084,0.08777,0.07257,0.1007,0.04806,0.05546,0.02329,0.04207,0.03197,0.2147,0.215,
2.173,0.3766,0.1084,0.08758,0.07277,0.1007,0.04693,0.05546,0.02383,0.04153,0.03197,0.2147,0.2162,
2.173,0.3798,0.1074,0.08796,0.07286,0.1009,0.04729,0.05513,0.02463,0.04075,0.03197,0.2148,0.2163,
2.179,0.3897,0.1087,0.08792,0.07303,0.1008,0.04778,0.05453,0.02515,0.04017,0.03482,0.2128,0.2143,
2.177,0.3833,0.1087,0.08761,0.07347,0.1004,0.04626,0.05455,0.02516,0.04018,0.03483,0.2129,0.216,
2.179,0.3866,0.1116,0.08745,0.07357,0.1003,0.04664,0.05406,0.02513,0.04014,0.0348,0.2137,0.2126,
2.172,0.3875,0.1113,0.08747,0.07352,0.1002,0.04397,0.05314,0.025,0.03996,0.03476,0.2145,0.2161,
2.194,0.3796,0.115,0.08703,0.07366,0.09973,0.04395,0.05312,0.03496,0.02997,0.04607,0.2052,0.2113,
2.193,0.3794,0.1145,0.08724,0.07238,0.09963,0.04445,0.05316,0.03429,0.03338,0.04258,0.2061,0.2123,
2.192,0.3926,0.1144,0.08735,0.07238,0.09963,0.04431,0.05262,0.03483,0.03284,0.04258,0.2061,0.213,
2.188,0.3898,0.1135,0.08752,0.07139,0.09895,0.04281,0.05326,0.03435,0.0329,0.04265,0.2064,0.2163,
2.187,0.3927,0.1121,0.08758,0.07161,0.0993,0.04267,0.05348,0.03462,0.03206,0.04269,0.2067,0.2172,
2.189,0.3899,0.117,0.08756,0.07158,0.0992,0.04262,0.05385,0.03469,0.03149,0.04264,0.2075,0.2118,
2.185,0.4048,0.1168,0.08758,0.0715,0.09909,0.04109,0.05326,0.03538,0.03073,0.0426,0.2083,0.2136,
2.184,0.3972,0.1162,0.08795,0.07052,0.09909,0.04163,0.05272,0.03538,0.03073,0.0426,0.2083,0.2148,
2.18,0.4174,0.1158,0.08788,0.07075,0.09878,0.03857,0.05391,0.0348,0.03505,0.0378,0.2085,0.2181,
2.18,0.4123,0.1157,0.08783,0.07099,0.09878,0.03857,0.05391,0.0348,0.03665,0.0362,0.2085,0.2181,
2.177,0.4134,0.1156,0.08778,0.07113,0.09878,0.03699,0.05391,0.03534,0.03774,0.03457,0.2085,0.2197,
2.177,0.4139,0.1155,0.08761,0.07141,0.09842,0.03701,0.05393,0.03534,0.03829,0.03404,0.2086,0.2198,
2.176,0.4033,0.1155,0.08752,0.07156,0.09842,0.03633,0.05447,0.0348,0.03829,0.03404,0.2086,0.2205,
2.172,0.3679,0.1233,0.08724,0.07162,0.09826,0.03515,0.06261,0.02706,0.03976,0.03191,0.2104,0.2128,
2.171,0.3635,0.1231,0.08718,0.07173,0.09744,0.03568,0.06205,0.02705,0.03974,0.03189,0.2114,0.2127,
2.169,0.3633,0.123,0.08715,0.07178,0.09657,0.03455,0.06204,0.02704,0.03972,0.03188,0.2124,0.2138,
2.168,0.3606,0.1231,0.08684,0.07214,0.09599,0.0351,0.06194,0.02662,0.03976,0.03191,0.2126,0.214,
2.164,0.3766,0.1226,0.08703,0.07248,0.09465,0.03336,0.06256,0.02613,0.04075,0.03107,0.2131,0.2163,
2.163,0.3843,0.1226,0.08695,0.07262,0.09429,0.03337,0.06294,0.02579,0.04269,0.02916,0.2132,0.2164,
2.163,0.3843,0.1223,0.08678,0.07272,0.09433,0.03338,0.06297,0.0258,0.04271,0.02917,0.2133,0.2165,
2.163,0.3362,0.1217,0.08664,0.07285,0.09442,0.03396,0.06248,0.02582,0.04275,0.0292,0.2135,0.2167,
2.163,0.3543,0.1213,0.08636,0.07293,0.0945,0.03399,0.06297,0.02541,0.04279,0.02922,0.2137,0.2169,
2.161,0.3464,0.1212,0.08636,0.07299,0.0945,0.0334,0.06243,0.02541,0.04279,0.02922,0.2137,0.218,
2.163,0.3464,0.1256,0.08657,0.07303,0.09444,0.03338,0.06239,0.0254,0.04331,0.02866,0.2146,0.2126,
2.164,0.3483,0.1243,0.08691,0.07313,0.09479,0.03392,0.06193,0.02541,0.04334,0.02869,0.2148,0.2128,
2.16,0.3506,0.123,0.08664,0.07328,0.09588,0.03189,0.0624,0.02499,0.04336,0.0287,0.2149,0.2149,
2.159,0.3543,0.1225,0.08683,0.07221,0.09578,0.03186,0.06233,0.0259,0.04237,0.02867,0.2157,0.2158,
2.163,0.3555,0.1224,0.08712,0.07238,0.09464,0.03937,0.05494,0.02636,0.04198,0.02868,0.216,0.2161,
2.161,0.3468,0.1223,0.08724,0.07254,0.09385,0.03872,0.05499,0.02638,0.04201,0.0287,0.2162,0.217,
2.158,0.3452,0.122,0.08712,0.07282,0.09348,0.03694,0.05539,0.02606,0.04205,0.02873,0.2164,0.219,
2.152,0.3586,0.1216,0.0873,0.073,0.09348,0.03546,0.05539,0.02606,0.04825,0.02253,0.2164,0.2205,
2.162,0.3632,0.1238,0.08753,0.07298,0.09446,0.03543,0.05591,0.02545,0.04819,0.02651,0.2133,0.2165,
2.161,0.3533,0.1236,0.08763,0.07305,0.09446,0.03475,0.05591,0.02588,0.04776,0.02651,0.2133,0.2172,
2.158,0.3546,0.1234,0.08782,0.07322,0.09373,0.03478,0.05694,0.02493,0.05066,0.02366,0.2135,0.2174,
2.154,0.3565,0.1234,0.08755,0.07357,0.09254,0.03268,0.05704,0.02497,0.05076,0.0237,0.2138,0.2199,
2.157,0.3752,0.1231,0.08752,0.07382,0.09175,0.03327,0.05657,0.03182,0.04511,0.02264,0.2141,0.2202,
2.157,0.3631,0.1225,0.0876,0.074,0.09179,0.03427,0.05597,0.03148,0.04513,0.02265,0.2142,0.2203,
2.156,0.3628,0.1224,0.08763,0.07429,0.09106,0.03429,0.05601,0.0315,0.0465,0.02132,0.2144,0.2206,
2.156,0.3587,0.1222,0.08762,0.07449,0.09106,0.03429,0.05601,0.0315,0.0465,0.02132,0.2144,0.2206,
2.154,0.3643,0.1258,0.08753,0.07458,0.09096,0.03289,0.05595,0.03191,0.04811,0.0192,0.2153,0.2178,
2.152,0.3666,0.1244,0.08752,0.07278,0.09202,0.0329,0.05598,0.03192,0.04813,0.01921,0.2154,0.2198,
2.149,0.3736,0.1236,0.08725,0.07202,0.0921,0.03293,0.05603,0.03195,0.04973,0.01768,0.2156,0.2212,
2.149,0.3737,0.1234,0.0872,0.0723,0.09185,0.03294,0.05602,0.03194,0.04974,0.01766,0.2157,0.2213,
2.151,0.3765,0.1287,0.08676,0.0724,0.09165,0.03286,0.05634,0.03144,0.04963,0.01763,0.2174,0.2153,
2.146,0.399,0.1281,0.0868,0.07241,0.09137,0.06298,0.02634,0.03148,0.04969,0.01765,0.2177,0.2156,
2.146,0.4082,0.1279,0.08677,0.07263,0.09137,0.06298,0.02634,0.03148,0.04969,0.01765,0.2177,0.2156,
2.147,0.4023,0.1257,0.08657,0.07301,0.09281,0.06304,0.02636,0.0315,0.04972,0.01766,0.2179,0.2158,
2.155,0.4,0.1242,0.08682,0.07293,0.09381,0.06297,0.02633,0.03293,0.04821,0.02111,0.2152,0.2155,
2.156,0.4001,0.1227,0.0866,0.07321,0.09516,0.06325,0.02605,0.03293,0.04821,0.02111,0.2152,0.2155,
2.154,0.4004,0.1224,0.08675,0.07319,0.09471,0.06252,0.02604,0.03291,0.04818,0.02109,0.2162,0.2161,
2.153,0.402,0.122,0.08661,0.07322,0.09428,0.06251,0.02603,0.03334,0.04772,0.02109,0.2172,0.216,
2.154,0.4006,0.122,0.08626,0.07356,0.09428,0.06251,0.02603,0.03334,0.04772,0.02109,0.2172,0.216,
2.152,0.4003,0.1216,0.08624,0.07365,0.09432,0.0614,0.02604,0.03335,0.04774,0.0211,0.2173,0.2173,
2.15,0.4086,0.1178,0.08607,0.07197,0.09759,0.06233,0.0259,0.03261,0.04776,0.0211,0.2174,0.2194,
2.16,0.4002,0.1189,0.086,0.07197,0.09812,0.06816,0.01992,0.03255,0.04768,0.02812,0.2121,0.2164,
2.16,0.4072,0.1187,0.08626,0.07204,0.09776,0.06819,0.01993,0.03256,0.04769,0.02813,0.2122,0.2165,
2.158,0.411,0.1186,0.08643,0.07206,0.0974,0.06662,0.01994,0.03258,0.04771,0.02814,0.2123,0.2182,
2.159,0.4187,0.1229,0.08585,0.07193,0.09687,0.06646,0.02041,0.03194,0.04759,0.02806,0.215,0.2129,
2.155,0.4123,0.1195,0.08575,0.07198,0.1,0.06638,0.03753,0.01476,0.04754,0.02803,0.2159,0.2127,
2.18,0.4029,0.1191,0.08569,0.07207,0.0999,0.06686,0.03695,0.01518,0.04705,0.04249,0.2022,0.2125,
2.18,0.404,0.1186,0.08552,0.0722,0.09962,0.06694,0.03734,0.01485,0.04841,0.04124,0.2025,0.2127,
2.18,0.4059,0.1182,0.08521,0.07257,0.09967,0.06732,0.03701,0.01485,0.04843,0.04126,0.2026,0.2128,
2.18,0.4208,0.1142,0.08528,0.07276,0.1023,0.06744,0.03708,0.01488,0.04852,0.04134,0.203,0.2132,
2.179,0.4203,0.1141,0.08514,0.0728,0.1019,0.06739,0.03706,0.01487,0.04958,0.04022,0.2039,0.2131,
2.18,0.4216,0.1135,0.08531,0.07289,0.1018,0.06732,0.03702,0.01573,0.04921,0.03963,0.2047,0.2129,
2.175,0.4206,0.1122,0.08519,0.07056,0.1026,0.06719,0.03686,0.01524,0.04897,0.03955,0.2063,0.2153,
2.173,0.4262,0.1119,0.08502,0.07066,0.1026,0.06954,0.03455,0.01525,0.04899,0.03957,0.2064,0.2154,
2.172,0.4284,0.1114,0.08499,0.07069,0.1023,0.06953,0.03454,0.01525,0.04898,0.03956,0.2074,0.2154,
2.173,0.4242,0.1113,0.08495,0.07087,0.1023,0.06953,0.03454,0.01597,0.04826,0.03956,0.2074,0.2154,
2.172,0.4386,0.1062,0.08484,0.07115,0.1059,0.0701,0.03401,0.01598,0.04918,0.03867,0.2085,0.2155,
2.172,0.4326,0.1059,0.08478,0.07107,0.1053,0.06998,0.03395,0.01649,0.04855,0.0386,0.2103,0.2151,
2.171,0.4477,0.1055,0.08456,0.07134,0.1054,0.07036,0.03361,0.01649,0.04912,0.03807,0.2104,0.2152,
2.169,0.4429,0.1047,0.08517,0.07149,0.1054,0.06875,0.03307,0.01704,0.04857,0.03807,0.2104,0.2174,
2.17,0.4363,0.1061,0.08545,0.07147,0.1046,0.06874,0.03306,0.01747,0.04812,0.03806,0.2114,0.2155,
2.166,0.4352,0.106,0.08555,0.07012,0.1043,0.06804,0.03221,0.01747,0.04814,0.03808,0.2115,0.2186,
2.167,0.4422,0.1056,0.08581,0.07027,0.1043,0.06804,0.03221,0.01835,0.04727,0.03808,0.2115,0.2186,
2.167,0.4461,0.1053,0.08566,0.07045,0.1042,0.06807,0.03223,0.01835,0.0482,0.03719,0.2116,0.2187,
2.166,0.4535,0.1044,0.08562,0.0707,0.1041,0.06816,0.03262,0.01803,0.04826,0.03724,0.2119,0.219,
2.167,0.4508,0.1082,0.08532,0.0702,0.1035,0.06694,0.03258,0.01888,0.04862,0.03589,0.2137,0.2161,
2.166,0.4434,0.1082,0.08529,0.07036,0.103,0.06629,0.03259,0.01888,0.04865,0.0359,0.2138,0.2169,
2.167,0.4529,0.1079,0.08556,0.07045,0.103,0.06574,0.03246,0.04626,0.02127,0.0359,0.2138,0.2176,
2.169,0.4645,0.1108,0.08565,0.07063,0.1029,0.06622,0.03188,0.04621,0.02125,0.03586,0.2147,0.2139,
2.166,0.4666,0.1105,0.0858,0.07056,0.1022,0.06485,0.03187,0.0462,0.02125,0.03586,0.2157,0.2152,
2.167,0.4678,0.1098,0.08572,0.07075,0.1028,0.06485,0.03187,0.0462,0.02215,0.03495,0.2157,0.2152,
2.166,0.4575,0.1082,0.08586,0.07065,0.1038,0.0642,0.03225,0.04589,0.02217,0.03498,0.2159,0.2161,
2.166,0.4543,0.107,0.08701,0.07082,0.1022,0.06434,0.03232,0.046,0.02276,0.03451,0.2164,0.2166,
2.166,0.4481,0.1068,0.08731,0.071,0.1014,0.0644,0.03235,0.04604,0.02278,0.03454,0.2166,0.2168,
2.168,0.4421,0.1065,0.08733,0.07097,0.1013,0.06433,0.03232,0.04599,0.02275,0.03604,0.2159,0.2165,
2.168,0.4489,0.1065,0.08716,0.07126,0.101,0.06336,0.03322,0.04484,0.02529,0.03353,0.216,0.2179,
2.167,0.4631,0.1064,0.08728,0.07137,0.1003,0.06272,0.03323,0.04487,0.02658,0.03225,0.2162,0.2188,
2.167,0.4468,0.1062,0.08731,0.07124,0.1004,0.06273,0.03324,0.04489,0.02659,0.03227,0.2163,0.2189,
2.167,0.4432,0.1039,0.08747,0.07124,0.1025,0.06273,0.03324,0.04489,0.02659,0.03227,0.2163,0.2189,
2.167,0.4499,0.1027,0.08746,0.07125,0.1035,0.06274,0.03382,0.04432,0.02788,0.031,0.2164,0.219,
2.167,0.4328,0.1024,0.08757,0.07138,0.103,0.06279,0.03385,0.0448,0.02746,0.03103,0.2166,0.2192,
2.165,0.4342,0.1017,0.08823,0.07163,0.1022,0.06079,0.03443,0.04429,0.02878,0.02975,0.2168,0.2214,
2.163,0.4487,0.1015,0.08836,0.07167,0.1022,0.0601,0.03443,0.04533,0.02775,0.02975,0.2168,0.2221,
2.161,0.4394,0.1005,0.08838,0.07167,0.1034,0.05824,0.03475,0.04495,0.02772,0.02973,0.2177,0.223,
2.16,0.4362,0.1005,0.08842,0.07187,0.1026,0.05761,0.03479,0.04499,0.02774,0.02976,0.2179,0.2238,
2.144,0.4122,0.1004,0.08844,0.07203,0.1022,0.07471,0.01772,0.04501,0.02775,0.02977,0.218,0.224,
2.144,0.3864,0.09851,0.08856,0.07223,0.1037,0.07471,0.01772,0.04501,0.02949,0.02804,0.218,0.224,
2.142,0.385,0.09847,0.08851,0.07232,0.1037,0.07411,0.01753,0.0457,0.02845,0.02804,0.218,0.2251,
2.142,0.4059,0.09826,0.08854,0.07256,0.1034,0.07413,0.01753,0.04572,0.02961,0.0269,0.2181,0.2252,
2.142,0.4839,0.09814,0.08856,0.07266,0.1034,0.07413,0.01753,0.04572,0.02961,0.0269,0.2181,0.2252,
2.163,0.4686,0.1007,0.08855,0.07278,0.1029,0.07272,0.01706,0.04569,0.03073,0.03773,0.2071,0.2241,
2.162,0.4648,0.09965,0.08865,0.07294,0.1034,0.07207,0.01706,0.04651,0.02994,0.03775,0.2072,0.2248,
2.166,0.4415,0.1047,0.08874,0.0731,0.1029,0.07202,0.01705,0.04648,0.02991,0.03772,0.2081,0.2193,
2.166,0.4211,0.109,0.08869,0.07328,0.1025,0.06973,0.01705,0.04648,0.02991,0.03772,0.2091,0.2166,
2.166,0.4161,0.109,0.08869,0.07328,0.1025,0.06973,0.01705,0.04648,0.02991,0.03772,0.2091,0.2166,
2.166,0.3943,0.1086,0.08874,0.07356,0.1016,0.06969,0.01757,0.04592,0.0299,0.03771,0.2101,0.2166,
2.166,0.3722,0.1085,0.08878,0.0736,0.1016,0.06901,0.01793,0.04557,0.0299,0.03771,0.2101,0.2172,
2.164,0.3797,0.107,0.0885,0.07352,0.1028,0.0695,0.01737,0.04554,0.02988,0.03768,0.2111,0.2171,
2.163,0.3767,0.1059,0.08824,0.07345,0.1036,0.06973,0.01708,0.04551,0.02986,0.03766,0.212,0.217,
2.159,0.3799,0.106,0.08815,0.07358,0.1032,0.06655,0.01708,0.04608,0.02933,0.03768,0.2121,0.2203,
2.162,0.4006,0.1088,0.08785,0.07349,0.1044,0.0666,0.0171,0.04611,0.02935,0.0377,0.2133,0.2153,
2.161,0.3757,0.1078,0.08755,0.07357,0.1051,0.06666,0.01711,0.04689,0.02864,0.03774,0.2135,0.2155,
2.161,0.4058,0.1076,0.0875,0.07357,0.1046,0.06662,0.0171,0.04686,0.03277,0.03357,0.2144,0.2154,
2.159,0.4095,0.1076,0.08727,0.07393,0.1042,0.06801,0.01573,0.04688,0.03452,0.03184,0.2145,0.2155,
2.158,0.388,0.1074,0.08713,0.07395,0.1041,0.06848,0.01516,0.04683,0.03449,0.03181,0.2154,0.2152,
2.158,0.392,0.1072,0.08718,0.0741,0.1041,0.06848,0.01516,0.04683,0.03449,0.03181,0.2154,0.2152,
2.158,0.3976,0.107,0.0873,0.07423,0.1038,0.06851,0.01517,0.04685,0.03449,0.03182,0.2155,0.2153,
2.143,0.3654,0.1068,0.08722,0.07424,0.1037,0.06775,0.01515,0.06433,0.01692,0.03179,0.2163,0.2158,
2.141,0.3723,0.1062,0.0873,0.07444,0.1034,0.06666,0.01516,0.06439,0.01694,0.03182,0.2165,0.2171,
2.139,0.3903,0.1061,0.08729,0.07301,0.1027,0.067,0.0149,0.06444,0.01695,0.03184,0.2167,0.219,
2.136,0.3848,0.1061,0.08727,0.07338,0.1014,0.06475,0.01491,0.06454,0.01697,0.03188,0.2171,0.2216,
2.137,0.3881,0.1029,0.08739,0.07351,0.1043,0.06475,0.01574,0.06371,0.01697,0.03188,0.2171,0.2216,
2.137,0.3847,0.103,0.08712,0.07382,0.1041,0.06503,0.01545,0.06373,0.01807,0.03079,0.2172,0.2218,
2.138,0.3841,0.1027,0.08728,0.07396,0.1041,0.06503,0.0158,0.06338,0.01807,0.03079,0.2172,0.2218,
2.138,0.3855,0.1024,0.08725,0.074,0.1046,0.06499,0.01614,0.06372,0.01732,0.03077,0.2182,0.2207,
2.137,0.4101,0.1022,0.08742,0.07409,0.1042,0.06555,0.0156,0.06375,0.01732,0.03078,0.2183,0.2208,
2.136,0.3966,0.1015,0.08741,0.07416,0.1042,0.06555,0.0156,0.06375,0.01732,0.03078,0.2183,0.2214,
2.134,0.3827,0.1013,0.08749,0.07425,0.1042,0.06555,0.0156,0.06565,0.01656,0.02963,0.2183,0.2214,
2.133,0.391,0.1013,0.0875,0.07442,0.1035,0.0652,0.01533,0.06571,0.01656,0.02966,0.2185,0.2223,
2.134,0.3759,0.1014,0.08745,0.07459,0.1028,0.06523,0.01532,0.06576,0.01859,0.02765,0.2187,0.2225,
2.135,0.3721,0.1011,0.08776,0.07474,0.102,0.06529,0.01617,0.06499,0.01861,0.02768,0.2189,0.2227,
2.135,0.3811,0.09916,0.08762,0.07489,0.1037,0.06532,0.01618,0.06502,0.01862,0.02769,0.219,0.2228,
2.135,0.3754,0.09778,0.08756,0.075,0.105,0.06532,0.01618,0.06502,0.01862,0.02769,0.219,0.2228,
2.135,0.3738,0.09733,0.08792,0.0751,0.105,0.06607,0.01601,0.06443,0.01977,0.02654,0.219,0.2228,
2.165,0.3531,0.1019,0.08782,0.07514,0.1049,0.066,0.01599,0.06436,0.01974,0.04089,0.2055,0.2178,
2.163,0.3562,0.1019,0.08763,0.07249,0.1046,0.0658,0.016,0.06438,0.02195,0.0387,0.2055,0.221,
2.164,0.3351,0.1041,0.08811,0.07266,0.1038,0.06508,0.01599,0.06437,0.02194,0.03869,0.2066,0.2187,
2.164,0.3312,0.1035,0.08821,0.07285,0.1033,0.06517,0.01601,0.06445,0.02334,0.03735,0.2068,0.219,
2.163,0.326,0.1033,0.088,0.07297,0.1031,0.06395,0.01599,0.06438,0.02488,0.03575,0.2077,0.2199,
2.163,0.3236,0.1018,0.0883,0.07312,0.104,0.06398,0.016,0.06441,0.02489,0.03577,0.2078,0.22,
2.163,0.3329,0.1,0.0886,0.07321,0.1051,0.064,0.016,0.06443,0.02544,0.03523,0.2078,0.2201,
2.163,0.3448,0.1015,0.08866,0.07325,0.105,0.06422,0.0157,0.06437,0.02541,0.03519,0.2087,0.2181,
2.162,0.3431,0.1006,0.08901,0.07348,0.1049,0.06415,0.01569,0.06485,0.02483,0.03515,0.2095,0.2179,
2.162,0.341,0.09749,0.08931,0.07313,0.1073,0.06415,0.01569,0.06485,0.02483,0.03515,0.2095,0.2186,
2.16,0.3467,0.09749,0.08898,0.07346,0.1073,0.0647,0.01514,0.06577,0.02392,0.03515,0.2095,0.2186,
2.16,0.3536,0.09715,0.08933,0.07356,0.1069,0.06473,0.01514,0.06624,0.0245,0.03416,0.2096,0.2187,
2.159,0.3601,0.0971,0.08937,0.07366,0.1066,0.06406,0.01515,0.06626,0.0245,0.03417,0.2097,0.2195,
2.158,0.3585,0.09903,0.08908,0.07378,0.1064,0.06202,0.01513,0.06619,0.02612,0.03248,0.2105,0.2192,
2.16,0.3599,0.1021,0.08908,0.07398,0.1051,0.06196,0.01512,0.06614,0.02708,0.03147,0.2125,0.2155,
2.156,0.3519,0.1009,0.08883,0.07412,0.106,0.06059,0.01499,0.06593,0.02742,0.03066,0.2133,0.2173,
2.155,0.3558,0.1007,0.08864,0.07428,0.1055,0.06054,0.01497,0.06588,0.0274,0.03064,0.2142,0.2171,
2.154,0.3581,0.1007,0.08852,0.07454,0.1051,0.05943,0.01497,0.06591,0.02741,0.03065,0.2143,0.2184,
