entropy,entropyInd,RabA,RabB,RabC,RabD,RabE,RabF,RabG,RabH,RabI,xER,xPM,
2.178,0.3355,0.106,0.0907,0.0685,0.1252,0.05449,0.03938,0.03062,0.03407,0.03502,0.2066,0.2094,
2.176,0.3522,0.1056,0.09078,0.06855,0.1249,0.05344,0.03941,0.03064,0.03409,0.03505,0.2068,0.2107,
2.176,0.3424,0.1056,0.09078,0.06855,0.1249,0.05344,0.03941,0.03064,0.03409,0.03505,0.2068,0.2107,
2.179,0.3169,0.1119,0.09076,0.06853,0.124,0.05289,0.03927,0.03063,0.03408,0.03503,0.2078,0.205,
2.178,0.3233,0.1118,0.09067,0.06846,0.1239,0.05283,0.03923,0.0306,0.03405,0.035,0.2087,0.2048,
2.177,0.3166,0.1118,0.0907,0.06849,0.1236,0.0522,0.03924,0.0306,0.03405,0.035,0.2087,0.2056,
2.176,0.3162,0.1116,0.09046,0.06845,0.1231,0.05177,0.03913,0.03047,0.03405,0.035,0.2098,0.2062,
2.184,0.3129,0.1113,0.09027,0.06831,0.1229,0.05166,0.03905,0.0304,0.03398,0.04074,0.2056,0.2058,
2.182,0.3044,0.1115,0.09034,0.06838,0.1219,0.05018,0.03909,0.03043,0.03401,0.04078,0.2059,0.2076,
2.182,0.304,0.1117,0.08962,0.0685,0.1212,0.05027,0.03916,0.03049,0.03407,0.04085,0.2062,0.2079,
2.181,0.3076,0.1106,0.08969,0.06856,0.1205,0.0503,0.03919,0.0305,0.03409,0.04087,0.2064,0.2092,
2.181,0.3091,0.1106,0.08969,0.06856,0.1205,0.0503,0.03919,0.0305,0.03409,0.04087,0.2064,0.2092,
2.178,0.3133,0.1107,0.08968,0.06675,0.1202,0.04923,0.0392,0.03052,0.03411,0.04089,0.2065,0.2123,
2.177,0.3091,0.1108,0.08937,0.06676,0.1199,0.04927,0.03924,0.03054,0.03414,0.04092,0.2067,0.2124,
2.177,0.3144,0.1108,0.08941,0.06678,0.1195,0.04863,0.03925,0.03055,0.03414,0.04093,0.2068,0.2132,
2.174,0.3079,0.1109,0.08951,0.06686,0.1185,0.04669,0.0393,0.03058,0.03418,0.04098,0.207,0.2155,
2.175,0.3055,0.1149,0.08942,0.06679,0.1183,0.04664,0.03926,0.03055,0.03415,0.04093,0.2079,0.2112,
2.177,0.3075,0.118,0.08933,0.06672,0.1182,0.04659,0.03922,0.03052,0.03411,0.04089,0.2087,0.2078,
2.177,0.3007,0.1181,0.08944,0.0668,0.1171,0.04665,0.03926,0.03055,0.03415,0.04094,0.209,0.208,
2.176,0.2986,0.1171,0.08947,0.06682,0.1167,0.04667,0.03928,0.03056,0.03417,0.04095,0.2091,0.2092,
2.176,0.3029,0.117,0.08924,0.06685,0.1168,0.04669,0.0393,0.03057,0.03418,0.04097,0.2092,0.2093,
2.176,0.2968,0.117,0.08924,0.06685,0.1168,0.04669,0.0393,0.03057,0.03418,0.04097,0.2092,0.2093,
2.175,0.3008,0.1172,0.0891,0.06646,0.1163,0.04666,0.03928,0.03055,0.03416,0.04094,0.2101,0.2093,
2.172,0.2925,0.1172,0.08914,0.06649,0.1159,0.04446,0.03929,0.03056,0.03417,0.04096,0.2102,0.2116,
2.178,0.3054,0.1173,0.08908,0.06646,0.1155,0.04379,0.03928,0.03055,0.03416,0.0461,0.206,0.2117,
2.18,0.2714,0.1216,0.08903,0.06643,0.1148,0.04378,0.03927,0.03054,0.03415,0.04608,0.207,0.2073,
2.176,0.2732,0.1212,0.08898,0.06642,0.1143,0.04169,0.03926,0.03053,0.03414,0.04607,0.208,0.2094,
2.176,0.2714,0.1211,0.08893,0.06638,0.1139,0.04165,0.03923,0.03051,0.03412,0.04603,0.2089,0.2092,
2.174,0.2723,0.1212,0.089,0.06484,0.1131,0.04169,0.03926,0.03053,0.03414,0.04607,0.2091,0.211,
2.172,0.2728,0.1212,0.089,0.06484,0.1131,0.04058,0.03926,0.03053,0.03414,0.04607,0.2091,0.2121,
2.171,0.2689,0.1192,0.08903,0.06482,0.1128,0.0406,0.03928,0.03054,0.03415,0.04609,0.2092,0.2143,
2.171,0.2742,0.1188,0.08913,0.06507,0.1128,0.0406,0.03928,0.03054,0.03468,0.04556,0.2092,0.2143,
2.171,0.2813,0.1186,0.08938,0.06521,0.1121,0.04063,0.03931,0.03198,0.0333,0.04559,0.2094,0.2145,
2.171,0.2848,0.1185,0.08935,0.06534,0.1118,0.0411,0.03888,0.03199,0.03331,0.04561,0.2095,0.2146,
2.179,0.2937,0.125,0.0889,0.0641,0.1113,0.03983,0.03925,0.03133,0.0337,0.05169,0.206,0.2089,
2.18,0.3015,0.1245,0.08894,0.06446,0.1106,0.04014,0.03903,0.03296,0.03348,0.05042,0.2062,0.2092,
2.179,0.3032,0.1243,0.08907,0.06342,0.1099,0.04018,0.0399,0.03213,0.036,0.04797,0.2064,0.2107,
2.177,0.3063,0.1243,0.08903,0.06354,0.1095,0.0385,0.03992,0.03215,0.03601,0.04799,0.2065,0.2125,
2.176,0.3132,0.1254,0.08916,0.06355,0.1091,0.03784,0.03993,0.03215,0.03602,0.048,0.2076,0.2113,
2.17,0.3186,0.1255,0.08782,0.0631,0.1082,0.03536,0.04006,0.03224,0.0371,0.04717,0.2083,0.2152,
2.171,0.3195,0.1288,0.08767,0.06311,0.1079,0.03529,0.03997,0.03378,0.03542,0.04707,0.2099,0.211,
2.169,0.3242,0.1285,0.08786,0.06337,0.1076,0.03373,0.04052,0.03468,0.03455,0.04655,0.21,0.2127,
2.169,0.3179,0.1285,0.08788,0.0635,0.1072,0.03375,0.04054,0.03469,0.03576,0.04537,0.2101,0.2128,
2.169,0.3328,0.1278,0.08821,0.0639,0.1069,0.03376,0.04055,0.03898,0.03149,0.04539,0.2102,0.2129,
2.171,0.325,0.1284,0.08798,0.06418,0.1086,0.03374,0.04052,0.03895,0.03147,0.04536,0.2111,0.2097,
2.172,0.3434,0.1283,0.08813,0.06428,0.1082,0.03418,0.04012,0.03897,0.03615,0.04072,0.2112,0.2098,
2.172,0.3384,0.1277,0.08831,0.06441,0.1082,0.0342,0.04013,0.03952,0.03563,0.04074,0.2113,0.2098,
2.172,0.3453,0.1276,0.08828,0.06456,0.1082,0.0342,0.04013,0.03952,0.03563,0.04074,0.2113,0.2098,
2.172,0.345,0.1272,0.0885,0.06477,0.1079,0.0342,0.04015,0.03953,0.03564,0.04075,0.2114,0.2099,
2.174,0.3473,0.1267,0.08838,0.06493,0.1073,0.03258,0.04008,0.03947,0.03558,0.04421,0.2096,0.2111,
2.173,0.3489,0.1266,0.08827,0.06493,0.1068,0.03256,0.04006,0.03944,0.03556,0.04418,0.2105,0.211,
2.173,0.348,0.1263,0.08847,0.06506,0.1068,0.03256,0.04006,0.03944,0.03556,0.04418,0.2105,0.211,
2.173,0.3466,0.1259,0.08853,0.06507,0.1069,0.03258,0.04008,0.03946,0.03558,0.0442,0.2106,0.2111,
2.171,0.336,0.1258,0.08849,0.06522,0.1069,0.03102,0.04008,0.03946,0.03908,0.0407,0.2106,0.2127,
2.172,0.3701,0.1205,0.08847,0.06551,0.1114,0.03103,0.04077,0.03882,0.0391,0.04072,0.2108,0.2129,
2.161,0.3645,0.1204,0.08834,0.06573,0.1114,0.03103,0.06036,0.01923,0.0391,0.04072,0.2108,0.2129,
2.176,0.3602,0.1222,0.08815,0.06581,0.1112,0.03097,0.06023,0.0192,0.03902,0.05069,0.2024,0.2102,
2.176,0.3664,0.121,0.08874,0.06597,0.111,0.03126,0.06001,0.01921,0.03905,0.05073,0.2026,0.2104,
2.176,0.3806,0.1199,0.08904,0.06608,0.1101,0.03127,0.06007,0.01922,0.04006,0.04979,0.2038,0.2106,
2.176,0.3849,0.1192,0.08927,0.06629,0.1089,0.03129,0.06012,0.01924,0.04319,0.04673,0.205,0.2108,
2.177,0.3879,0.1191,0.08917,0.06652,0.1085,0.03158,0.05987,0.01981,0.04264,0.04675,0.2051,0.2109,
2.177,0.3905,0.1186,0.08943,0.06678,0.1085,0.03158,0.05987,0.01981,0.04264,0.04675,0.2051,0.2109,
2.176,0.3969,0.1174,0.08978,0.06694,0.1079,0.03164,0.06063,0.01922,0.04273,0.04684,0.2055,0.2114,
2.176,0.3883,0.1174,0.08973,0.06709,0.1076,0.03165,0.06065,0.01923,0.04275,0.04686,0.2056,0.2115,
2.176,0.3874,0.1172,0.08963,0.06725,0.1072,0.03167,0.0607,0.01924,0.04278,0.04689,0.2058,0.2117,
2.176,0.3907,0.1161,0.08957,0.06725,0.1077,0.03165,0.06067,0.02019,0.04318,0.04549,0.2067,0.2115,
2.176,0.3957,0.1157,0.08979,0.0674,0.1077,0.03218,0.06093,0.0194,0.04318,0.04549,0.2067,0.2115,
2.171,0.3978,0.1156,0.08983,0.06763,0.1073,0.0322,0.06481,0.01556,0.04424,0.04446,0.2068,0.2116,
2.171,0.4086,0.1135,0.08991,0.06788,0.1085,0.03223,0.06486,0.01557,0.04677,0.042,0.207,0.2118,
2.171,0.4019,0.1133,0.08966,0.06806,0.1083,0.03273,0.06426,0.01555,0.04672,0.04196,0.2078,0.2116,
2.171,0.4012,0.1131,0.08988,0.06827,0.1077,0.03276,0.06431,0.01556,0.04675,0.04199,0.208,0.2118,
2.17,0.4,0.1117,0.09001,0.06652,0.1084,0.03276,0.06476,0.01674,0.04849,0.03868,0.2081,0.2138,
2.166,0.4108,0.1116,0.0902,0.06668,0.1077,0.03085,0.06482,0.01675,0.0496,0.03764,0.2083,0.2159,
2.164,0.4048,0.1116,0.09048,0.06711,0.1053,0.03093,0.0662,0.01558,0.04973,0.03774,0.2088,0.2165,
2.17,0.4273,0.1116,0.09039,0.06725,0.105,0.05571,0.04146,0.01602,0.04932,0.03775,0.2089,0.2166,
2.17,0.4309,0.1118,0.09012,0.0676,0.1073,0.05565,0.04231,0.01511,0.05039,0.0366,0.2097,0.2134,
2.169,0.4251,0.1116,0.09002,0.06786,0.1073,0.05552,0.04178,0.01511,0.05039,0.0366,0.2097,0.214,
2.169,0.3969,0.1112,0.09031,0.06804,0.1073,0.05552,0.04178,0.01511,0.05039,0.0366,0.2097,0.214,
2.167,0.3991,0.1099,0.09059,0.06811,0.108,0.05398,0.0418,0.01512,0.05103,0.03599,0.2098,0.2157,
2.166,0.4039,0.1097,0.09052,0.0684,0.1076,0.054,0.04252,0.0144,0.05105,0.036,0.2099,0.2158,
2.166,0.4066,0.1092,0.09077,0.06847,0.1073,0.05405,0.04256,0.01442,0.05109,0.03603,0.2101,0.216,
2.17,0.4013,0.1168,0.09104,0.06832,0.1071,0.05393,0.04247,0.01439,0.05098,0.03596,0.2118,0.2072,
2.17,0.3681,0.1167,0.09079,0.06841,0.107,0.05388,0.04243,0.01437,0.05093,0.03592,0.2126,0.207,
2.171,0.3684,0.1162,0.09054,0.06855,0.1069,0.05384,0.0424,0.01436,0.0509,0.03708,0.2124,0.2069,
2.18,0.3847,0.1153,0.09049,0.06867,0.1065,0.05386,0.04241,0.01436,0.05091,0.04279,0.2078,0.2069,
2.179,0.366,0.1111,0.09056,0.06876,0.1093,0.0532,0.04243,0.01437,0.05093,0.0428,0.2089,0.2077,
2.175,0.3741,0.1098,0.09045,0.06877,0.1103,0.05156,0.04185,0.01435,0.05087,0.04276,0.2097,0.2096,
2.175,0.4635,0.1097,0.09036,0.06835,0.1101,0.05148,0.04229,0.01471,0.05011,0.04278,0.2098,0.2103,
2.175,0.3389,0.1095,0.09041,0.06855,0.1101,0.05148,0.04229,0.01471,0.05011,0.04278,0.2098,0.2103,
2.174,0.3404,0.1091,0.09028,0.06873,0.11,0.05142,0.04225,0.0147,0.05006,0.04273,0.2106,0.2101,
2.173,0.3486,0.1089,0.09024,0.06885,0.1095,0.05139,0.04221,0.01468,0.05442,0.0383,0.2116,0.21,
2.173,0.3865,0.1086,0.09006,0.06902,0.1096,0.05329,0.04132,0.01505,0.05417,0.03728,0.2116,0.2101,
2.154,0.3441,0.1084,0.08995,0.06945,0.1092,0.07645,0.01819,0.01505,0.05419,0.03729,0.2117,0.2102,
2.153,0.3414,0.1083,0.09019,0.06965,0.108,0.07641,0.01766,0.0156,0.05514,0.0359,0.212,0.2111,
2.15,0.3303,0.1078,0.09017,0.06976,0.1081,0.07472,0.0176,0.01552,0.0556,0.03525,0.2121,0.2133,
2.15,0.3143,0.1078,0.09013,0.06993,0.1077,0.07475,0.01761,0.01553,0.0566,0.03428,0.2122,0.2134,
2.171,0.3073,0.1089,0.0902,0.06998,0.1087,0.07292,0.01759,0.01551,0.05656,0.04813,0.1993,0.2123,
2.169,0.2654,0.1089,0.0901,0.07014,0.1083,0.07027,0.0176,0.01641,0.05569,0.04814,0.1994,0.215,
2.167,0.2614,0.1058,0.08968,0.06837,0.1126,0.07076,0.01705,0.0164,0.0562,0.04758,0.2002,0.2154,
2.167,0.2915,0.1056,0.08975,0.06859,0.1122,0.07151,0.01634,0.01751,0.05565,0.04706,0.2003,0.2155,
2.166,0.2692,0.1057,0.08971,0.06883,0.111,0.07048,0.0167,0.01719,0.05572,0.04712,0.2006,0.2169,
2.163,0.2741,0.1056,0.08968,0.06909,0.1106,0.06783,0.01671,0.0172,0.05671,0.04618,0.2007,0.2197,
2.158,0.2755,0.1048,0.08979,0.06753,0.1108,0.06628,0.01628,0.0172,0.05673,0.0462,0.2008,0.2236,
2.158,0.2774,0.1037,0.08964,0.06783,0.1115,0.06631,0.01629,0.01721,0.05676,0.04622,0.2009,0.2237,
2.155,0.2809,0.1019,0.08959,0.06649,0.1133,0.06631,0.01629,0.01721,0.05792,0.04505,0.2009,0.2251,
2.156,0.289,0.1034,0.08951,0.06639,0.1132,0.06678,0.0157,0.01809,0.05816,0.04386,0.2018,0.2232,
2.158,0.2807,0.1046,0.08974,0.06645,0.1127,0.06674,0.01568,0.01886,0.05733,0.04384,0.2027,0.2214,
2.154,0.2857,0.1044,0.0896,0.06514,0.1127,0.0654,0.01568,0.01886,0.05733,0.04384,0.2027,0.2243,
2.157,0.2874,0.1076,0.0898,0.06523,0.1146,0.06462,0.01565,0.01883,0.05724,0.04376,0.2044,0.2184,
2.157,0.2908,0.1102,0.08948,0.06543,0.1142,0.0633,0.01565,0.01883,0.05726,0.04377,0.2055,0.2164,
2.157,0.2856,0.1154,0.08903,0.06555,0.114,0.0626,0.01509,0.01879,0.05812,0.0427,0.2071,0.2117,
2.155,0.273,0.1151,0.08875,0.06559,0.1136,0.06192,0.01509,0.01879,0.05811,0.0427,0.2081,0.2123,
2.154,0.274,0.1151,0.08866,0.06572,0.1132,0.06316,0.01387,0.0188,0.05813,0.04271,0.2082,0.2124,
2.148,0.2766,0.1149,0.08842,0.06583,0.1133,0.05949,0.01437,0.01818,0.06072,0.04017,0.2083,0.2163,
2.147,0.2772,0.1148,0.0885,0.06592,0.1133,0.05882,0.01437,0.01818,0.06189,0.03901,0.2083,0.217,
2.147,0.2834,0.1159,0.08833,0.06601,0.1132,0.05876,0.01435,0.01816,0.06182,0.03897,0.2091,0.2154,
2.144,0.2769,0.1192,0.08819,0.06443,0.113,0.05709,0.01394,0.01867,0.06122,0.03892,0.2099,0.2154,
2.145,0.2898,0.1223,0.08794,0.06453,0.1125,0.057,0.01477,0.01779,0.06112,0.03886,0.2117,0.2115,
2.146,0.2846,0.1223,0.08793,0.06487,0.1114,0.05707,0.01478,0.01834,0.06067,0.03891,0.212,0.2118,
2.152,0.2817,0.1211,0.08695,0.06382,0.112,0.0557,0.01477,0.01968,0.0604,0.04341,0.2072,0.2149,
2.149,0.287,0.1207,0.08729,0.0639,0.112,0.05437,0.01477,0.01968,0.06164,0.04217,0.2072,0.2163,
2.149,0.3048,0.1204,0.08719,0.06408,0.1114,0.05444,0.01478,0.0197,0.06172,0.04222,0.2075,0.2166,
2.148,0.2984,0.1261,0.0871,0.06406,0.1113,0.05357,0.01516,0.01808,0.06166,0.04218,0.2083,0.2124,
2.151,0.3131,0.1312,0.08727,0.06402,0.1113,0.05354,0.01515,0.01861,0.06224,0.041,0.2093,0.2065,
2.15,0.288,0.131,0.08728,0.06355,0.1109,0.05356,0.01515,0.01861,0.06323,0.04005,0.2094,0.2073,
2.149,0.286,0.1305,0.0877,0.06375,0.1106,0.05292,0.01569,0.01809,0.06325,0.04007,0.2094,0.208,
2.149,0.2818,0.1287,0.08804,0.06386,0.1116,0.05294,0.01569,0.01809,0.06328,0.04009,0.2095,0.2081,
2.159,0.2889,0.1287,0.08809,0.06398,0.1112,0.05349,0.01587,0.05263,0.02807,0.0401,0.2096,0.2082,
2.154,0.3081,0.1279,0.08845,0.06405,0.1111,0.0501,0.01586,0.05257,0.02804,0.04006,0.2105,0.2113,
2.171,0.2967,0.127,0.08888,0.06397,0.1109,0.05022,0.01547,0.05193,0.02798,0.05304,0.199,0.2116,
2.17,0.2946,0.1269,0.08898,0.06281,0.1105,0.05024,0.01547,0.05238,0.0281,0.05253,0.1991,0.2129,
2.168,0.3051,0.1267,0.08909,0.06292,0.1105,0.04802,0.01547,0.05238,0.03015,0.05048,0.1991,0.2151,
2.163,0.3012,0.1263,0.08917,0.06305,0.1099,0.05443,0.01181,0.04977,0.03019,0.05055,0.1994,0.2154,
2.163,0.3028,0.1262,0.08914,0.06314,0.1099,0.05443,0.01216,0.04943,0.03019,0.05055,0.1994,0.2154,
2.162,0.3042,0.1295,0.08897,0.06314,0.1093,0.05293,0.01213,0.04935,0.03014,0.05047,0.2011,0.213,
2.16,0.3114,0.129,0.08943,0.06319,0.1093,0.0508,0.01195,0.04913,0.03492,0.04568,0.2011,0.2155,
2.16,0.3177,0.13,0.08911,0.0632,0.1093,0.05077,0.01195,0.05008,0.03392,0.04565,0.202,0.214,
2.161,0.3136,0.1302,0.08873,0.06347,0.1101,0.05077,0.01194,0.05007,0.03391,0.04564,0.203,0.2122,
2.159,0.3112,0.134,0.08839,0.06335,0.1098,0.04928,0.0119,0.04992,0.03381,0.04551,0.2054,0.2087,
2.156,0.2974,0.1338,0.08746,0.06351,0.1097,0.04783,0.01189,0.04987,0.03378,0.04546,0.2062,0.2106,
2.155,0.2942,0.1333,0.08746,0.06367,0.1095,0.04778,0.01188,0.04982,0.03374,0.04541,0.207,0.2103,
2.155,0.2954,0.1316,0.08754,0.0636,0.1109,0.04773,0.01187,0.05029,0.03459,0.04395,0.2079,0.2101,
2.151,0.2985,0.1263,0.08723,0.06369,0.1152,0.04556,0.01185,0.05109,0.03365,0.04388,0.2096,0.2119,
2.161,0.2981,0.128,0.0871,0.06372,0.1149,0.04555,0.01184,0.05108,0.03365,0.04979,0.2047,0.2097,
2.16,0.301,0.1278,0.08718,0.06378,0.1149,0.04555,0.01184,0.052,0.03273,0.04979,0.2047,0.2097,
2.16,0.2937,0.1276,0.08711,0.06384,0.1146,0.04559,0.01185,0.05204,0.03276,0.04983,0.2049,0.2099,
2.158,0.3007,0.1272,0.08699,0.06418,0.1143,0.04422,0.01185,0.05208,0.03278,0.04987,0.2051,0.2114,
2.159,0.2982,0.1247,0.08712,0.0644,0.1157,0.04428,0.01187,0.05215,0.03282,0.04993,0.2053,0.2117,
2.158,0.3091,0.1248,0.08678,0.0648,0.1153,0.04525,0.01134,0.05273,0.03184,0.04994,0.2054,0.2118,
2.158,0.2953,0.1267,0.08678,0.06486,0.1148,0.04522,0.01133,0.0527,0.03182,0.04992,0.2063,0.2095,
2.155,0.3008,0.1266,0.0867,0.06307,0.1148,0.04469,0.0112,0.05362,0.03289,0.04793,0.2063,0.2121,
2.157,0.2991,0.1286,0.08644,0.06323,0.1158,0.04465,0.01119,0.05433,0.03372,0.04625,0.2071,0.2086,
2.154,0.3218,0.1246,0.08619,0.0634,0.119,0.04362,0.01128,0.05422,0.03318,0.04624,0.2081,0.2101,
2.153,0.3101,0.1242,0.08603,0.06338,0.1187,0.04353,0.01126,0.05411,0.03311,0.04614,0.2098,0.2097,
2.153,0.3102,0.1226,0.08571,0.06374,0.1203,0.04353,0.01126,0.05411,0.03311,0.04614,0.2098,0.2097,
2.176,0.3054,0.1224,0.08572,0.064,0.1191,0.04354,0.01125,0.05412,0.03312,0.06467,0.1924,0.2098,
2.178,0.3061,0.1214,0.08562,0.06407,0.1194,0.04352,0.01158,0.05375,0.03646,0.06126,0.1932,0.2097,
2.178,0.3107,0.1205,0.08488,0.06413,0.1195,0.04355,0.01159,0.05432,0.03596,0.06131,0.1944,0.2098,
2.177,0.311,0.1204,0.08507,0.0642,0.1192,0.0433,0.01206,0.05372,0.03587,0.0612,0.1944,0.2106,
2.179,0.3114,0.12,0.0852,0.06429,0.1201,0.04329,0.01258,0.05319,0.03639,0.06067,0.1954,0.2089,
2.177,0.3077,0.1199,0.08471,0.06492,0.1201,0.04541,0.01099,0.05344,0.0365,0.05979,0.1954,0.2089,
2.176,0.3129,0.1198,0.08483,0.06303,0.1198,0.04543,0.01142,0.05304,0.03651,0.05981,0.1955,0.2109,
2.176,0.3058,0.1196,0.08505,0.06312,0.1194,0.04492,0.01182,0.05253,0.03821,0.05816,0.1956,0.2117,
2.177,0.3086,0.1195,0.08488,0.06339,0.1194,0.04492,0.01235,0.052,0.03821,0.05816,0.1956,0.2117,
2.179,0.3152,0.1223,0.08509,0.06346,0.1185,0.04492,0.01235,0.05323,0.03856,0.05657,0.1965,0.2085,
2.18,0.3102,0.1219,0.08516,0.06348,0.1185,0.04494,0.01288,0.05273,0.03955,0.05562,0.1966,0.2086,
2.179,0.3111,0.1217,0.08529,0.0636,0.1182,0.04453,0.01278,0.05261,0.03956,0.05564,0.1967,0.2094,
2.178,0.3144,0.121,0.0853,0.06373,0.1187,0.04589,0.01184,0.05219,0.03956,0.05564,0.1967,0.2094,
2.179,0.3175,0.1208,0.08525,0.06401,0.1187,0.04589,0.01255,0.05148,0.03956,0.05564,0.1967,0.2094,
2.177,0.3186,0.1203,0.08472,0.0642,0.1184,0.04576,0.01251,0.05175,0.03902,0.05548,0.1991,0.2088,
2.178,0.3105,0.1198,0.0847,0.06451,0.1181,0.0458,0.01252,0.05179,0.03905,0.05552,0.1993,0.209,
2.179,0.3218,0.1183,0.08453,0.06501,0.1192,0.0458,0.01305,0.05197,0.03957,0.05429,0.1993,0.209,
2.179,0.3306,0.118,0.08457,0.06521,0.1191,0.04582,0.01305,0.052,0.03959,0.05431,0.1993,0.2091,
2.176,0.3187,0.1176,0.08429,0.06529,0.1199,0.04372,0.01305,0.05199,0.03959,0.0543,0.2003,0.2099,
2.175,0.3249,0.1174,0.08391,0.06536,0.1192,0.04367,0.01304,0.05193,0.04077,0.05301,0.2021,0.2096,
2.175,0.3336,0.1172,0.08417,0.06552,0.1185,0.04371,0.01305,0.0525,0.04079,0.05252,0.2023,0.2098,
2.175,0.3302,0.1169,0.08424,0.06583,0.1172,0.04372,0.01305,0.05327,0.0429,0.04967,0.2033,0.2099,
2.165,0.3406,0.1185,0.08427,0.06588,0.1162,0.04213,0.01303,0.06727,0.02879,0.04961,0.2051,0.2091,
2.168,0.3695,0.1182,0.08439,0.06603,0.1162,0.04213,0.01303,0.06727,0.03382,0.04458,0.2051,0.2091,
2.167,0.3525,0.118,0.08423,0.06623,0.1157,0.0421,0.01302,0.06724,0.0338,0.04456,0.2061,0.209,
2.168,0.3534,0.1176,0.08414,0.0664,0.1158,0.04212,0.01356,0.06716,0.03431,0.04365,0.2061,0.2091,
2.167,0.3538,0.1161,0.08401,0.0665,0.1168,0.04149,0.01357,0.06721,0.03434,0.04368,0.2063,0.21,
2.167,0.3623,0.1159,0.08399,0.06665,0.1169,0.04133,0.01355,0.06724,0.03435,0.0437,0.2064,0.2101,
2.167,0.37,0.1154,0.08363,0.06678,0.117,0.04137,0.01398,0.06688,0.03438,0.04374,0.2066,0.2102,
2.167,0.3503,0.1152,0.08384,0.06692,0.1166,0.04139,0.01399,0.0669,0.0344,0.04375,0.2067,0.2103,
2.168,0.3627,0.1137,0.08373,0.06732,0.1178,0.04139,0.01472,0.0667,0.03387,0.04375,0.2067,0.2103,
2.166,0.3642,0.1124,0.08365,0.06741,0.1188,0.03986,0.01473,0.06673,0.03498,0.04268,0.2068,0.212,
2.166,0.3594,0.1137,0.08367,0.06737,0.1187,0.03982,0.01471,0.06666,0.03494,0.04263,0.2076,0.2103,
2.167,0.3614,0.1133,0.08347,0.0675,0.1179,0.04017,0.01555,0.06603,0.03442,0.04264,0.2087,0.2103,
2.166,0.3599,0.112,0.08358,0.06753,0.1187,0.04012,0.01553,0.06596,0.03438,0.04259,0.2095,0.2101,
2.165,0.3575,0.1118,0.0837,0.06763,0.1183,0.0398,0.01545,0.06588,0.03427,0.04261,0.2096,0.2109,
2.165,0.3773,0.1104,0.08391,0.06778,0.1191,0.03982,0.01545,0.06633,0.03386,0.04262,0.2097,0.211,
2.176,0.3531,0.1117,0.08386,0.06781,0.1187,0.0389,0.01564,0.06637,0.03313,0.05101,0.2022,0.2107,
2.176,0.3631,0.1102,0.08361,0.06818,0.1195,0.03893,0.01565,0.06643,0.03401,0.05019,0.2024,0.2109,
2.176,0.3663,0.1114,0.08375,0.06811,0.1193,0.03885,0.01562,0.06671,0.03352,0.05009,0.204,0.2087,
2.176,0.3767,0.1105,0.08376,0.06816,0.1201,0.03885,0.01562,0.06671,0.03472,0.04888,0.204,0.2087,
2.175,0.3684,0.1104,0.08359,0.06845,0.1201,0.03819,0.01562,0.06671,0.03525,0.04836,0.204,0.2093,
2.176,0.378,0.1095,0.08364,0.0687,0.1199,0.03824,0.01564,0.0668,0.03811,0.04559,0.2043,0.2096,
2.173,0.3728,0.1093,0.08351,0.06866,0.1198,0.03766,0.01506,0.06673,0.03923,0.04439,0.2051,0.2105,
2.174,0.3769,0.1117,0.08374,0.06859,0.1197,0.03762,0.01505,0.06666,0.03919,0.04435,0.2059,0.2075,
2.173,0.3845,0.1112,0.08356,0.06848,0.1192,0.03758,0.01503,0.06658,0.04166,0.04178,0.2077,0.2072,
2.173,0.3709,0.1109,0.08374,0.06866,0.1181,0.03698,0.01548,0.06628,0.04173,0.04185,0.2081,0.2082,
2.183,0.3699,0.1078,0.08355,0.06891,0.1195,0.0378,0.01462,0.06622,0.0417,0.05001,0.2018,0.2081,
2.181,0.3752,0.1065,0.08365,0.06903,0.12,0.03717,0.01463,0.06754,0.04157,0.04895,0.202,0.2089,
2.181,0.382,0.1037,0.08372,0.06925,0.1208,0.03721,0.01517,0.0671,0.04161,0.04901,0.2032,0.2092,
2.181,0.3732,0.1034,0.08359,0.06944,0.1207,0.03718,0.01516,0.06703,0.04157,0.04896,0.2041,0.209,
2.178,0.3886,0.1034,0.08378,0.0696,0.1192,0.03526,0.01579,0.06706,0.04111,0.04904,0.2044,0.2113,
2.178,0.3843,0.1033,0.08388,0.06978,0.1188,0.03527,0.0158,0.06709,0.04113,0.04906,0.2045,0.2114,
2.178,0.3792,0.103,0.08413,0.06978,0.1186,0.03529,0.01581,0.06712,0.04115,0.04908,0.2046,0.2115,
2.179,0.3947,0.103,0.08423,0.06988,0.1178,0.03532,0.01639,0.06662,0.04119,0.04912,0.2048,0.2117,
2.179,0.3725,0.1025,0.08454,0.06997,0.1171,0.03536,0.01641,0.0667,0.04177,0.04865,0.205,0.212,
2.179,0.3764,0.1023,0.0847,0.07011,0.1167,0.03538,0.01641,0.06673,0.04179,0.04867,0.2051,0.2121,
2.181,0.3944,0.1059,0.08462,0.07022,0.1166,0.03468,0.01693,0.06613,0.04175,0.04862,0.206,0.2086,
2.181,0.3766,0.1054,0.08442,0.07065,0.1163,0.03524,0.01641,0.06618,0.04178,0.04865,0.2061,0.2088,
2.176,0.3927,0.1054,0.08421,0.06868,0.1164,0.03371,0.01695,0.06568,0.0418,0.04868,0.2062,0.2123,
2.176,0.3957,0.1035,0.08468,0.06876,0.1177,0.03371,0.01695,0.06568,0.0418,0.04868,0.2062,0.2123,
2.174,0.3821,0.1061,0.08458,0.06866,0.1175,0.03364,0.01725,0.07121,0.03571,0.04858,0.2079,0.209,
2.175,0.3853,0.1041,0.08469,0.06882,0.1184,0.03368,0.01761,0.07096,0.03576,0.04863,0.2081,0.2092,
2.172,0.3798,0.1015,0.08454,0.06717,0.1207,0.03364,0.0176,0.07088,0.03625,0.04805,0.209,0.2107,
2.172,0.3738,0.1004,0.0845,0.06725,0.1214,0.03366,0.0176,0.07091,0.03626,0.04807,0.2091,0.2108,
2.172,0.3897,0.1003,0.08459,0.0675,0.1207,0.03369,0.01761,0.07098,0.0363,0.04811,0.2092,0.211,
2.174,0.4145,0.1,0.08482,0.06755,0.1207,0.03369,0.01921,0.06939,0.0363,0.04811,0.2092,0.211,
2.173,0.3819,0.09908,0.08524,0.06756,0.1192,0.03372,0.01922,0.07002,0.03768,0.04632,0.2106,0.2113,
2.16,0.398,0.09893,0.08521,0.06748,0.1181,0.03431,0.0187,0.08422,0.0237,0.04642,0.2111,0.2118,
2.161,0.3904,0.09867,0.08508,0.06771,0.1178,0.03518,0.0184,0.08375,0.02469,0.04548,0.2113,0.212,
2.161,0.3874,0.09857,0.08521,0.06789,0.117,0.03521,0.01841,0.08382,0.02471,0.04551,0.2115,0.2122,
2.171,0.3734,0.09817,0.08519,0.06777,0.1169,0.03519,0.01839,0.08376,0.02468,0.05333,0.2045,0.212,
2.173,0.3813,0.101,0.08509,0.06635,0.1171,0.03513,0.01837,0.08363,0.0266,0.05129,0.2063,0.2092,
2.172,0.3841,0.1007,0.08517,0.06633,0.1167,0.03511,0.01835,0.08358,0.02659,0.05126,0.2072,0.2091,
2.172,0.3929,0.1003,0.08523,0.06673,0.1167,0.03391,0.01822,0.08358,0.03058,0.04726,0.2072,0.2104,
2.17,0.3909,0.09973,0.08523,0.06663,0.1157,0.03442,0.01765,0.0835,0.03055,0.04722,0.2091,0.2102,
2.171,0.3931,0.09865,0.08485,0.0671,0.1167,0.03442,0.01765,0.0835,0.03153,0.04624,0.2091,0.2102,
2.171,0.3983,0.09855,0.08465,0.06741,0.1167,0.03442,0.01765,0.0835,0.03242,0.04535,0.2091,0.2102,
2.17,0.3965,0.09855,0.08499,0.06753,0.1146,0.03451,0.0177,0.08451,0.03172,0.04547,0.2097,0.2108,
2.17,0.3784,0.09681,0.0851,0.06767,0.1161,0.03451,0.0177,0.08451,0.03172,0.04547,0.2097,0.2108,
2.169,0.3563,0.0967,0.08524,0.06779,0.1144,0.03453,0.01771,0.08456,0.03174,0.04549,0.2109,0.211,
2.17,0.3593,0.09667,0.08539,0.06788,0.1137,0.03456,0.01772,0.08463,0.03337,0.04392,0.211,0.2111,
2.17,0.3715,0.09667,0.08524,0.06803,0.1137,0.03456,0.01772,0.08463,0.03435,0.04295,0.211,0.2111,
2.17,0.3547,0.09642,0.08522,0.06814,0.1133,0.03512,0.01718,0.0847,0.03437,0.04298,0.2112,0.2113,
2.17,0.3873,0.09639,0.08502,0.06849,0.1129,0.03471,0.01761,0.08407,0.03652,0.04086,0.2113,0.2121,
2.169,0.3562,0.09713,0.08489,0.06858,0.1133,0.03402,0.0176,0.08402,0.0365,0.04083,0.2123,0.2108,
2.178,0.3707,0.09595,0.08475,0.0685,0.114,0.03395,0.0181,0.08331,0.03642,0.04687,0.2078,0.2104,
2.178,0.3439,0.09555,0.08476,0.06874,0.1135,0.03393,0.01809,0.08326,0.0364,0.04684,0.2087,0.2103,
2.178,0.3429,0.09547,0.0847,0.06879,0.1126,0.03392,0.01861,0.08271,0.03748,0.04573,0.2097,0.2102,
2.177,0.3218,0.09525,0.08479,0.06892,0.1126,0.03481,0.01772,0.08324,0.03784,0.04485,0.2097,0.2102,
2.176,0.3351,0.0939,0.08475,0.06899,0.1133,0.03532,0.01718,0.08319,0.03835,0.04429,0.2106,0.2101,
2.17,0.3494,0.09334,0.08473,0.06783,0.1128,0.03476,0.0159,0.0837,0.04334,0.03874,0.2116,0.2132,
2.185,0.3401,0.09409,0.08441,0.06764,0.1136,0.03463,0.01637,0.08287,0.04318,0.04855,0.205,0.2097,
2.187,0.356,0.09411,0.08403,0.06808,0.1132,0.03465,0.01744,0.08255,0.04249,0.04857,0.2051,0.2097,
2.187,0.3328,0.09416,0.08352,0.06831,0.1129,0.03468,0.01798,0.08287,0.04175,0.04862,0.2053,0.2099,
2.199,0.385,0.09413,0.08348,0.0685,0.1125,0.03403,0.07258,0.02885,0.04387,0.04601,0.2054,0.2107,
2.203,0.3806,0.09409,0.08347,0.06864,0.1121,0.0403,0.06635,0.02886,0.04888,0.04102,0.2055,0.2108,
2.203,0.3823,0.09389,0.08369,0.06873,0.1117,0.04032,0.06638,0.02887,0.0489,0.04104,0.2056,0.2109,
2.197,0.3786,0.09379,0.08363,0.06886,0.1114,0.03798,0.06662,0.02809,0.04892,0.04106,0.2056,0.214,
2.196,0.3837,0.09526,0.08347,0.06893,0.1109,0.03685,0.06658,0.0285,0.049,0.0405,0.2066,0.2134,
2.196,0.3739,0.09794,0.0831,0.0692,0.1108,0.03539,0.06651,0.02925,0.04817,0.04046,0.2074,0.2118,
2.197,0.3718,0.09946,0.08307,0.06931,0.1109,0.03536,0.06647,0.0301,0.04726,0.04043,0.2083,0.2094,
2.192,0.381,0.09929,0.08303,0.06933,0.1113,0.03267,0.06692,0.03028,0.04646,0.04038,0.2101,0.2102,
2.19,0.3679,0.099,0.08353,0.06766,0.1099,0.03272,0.06703,0.03111,0.04693,0.03928,0.2105,0.2124,
2.188,0.3415,0.09894,0.08342,0.06794,0.1095,0.03163,0.06706,0.03113,0.04749,0.03875,0.2106,0.2136,
2.201,0.3275,0.1021,0.08359,0.06804,0.109,0.03205,0.06663,0.03112,0.04749,0.04554,0.2048,0.2096,
2.201,0.3174,0.1012,0.08395,0.06829,0.108,0.03212,0.06677,0.03118,0.04918,0.04402,0.2053,0.2101,
2.194,0.3288,0.1002,0.08412,0.06655,0.1066,0.03221,0.0675,0.05644,0.02497,0.04281,0.2059,0.2127,
2.194,0.3124,0.09848,0.08406,0.06668,0.1082,0.03221,0.0675,0.05644,0.02497,0.04281,0.2059,0.2127,
2.197,0.3146,0.1008,0.08406,0.06681,0.1081,0.03245,0.06769,0.05584,0.02655,0.04116,0.2067,0.2098,
2.197,0.3192,0.1003,0.08445,0.06691,0.1081,0.03288,0.06727,0.05584,0.02655,0.04116,0.2067,0.2098,
2.194,0.3276,0.09993,0.0846,0.06695,0.1076,0.03147,0.06776,0.05528,0.02653,0.04114,0.2076,0.2111,
2.192,0.3477,0.1,0.08458,0.06719,0.1065,0.03039,0.06784,0.05535,0.02789,0.03985,0.2079,0.2125,
2.192,0.3317,0.102,0.08449,0.06732,0.1052,0.0304,0.06786,0.05661,0.02719,0.03933,0.209,0.2106,
2.191,0.3396,0.1004,0.08454,0.06746,0.1044,0.03041,0.06787,0.05662,0.02719,0.03934,0.2111,0.2106,
2.191,0.338,0.1002,0.08482,0.06756,0.1037,0.03043,0.06792,0.05666,0.02721,0.03937,0.2113,0.2108,
2.19,0.3306,0.1038,0.08463,0.06578,0.1041,0.03041,0.06788,0.05741,0.02641,0.03934,0.2122,0.208,
2.2,0.3298,0.1024,0.0843,0.06591,0.105,0.03039,0.06784,0.05737,0.0264,0.04549,0.207,0.2079,
2.2,0.3326,0.1021,0.08447,0.06613,0.1046,0.0304,0.06787,0.05739,0.02765,0.04426,0.2071,0.208,
2.199,0.3285,0.1014,0.08462,0.06612,0.1041,0.03078,0.06733,0.0587,0.02673,0.04366,0.2088,0.2077,
2.2,0.3322,0.1013,0.08463,0.06634,0.1038,0.03079,0.06803,0.05848,0.02989,0.04011,0.2089,0.2078,
2.205,0.3504,0.1012,0.08473,0.06647,0.1034,0.05874,0.04013,0.05944,0.02949,0.03958,0.209,0.2078,
2.202,0.3452,0.1011,0.08464,0.06493,0.1034,0.05927,0.03959,0.05944,0.02949,0.03958,0.209,0.2095,
2.202,0.3476,0.101,0.08443,0.06499,0.1033,0.05921,0.03989,0.05946,0.03019,0.03839,0.2098,0.2093,
2.186,0.358,0.101,0.08439,0.06508,0.1033,0.07858,0.02115,0.05883,0.03072,0.03785,0.2098,0.2093,
2.185,0.3617,0.1008,0.08445,0.06525,0.1029,0.07661,0.02116,0.05886,0.03233,0.03627,0.2099,0.2114,
2.184,0.3679,0.1006,0.08462,0.06535,0.1029,0.07539,0.0217,0.05832,0.03233,0.03627,0.2099,0.2126,
2.184,0.3545,0.1024,0.08466,0.06536,0.1021,0.07471,0.02169,0.05831,0.03232,0.03626,0.2109,0.2113,
2.183,0.3817,0.101,0.08477,0.06549,0.1017,0.07517,0.02184,0.05776,0.03346,0.03515,0.211,0.2126,
2.183,0.3745,0.1009,0.08476,0.06566,0.1014,0.0752,0.02185,0.05779,0.03612,0.03253,0.2111,0.2127,
2.189,0.3726,0.1009,0.08504,0.06589,0.09953,0.07536,0.04941,0.03037,0.03618,0.03258,0.2116,0.2132,
2.187,0.3719,0.1009,0.08496,0.06611,0.09912,0.07544,0.04782,0.03038,0.03619,0.0326,0.2117,0.2148,
2.185,0.386,0.1006,0.08522,0.06618,0.09872,0.0748,0.04784,0.0304,0.04032,0.0285,0.2118,0.2156,
2.18,0.3833,0.1002,0.08533,0.06576,0.0984,0.07062,0.04842,0.03031,0.03992,0.02852,0.212,0.2206,
2.177,0.3841,0.09998,0.08533,0.06383,0.0984,0.07062,0.04842,0.03031,0.03992,0.02852,0.212,0.2227,
2.175,0.3882,0.1007,0.08566,0.06384,0.09793,0.06857,0.04839,0.03072,0.03947,0.0285,0.2129,0.2233,
2.185,0.4024,0.1039,0.08569,0.06407,0.09746,0.06852,0.04835,0.0307,0.04098,0.03081,0.21,0.2195,
2.182,0.4007,0.1072,0.08547,0.06404,0.0973,0.06841,0.04827,0.04919,0.02237,0.03076,0.2117,0.2152,
2.19,0.3957,0.1075,0.08523,0.06421,0.09874,0.06837,0.04887,0.04853,0.02236,0.03462,0.2088,0.2128,
2.188,0.4074,0.1073,0.08529,0.06429,0.09874,0.06657,0.04844,0.04853,0.02289,0.03409,0.2088,0.2151,
2.186,0.4035,0.1073,0.08511,0.06457,0.09838,0.06504,0.04846,0.04854,0.0229,0.0341,0.2089,0.2167,
2.183,0.3778,0.1081,0.08518,0.06459,0.09791,0.06387,0.048,0.04894,0.02246,0.03408,0.2098,0.2171,
2.183,0.3746,0.108,0.08532,0.06467,0.09755,0.06389,0.04802,0.04896,0.02246,0.03409,0.2099,0.2172,
2.184,0.3777,0.1079,0.08534,0.06477,0.09755,0.06389,0.04802,0.04896,0.02335,0.0332,0.2099,0.2172,
2.183,0.3795,0.1078,0.08515,0.06506,0.09755,0.06278,0.04859,0.04839,0.02335,0.0332,0.2099,0.2183,
2.185,0.3752,0.1112,0.08518,0.06519,0.09676,0.06278,0.0486,0.0484,0.02336,0.03321,0.211,0.2143,
2.185,0.3766,0.1123,0.08498,0.06555,0.09715,0.06207,0.04857,0.04837,0.02334,0.03318,0.2119,0.2126,
2.197,0.3737,0.1162,0.08442,0.06555,0.09682,0.06207,0.04858,0.0492,0.02253,0.03953,0.2067,0.2083,
2.195,0.375,0.1151,0.08449,0.06571,0.09722,0.06101,0.04862,0.05017,0.02162,0.03956,0.2069,0.2096,
2.195,0.3796,0.115,0.08434,0.06591,0.09722,0.06101,0.04862,0.0507,0.02179,0.03885,0.2069,0.2096,
2.195,0.3767,0.1148,0.08442,0.066,0.09635,0.061,0.04895,0.05034,0.02334,0.03728,0.2079,0.2096,
2.195,0.3779,0.1145,0.08428,0.06614,0.0964,0.06103,0.04897,0.05037,0.02335,0.0373,0.208,0.2097,
2.195,0.3822,0.1143,0.08424,0.06631,0.0964,0.05991,0.04897,0.0509,0.02584,0.03427,0.208,0.2108,
2.194,0.3904,0.1142,0.08409,0.06643,0.09592,0.05987,0.04894,0.05087,0.02582,0.03425,0.2089,0.2107,
2.191,0.3888,0.1124,0.08431,0.06668,0.09582,0.05777,0.04939,0.05063,0.02588,0.03432,0.2094,0.2134,
2.174,0.3805,0.1155,0.08435,0.06527,0.09572,0.05771,0.07841,0.02151,0.02585,0.03428,0.2102,0.2112,
2.173,0.3873,0.1144,0.08427,0.06563,0.09626,0.05706,0.07844,0.02151,0.02643,0.03372,0.2103,0.212,
2.172,0.3994,0.1125,0.08419,0.06587,0.09728,0.0573,0.07865,0.02139,0.02599,0.0337,0.2112,0.2119,
2.171,0.3939,0.1123,0.08435,0.06538,0.09688,0.05665,0.07869,0.02183,0.02557,0.03371,0.2113,0.2133,
2.17,0.4004,0.1153,0.08404,0.0656,0.09642,0.05539,0.07926,0.02118,0.02555,0.03369,0.2122,0.2113,
2.17,0.3811,0.1153,0.08399,0.0657,0.09642,0.05539,0.07926,0.02172,0.02502,0.03369,0.2122,0.2113,
2.169,0.3743,0.1145,0.08392,0.06583,0.09678,0.05474,0.0793,0.02173,0.02503,0.0337,0.2123,0.2121,
2.169,0.381,0.1144,0.08391,0.06603,0.09678,0.05571,0.07834,0.02173,0.02503,0.0337,0.2123,0.2121,
2.171,0.3796,0.1138,0.08376,0.06598,0.09625,0.05563,0.07824,0.0217,0.02499,0.03556,0.2123,0.2118,
2.172,0.3764,0.1134,0.08368,0.0661,0.0963,0.05566,0.07861,0.02136,0.02818,0.0324,0.2124,0.2119,
2.194,0.3696,0.112,0.08358,0.06602,0.09686,0.05557,0.07849,0.02186,0.0276,0.04662,0.1998,0.2116,
2.193,0.3687,0.1107,0.08345,0.06594,0.09762,0.05545,0.07833,0.02182,0.02754,0.04652,0.2014,0.2112,
2.194,0.3639,0.1105,0.08366,0.06599,0.09762,0.05596,0.07783,0.02182,0.02754,0.04652,0.2014,0.2112,
2.193,0.3741,0.1093,0.0832,0.06607,0.09857,0.05646,0.07725,0.02181,0.02753,0.0465,0.2023,0.211,
2.194,0.388,0.1075,0.08336,0.06619,0.09976,0.05648,0.07728,0.02181,0.02753,0.04651,0.2024,0.2111,
2.193,0.3784,0.1067,0.08333,0.06617,0.1003,0.05695,0.07667,0.0225,0.0268,0.04647,0.2032,0.2109,
2.192,0.3826,0.1065,0.08334,0.06501,0.09986,0.05698,0.07671,0.02307,0.02625,0.04649,0.2033,0.2125,
2.191,0.3803,0.1063,0.08351,0.06508,0.09951,0.05699,0.07737,0.02297,0.02572,0.0465,0.2034,0.2126,
2.192,0.3635,0.11,0.08356,0.06509,0.09824,0.05701,0.07773,0.02264,0.02573,0.04652,0.2045,0.209,
2.192,0.3626,0.1097,0.08362,0.06512,0.09814,0.05695,0.07765,0.02262,0.02661,0.04556,0.2053,0.2088,
2.192,0.3761,0.1096,0.08375,0.0652,0.09774,0.05698,0.07768,0.02263,0.02662,0.04558,0.2054,0.2089,
2.192,0.3466,0.1093,0.0838,0.06541,0.09774,0.05698,0.07768,0.02263,0.02662,0.04558,0.2054,0.2089,
2.161,0.3619,0.1088,0.08383,0.06568,0.09742,0.1124,0.02238,0.02264,0.02664,0.04562,0.2056,0.209,
2.159,0.3049,0.1084,0.08378,0.06559,0.09722,0.1127,0.0218,0.02348,0.0257,0.04552,0.2072,0.2086,
2.157,0.2998,0.1079,0.08401,0.06415,0.09675,0.1126,0.02179,0.02346,0.02569,0.0455,0.2081,0.21,
2.157,0.273,0.1117,0.08394,0.06429,0.09576,0.1094,0.02229,0.0229,0.02663,0.04447,0.2099,0.2087,
2.155,0.2785,0.11,0.08386,0.06453,0.097,0.1068,0.0223,0.02291,0.02664,0.04449,0.21,0.2114,
2.154,0.2889,0.1083,0.08424,0.06458,0.09832,0.1048,0.0223,0.02291,0.02664,0.04449,0.21,0.2134,
2.154,0.2867,0.108,0.08425,0.06492,0.09684,0.105,0.02234,0.02296,0.0267,0.04458,0.2105,0.2139,
2.154,0.2904,0.1078,0.08439,0.06496,0.09684,0.105,0.02234,0.02296,0.0267,0.04458,0.2105,0.2139,
2.154,0.2922,0.109,0.08433,0.06489,0.09674,0.1049,0.02232,0.02293,0.02667,0.04453,0.2113,0.2123,
2.154,0.2918,0.1086,0.08439,0.06495,0.09646,0.1043,0.02268,0.02261,0.02669,0.04457,0.2115,0.2132,
2.154,0.2919,0.1085,0.08444,0.06502,0.09646,0.1043,0.02268,0.02261,0.02669,0.04457,0.2115,0.2132,
2.151,0.303,0.1084,0.08447,0.06515,0.0961,0.1033,0.02992,0.01538,0.0283,0.04299,0.2116,0.2144,
2.162,0.3071,0.1123,0.08439,0.06539,0.09686,0.103,0.02939,0.01536,0.02827,0.04876,0.2066,0.2096,
2.162,0.3021,0.1117,0.08468,0.06555,0.09625,0.1031,0.02996,0.01485,0.0283,0.04882,0.2069,0.2099,
2.161,0.3035,0.1117,0.08454,0.06572,0.09589,0.1032,0.03031,0.01451,0.02831,0.04884,0.207,0.21,
2.162,0.3129,0.1112,0.085,0.06576,0.09589,0.1032,0.03031,0.01558,0.02724,0.04884,0.207,0.21,
2.162,0.3049,0.1108,0.08547,0.06579,0.09551,0.1035,0.03005,0.01558,0.02815,0.04798,0.2071,0.2101,
2.162,0.3066,0.1105,0.08551,0.06389,0.09541,0.1034,0.03002,0.01557,0.03443,0.04161,0.2079,0.2118,
2.161,0.3103,0.1099,0.08514,0.06412,0.09485,0.1033,0.02999,0.01555,0.03439,0.04156,0.2097,0.2115,
2.155,0.3417,0.1096,0.08501,0.06349,0.09424,0.09915,0.02945,0.01555,0.03439,0.04155,0.2108,0.2168,
2.155,0.3168,0.1094,0.08511,0.06362,0.09424,0.09915,0.02945,0.01555,0.03439,0.04155,0.2108,0.2168,
2.155,0.3237,0.1093,0.08476,0.06392,0.09381,0.09924,0.02948,0.01556,0.03442,0.04159,0.2109,0.217,
2.175,0.3169,0.113,0.08486,0.06405,0.09392,0.09923,0.02947,0.01629,0.03369,0.05335,0.2002,0.212,
2.175,0.3203,0.1141,0.08474,0.06407,0.09383,0.0994,0.0296,0.01584,0.03365,0.05329,0.201,0.2105,
2.17,0.3158,0.1158,0.08439,0.06283,0.09345,0.09761,0.02866,0.01578,0.03352,0.05308,0.2042,0.2106,
2.168,0.3315,0.1156,0.08433,0.06299,0.09297,0.09755,0.03051,0.0139,0.0335,0.05305,0.2051,0.2105,
2.171,0.3561,0.1155,0.08437,0.0631,0.09258,0.0976,0.03052,0.01444,0.03936,0.04669,0.2052,0.2106,
2.17,0.3444,0.1141,0.0842,0.06337,0.09368,0.09631,0.03053,0.01444,0.03938,0.04671,0.2053,0.212,
2.168,0.3527,0.1141,0.08421,0.06347,0.09295,0.09441,0.03056,0.01446,0.03941,0.04675,0.2055,0.2142,
2.169,0.3882,0.1125,0.084,0.06378,0.09414,0.09445,0.03057,0.01524,0.03865,0.04677,0.2056,0.2143,
2.17,0.3449,0.1141,0.08392,0.06391,0.09369,0.09439,0.03055,0.01523,0.03862,0.04674,0.2065,0.2123,
2.17,0.328,0.1156,0.08417,0.06413,0.09246,0.09442,0.03056,0.01523,0.03863,0.04675,0.2076,0.2105,
2.17,0.3162,0.1154,0.08425,0.06427,0.09206,0.09446,0.03146,0.01435,0.03865,0.04678,0.2077,0.2106,
2.167,0.3129,0.115,0.08446,0.06461,0.09138,0.09481,0.02989,0.01437,0.04101,0.04449,0.2079,0.2121,
2.168,0.3121,0.1161,0.08453,0.06454,0.09128,0.09471,0.02986,0.01435,0.04097,0.04444,0.2087,0.2105,
2.172,0.3223,0.116,0.08467,0.06468,0.09092,0.09502,0.0296,0.03522,0.02011,0.04446,0.2088,0.2106,
2.171,0.3262,0.1156,0.0846,0.06478,0.09096,0.09307,0.02961,0.03524,0.02121,0.04339,0.2089,0.2127,
2.169,0.331,0.1166,0.08475,0.06488,0.09087,0.09346,0.02799,0.0352,0.02207,0.04246,0.2097,0.212,
2.17,0.3339,0.1164,0.08495,0.06486,0.09203,0.09363,0.02769,0.03516,0.02314,0.04132,0.2105,0.2103,
2.17,0.34,0.116,0.08549,0.06511,0.09091,0.09154,0.02772,0.0352,0.02774,0.03679,0.2108,0.2128,
2.17,0.3312,0.116,0.08555,0.06514,0.09051,0.09211,0.0272,0.03522,0.02775,0.03681,0.2109,0.2129,
2.169,0.3389,0.1158,0.08569,0.06525,0.09019,0.09104,0.02721,0.03523,0.02777,0.03683,0.211,0.2141,
2.169,0.3355,0.1153,0.0861,0.0654,0.08982,0.09108,0.02722,0.03525,0.02911,0.03552,0.2111,0.2141,
2.168,0.3428,0.1151,0.08623,0.06552,0.08946,0.09045,0.02723,0.03526,0.02911,0.03553,0.2112,0.2149,
2.183,0.338,0.1174,0.08616,0.06567,0.08898,0.0904,0.02786,0.03459,0.03286,0.0394,0.2044,0.2122,
2.184,0.3538,0.1191,0.0858,0.06571,0.08855,0.09038,0.02786,0.03458,0.03285,0.0394,0.2054,0.2104,
2.183,0.3296,0.1184,0.08593,0.06577,0.08814,0.09036,0.02785,0.03457,0.03284,0.03939,0.2064,0.2104,
2.183,0.3306,0.1181,0.08581,0.06616,0.08814,0.09009,0.02778,0.03449,0.03433,0.03766,0.2064,0.211,
2.182,0.3346,0.1176,0.08611,0.06635,0.08814,0.08943,0.02778,0.03449,0.03433,0.03766,0.2064,0.2117,
2.183,0.3446,0.1165,0.08603,0.06643,0.08923,0.08943,0.02778,0.03449,0.03486,0.03713,0.2064,0.2117,
2.182,0.3402,0.118,0.08584,0.06658,0.08886,0.0879,0.02778,0.03449,0.03486,0.03714,0.2075,0.211,
2.181,0.3362,0.1179,0.08575,0.06693,0.08846,0.08727,0.02824,0.03406,0.03488,0.03715,0.2076,0.2118,
2.18,0.3375,0.1178,0.08573,0.06701,0.08846,0.08528,0.02824,0.03406,0.03488,0.03715,0.2076,0.2138,
2.177,0.3432,0.1164,0.08565,0.06726,0.08946,0.08266,0.02825,0.03408,0.03489,0.03717,0.2077,0.2165,
2.178,0.3506,0.1142,0.08578,0.0673,0.09084,0.08273,0.02828,0.03411,0.03492,0.0372,0.2079,0.2167,
2.177,0.3471,0.1155,0.08584,0.06739,0.09134,0.08326,0.02702,0.03409,0.03588,0.0362,0.2088,0.2146,
2.177,0.3762,0.1151,0.08567,0.06765,0.09138,0.0833,0.02703,0.03481,0.03696,0.03445,0.2089,0.2147,
2.177,0.3616,0.1148,0.08591,0.06772,0.09138,0.0833,0.02703,0.03481,0.03696,0.03445,0.2089,0.2147,
2.175,0.3668,0.1145,0.08612,0.06779,0.09138,0.08069,0.02703,0.03481,0.03914,0.03227,0.2089,0.2173,
2.174,0.3707,0.1145,0.08603,0.06792,0.09138,0.08002,0.02703,0.03568,0.03827,0.03227,0.2089,0.218,
2.172,0.3623,0.1177,0.08593,0.0679,0.09119,0.07853,0.02664,0.03545,0.03799,0.03195,0.2105,0.2161,
2.173,0.3609,0.1181,0.08599,0.06787,0.09155,0.07782,0.02663,0.03543,0.0385,0.03219,0.2107,0.2153,
2.177,0.3596,0.1204,0.0858,0.06652,0.09145,0.07691,0.02633,0.03539,0.04051,0.0334,0.2082,0.2151,
2.175,0.3664,0.1203,0.08574,0.06664,0.09145,0.07677,0.0258,0.03539,0.04051,0.0334,0.2082,0.2157,
2.177,0.3639,0.1233,0.08566,0.06666,0.0914,0.07673,0.02578,0.03537,0.04102,0.03285,0.2091,0.2122,
2.176,0.3565,0.1232,0.08558,0.06685,0.09103,0.0761,0.02579,0.03539,0.04103,0.03286,0.2092,0.2129,
2.175,0.3582,0.1231,0.08544,0.06716,0.09103,0.07477,0.02579,0.03612,0.04031,0.03286,0.2092,0.2142,
2.174,0.3632,0.1219,0.08542,0.06674,0.0917,0.07481,0.02581,0.03613,0.04205,0.03115,0.2093,0.215,
2.174,0.3599,0.1243,0.08542,0.0667,0.09164,0.0741,0.02579,0.03611,0.04202,0.03113,0.2102,0.2126,
2.174,0.36,0.1227,0.08567,0.06703,0.09239,0.07413,0.0258,0.03613,0.04328,0.02991,0.2103,0.2127,
2.2,0.3481,0.1243,0.08562,0.06721,0.09198,0.07411,0.02579,0.03611,0.04326,0.04458,0.1967,0.2104,
2.199,0.3539,0.1214,0.08558,0.0674,0.09468,0.07419,0.02505,0.03611,0.04326,0.04458,0.1967,0.211,
2.199,0.3461,0.1211,0.08575,0.06755,0.09468,0.07419,0.02505,0.03611,0.04326,0.04458,0.1967,0.211,
2.199,0.3475,0.1209,0.08592,0.06757,0.09468,0.07453,0.02471,0.03654,0.04284,0.04458,0.1967,0.211,
2.199,0.3535,0.1206,0.08609,0.06776,0.09468,0.07506,0.02418,0.03654,0.04469,0.04273,0.1967,0.211,
2.198,0.3659,0.1189,0.08656,0.06661,0.09572,0.07506,0.02418,0.03654,0.04469,0.04273,0.1967,0.2124,
2.198,0.367,0.1216,0.08643,0.06681,0.09529,0.07537,0.02381,0.03651,0.04466,0.0427,0.1975,0.2093,
2.198,0.5064,0.1214,0.08644,0.06674,0.09519,0.07463,0.02436,0.0359,0.04462,0.04265,0.1983,0.2098,
2.195,0.4942,0.121,0.08679,0.06686,0.09483,0.07365,0.02384,0.03591,0.04464,0.04267,0.1984,0.2114,
2.195,0.4691,0.1201,0.0867,0.06696,0.09547,0.07368,0.02385,0.03593,0.04741,0.03994,0.1985,0.2115,
