entropy,entropyInd,RabA,RabB,RabC,RabD,RabE,RabF,RabG,RabH,RabI,xER,xPM,
2.178,0.3355,0.106,0.0907,0.0685,0.1252,0.05449,0.03938,0.03062,0.03407,0.03502,0.2066,0.2094,
2.177,0.3355,0.106,0.09069,0.06848,0.1243,0.05448,0.03937,0.0306,0.03405,0.03501,0.2077,0.2094,
2.174,0.3446,0.11,0.09001,0.06654,0.1241,0.05318,0.03901,0.03057,0.03401,0.03497,0.2095,0.2082,
2.174,0.348,0.1096,0.09009,0.0666,0.1238,0.05322,0.03905,0.03059,0.03404,0.03499,0.2097,0.2084,
2.174,0.348,0.1097,0.08912,0.06667,0.1237,0.05329,0.0391,0.03063,0.03408,0.03504,0.2099,0.2087,
2.174,0.3504,0.1096,0.08865,0.0666,0.1238,0.05334,0.03913,0.03066,0.03411,0.03507,0.2101,0.2088,
2.171,0.3632,0.109,0.08853,0.06655,0.1231,0.05186,0.03918,0.0307,0.03416,0.03511,0.2104,0.2113,
2.178,0.3481,0.1115,0.08829,0.06636,0.1224,0.05019,0.03907,0.03061,0.03406,0.04029,0.2077,0.2095,
2.175,0.3527,0.1116,0.08833,0.06639,0.122,0.04836,0.03896,0.03062,0.03408,0.04031,0.2078,0.2116,
2.176,0.3184,0.1141,0.08828,0.06635,0.1215,0.04833,0.03894,0.0306,0.03406,0.04028,0.2087,0.2089,
2.176,0.3183,0.1145,0.08822,0.06631,0.121,0.0483,0.03891,0.03059,0.03404,0.04026,0.2096,0.2082,
2.181,0.3111,0.1145,0.08814,0.06384,0.1199,0.04831,0.03892,0.03059,0.03405,0.04609,0.2049,0.2108,
2.181,0.3263,0.1144,0.08795,0.06387,0.1196,0.04835,0.03895,0.03062,0.03407,0.04612,0.2051,0.211,
2.181,0.3437,0.1143,0.08771,0.06389,0.1197,0.04838,0.03897,0.03063,0.03409,0.04614,0.2051,0.2111,
2.181,0.3145,0.1144,0.08738,0.06397,0.119,0.04843,0.03902,0.03066,0.03413,0.0462,0.2054,0.2113,
2.18,0.3095,0.1173,0.08705,0.06398,0.1186,0.0469,0.03903,0.03067,0.03414,0.04621,0.2065,0.2096,
2.18,0.3104,0.1168,0.08691,0.06403,0.1187,0.04694,0.03906,0.0307,0.03417,0.04625,0.2067,0.2098,
2.18,0.3098,0.1168,0.08694,0.06405,0.1184,0.04695,0.03908,0.03071,0.03418,0.04627,0.2068,0.2099,
2.18,0.31,0.1169,0.08701,0.06409,0.1177,0.04699,0.03911,0.03073,0.0342,0.0463,0.207,0.21,
2.18,0.3407,0.1171,0.08715,0.06419,0.1162,0.04707,0.03918,0.03077,0.03426,0.04638,0.2073,0.2104,
2.179,0.3169,0.1163,0.08692,0.06429,0.1151,0.04647,0.03924,0.03082,0.03431,0.04644,0.2087,0.2114,
2.178,0.3197,0.1162,0.08686,0.06425,0.1146,0.04644,0.03922,0.0308,0.03429,0.04641,0.2096,0.2113,
2.177,0.3246,0.1159,0.08676,0.0642,0.1144,0.04641,0.03919,0.03077,0.03427,0.04638,0.2105,0.2112,
2.176,0.331,0.116,0.08676,0.06422,0.114,0.04577,0.03921,0.03079,0.03428,0.0464,0.2106,0.2119,
2.173,0.331,0.115,0.0868,0.06424,0.1137,0.04402,0.03922,0.0308,0.03429,0.04641,0.2107,0.2149,
2.185,0.3532,0.1173,0.08671,0.06417,0.1136,0.04397,0.03918,0.03076,0.03426,0.05407,0.2039,0.2122,
2.186,0.3321,0.1214,0.08662,0.06411,0.1134,0.04393,0.03914,0.03073,0.03422,0.05402,0.2047,0.2077,
2.186,0.3287,0.1204,0.08666,0.06408,0.1131,0.04394,0.03915,0.03074,0.03423,0.05402,0.2048,0.2089,
2.185,0.3564,0.1185,0.08668,0.0641,0.1127,0.04396,0.03917,0.03075,0.03424,0.05404,0.2048,0.2109,
2.185,0.3836,0.1185,0.08668,0.0641,0.1127,0.04396,0.03917,0.03075,0.03424,0.05404,0.2048,0.2109,
2.183,0.3632,0.1186,0.08677,0.06415,0.1098,0.044,0.0392,0.03078,0.03427,0.05408,0.2071,0.2111,
2.162,0.3732,0.1187,0.08693,0.06443,0.108,0.06961,0.01308,0.03162,0.03453,0.0532,0.2076,0.2123,
2.162,0.31,0.1222,0.08689,0.0644,0.1079,0.07007,0.01252,0.03158,0.03502,0.0526,0.2094,0.2074,
2.161,0.3179,0.1219,0.087,0.06325,0.1074,0.06935,0.01251,0.03156,0.03837,0.0492,0.2103,0.2091,
2.158,0.3226,0.1219,0.08691,0.06335,0.1074,0.06847,0.01206,0.03156,0.03837,0.0492,0.2103,0.2104,
2.157,0.3212,0.1211,0.08687,0.06368,0.1077,0.0672,0.01206,0.03157,0.03948,0.04813,0.2104,0.2118,
2.157,0.4276,0.1211,0.08661,0.0637,0.1074,0.06725,0.01207,0.0316,0.04004,0.04763,0.2106,0.212,
2.157,0.4051,0.1208,0.08681,0.06377,0.1074,0.06725,0.01207,0.0316,0.04004,0.04763,0.2106,0.212,
2.178,0.3571,0.1263,0.08673,0.06369,0.1067,0.06708,0.01204,0.03151,0.04094,0.06027,0.1994,0.2054,
2.178,0.3362,0.1262,0.08679,0.06387,0.1063,0.0671,0.01204,0.03152,0.04096,0.06029,0.1995,0.2055,
2.178,0.3138,0.1247,0.08697,0.06392,0.1073,0.06713,0.01204,0.03153,0.04097,0.06031,0.1995,0.2055,
2.176,0.2877,0.1247,0.0869,0.06417,0.1066,0.06546,0.01205,0.03155,0.041,0.06035,0.1997,0.2074,
2.177,0.2904,0.1243,0.08687,0.06428,0.1058,0.06548,0.01205,0.03156,0.04803,0.05333,0.2008,0.2075,
2.177,0.2901,0.1221,0.08726,0.06447,0.1071,0.06541,0.01204,0.03152,0.05006,0.0512,0.2016,0.2073,
2.175,0.2905,0.1219,0.08721,0.06453,0.1066,0.06427,0.01203,0.0315,0.05158,0.04962,0.2025,0.2083,
2.175,0.295,0.1203,0.08748,0.06458,0.1074,0.06431,0.01203,0.03152,0.05317,0.0481,0.2027,0.2085,
2.175,0.3028,0.1196,0.08752,0.06462,0.1073,0.06427,0.01203,0.0315,0.05314,0.04807,0.2036,0.2084,
2.175,0.2913,0.1194,0.08727,0.06484,0.107,0.06433,0.01204,0.03153,0.05407,0.04723,0.2037,0.2085,
2.174,0.2932,0.1163,0.08731,0.06494,0.1096,0.06426,0.01202,0.0315,0.05455,0.04665,0.2045,0.2083,
2.171,0.3015,0.1162,0.08724,0.06515,0.1096,0.061,0.01202,0.0315,0.05455,0.04665,0.2045,0.2116,
2.171,0.2939,0.114,0.08744,0.06532,0.1111,0.06101,0.01203,0.03151,0.05457,0.04666,0.2046,0.2117,
2.169,0.2951,0.1129,0.08726,0.06549,0.1122,0.05924,0.01203,0.03194,0.05414,0.04666,0.2046,0.2135,
2.168,0.2984,0.115,0.08706,0.06553,0.1121,0.05808,0.01201,0.0319,0.05409,0.04661,0.2055,0.2121,
2.167,0.299,0.1148,0.08727,0.06553,0.1121,0.05697,0.01201,0.0319,0.05409,0.04661,0.2055,0.2132,
2.168,0.2979,0.1195,0.08754,0.06572,0.1106,0.05595,0.01203,0.03195,0.05417,0.04668,0.2068,0.2091,
2.168,0.3105,0.1188,0.08771,0.0659,0.1107,0.05597,0.01204,0.03196,0.05419,0.0467,0.2069,0.2092,
2.169,0.3304,0.1184,0.08798,0.06604,0.1107,0.05597,0.01204,0.03285,0.05331,0.0467,0.2069,0.2092,
2.168,0.3183,0.1172,0.0878,0.06624,0.1112,0.05593,0.01203,0.03283,0.05327,0.04666,0.2078,0.209,
2.167,0.3192,0.1168,0.08729,0.06644,0.1113,0.05531,0.01204,0.03286,0.05421,0.04582,0.208,0.2099,
2.166,0.3169,0.1119,0.08734,0.06685,0.1144,0.05477,0.01206,0.03292,0.05486,0.04538,0.2085,0.211,
2.163,0.3153,0.1117,0.0876,0.06716,0.113,0.05263,0.01208,0.03297,0.05495,0.04545,0.2088,0.2136,
2.162,0.3077,0.1148,0.08753,0.06709,0.1134,0.05032,0.01206,0.03292,0.05486,0.04537,0.2106,0.2111,
2.161,0.325,0.1132,0.0878,0.06709,0.1148,0.05032,0.01206,0.03292,0.05954,0.04069,0.2106,0.2111,
2.159,0.3226,0.111,0.08771,0.06697,0.116,0.0513,0.01119,0.03298,0.05965,0.04076,0.211,0.2115,
2.158,0.3262,0.111,0.08774,0.06706,0.1157,0.05131,0.01119,0.03299,0.06104,0.03941,0.2111,0.2116,
2.156,0.3407,0.1107,0.0879,0.06716,0.1157,0.0502,0.01119,0.03299,0.06228,0.03816,0.2111,0.2127,
2.156,0.3235,0.1099,0.08816,0.06715,0.1153,0.05019,0.01119,0.03383,0.06141,0.03814,0.2121,0.2126,
2.155,0.3352,0.1099,0.08816,0.06715,0.1153,0.05019,0.01119,0.03383,0.06293,0.03663,0.2121,0.2126,
2.155,0.321,0.1095,0.08825,0.06726,0.115,0.05023,0.0112,0.03386,0.06383,0.03581,0.2123,0.2128,
2.154,0.3228,0.1094,0.08818,0.06742,0.115,0.04956,0.0112,0.03386,0.06383,0.03581,0.2123,0.2135,
2.158,0.334,0.112,0.08801,0.06736,0.1147,0.04879,0.01117,0.03379,0.06666,0.0359,0.2108,0.2108,
2.156,0.3307,0.1117,0.08821,0.06738,0.1139,0.0481,0.01117,0.0342,0.06719,0.0349,0.2118,0.2114,
2.152,0.3332,0.1115,0.08802,0.06766,0.1132,0.04906,0.01029,0.03425,0.07009,0.03214,0.2121,0.2117,
2.163,0.3278,0.1114,0.08793,0.06769,0.1127,0.04903,0.01028,0.03547,0.07068,0.03701,0.2063,0.2116,
2.163,0.3355,0.1102,0.08758,0.06779,0.1132,0.04902,0.01028,0.03632,0.06982,0.037,0.2073,0.2115,
2.163,0.3259,0.1096,0.08757,0.06782,0.1132,0.04899,0.01028,0.0363,0.06978,0.03698,0.2082,0.2114,
2.163,0.3284,0.1093,0.08782,0.06791,0.1128,0.04901,0.01028,0.03632,0.06981,0.037,0.2083,0.2115,
2.159,0.343,0.1093,0.08782,0.06807,0.1124,0.0468,0.01028,0.07115,0.03502,0.03701,0.2084,0.2138,
2.16,0.3442,0.1105,0.08782,0.06799,0.1122,0.04673,0.01098,0.07032,0.03496,0.03695,0.2101,0.2115,
2.181,0.342,0.11,0.08794,0.06808,0.1119,0.04565,0.03188,0.04949,0.03499,0.03698,0.2103,0.2128,
2.18,0.3581,0.1049,0.08839,0.06822,0.1162,0.04567,0.03189,0.04951,0.03661,0.03539,0.2104,0.2129,
2.18,0.349,0.1039,0.08862,0.06843,0.1159,0.04573,0.03193,0.04958,0.04059,0.0315,0.2107,0.2132,
2.181,0.3525,0.1058,0.08843,0.06858,0.116,0.04567,0.03189,0.04952,0.04054,0.03147,0.2125,0.2096,
2.181,0.3614,0.1058,0.08849,0.06876,0.1153,0.04571,0.03192,0.04956,0.04058,0.03149,0.2127,0.2098,
2.181,0.3325,0.1055,0.08861,0.06879,0.1146,0.04577,0.03196,0.04962,0.04062,0.03152,0.213,0.21,
2.179,0.3405,0.1041,0.08869,0.06819,0.1155,0.04512,0.03198,0.04964,0.04165,0.03053,0.2131,0.2115,
2.202,0.3207,0.1034,0.08857,0.0684,0.1155,0.04509,0.03196,0.04961,0.0436,0.04278,0.1998,0.2114,
2.201,0.3192,0.1029,0.08825,0.06849,0.1156,0.04513,0.03198,0.04965,0.04971,0.03675,0.1999,0.2116,
2.201,0.3208,0.1023,0.0886,0.06859,0.1153,0.04517,0.03201,0.05041,0.04903,0.03677,0.2001,0.2118,
2.2,0.3213,0.1021,0.08853,0.06864,0.1145,0.04449,0.032,0.0504,0.04903,0.03676,0.2011,0.2124,
2.199,0.3399,0.1003,0.08831,0.06891,0.1157,0.04453,0.03203,0.05234,0.04825,0.03572,0.2013,0.2126,
2.199,0.3271,0.1001,0.08826,0.06925,0.1153,0.04455,0.03204,0.05279,0.04783,0.03573,0.2014,0.2127,
2.199,0.33,0.09591,0.08829,0.06934,0.1195,0.04455,0.03204,0.05279,0.04783,0.03573,0.2014,0.2127,
2.199,0.3311,0.09558,0.08862,0.06942,0.1191,0.04455,0.03206,0.05281,0.04785,0.03574,0.2015,0.2128,
2.199,0.3334,0.09525,0.08862,0.06975,0.1191,0.04455,0.0324,0.05426,0.04606,0.03574,0.2015,0.2128,
2.199,0.3326,0.09527,0.08851,0.07006,0.1181,0.0446,0.03244,0.05475,0.04568,0.03577,0.2017,0.2131,
2.199,0.3334,0.0952,0.08852,0.0702,0.1178,0.04461,0.03245,0.05478,0.0457,0.03578,0.2018,0.2132,
2.197,0.3347,0.09491,0.08833,0.07024,0.1172,0.04454,0.0324,0.05469,0.04563,0.03572,0.2035,0.2128,
2.197,0.3303,0.09278,0.08849,0.07032,0.1188,0.04456,0.03241,0.05471,0.04672,0.03466,0.2036,0.2129,
2.197,0.3327,0.09234,0.08878,0.07048,0.1188,0.0451,0.03222,0.05437,0.04672,0.03466,0.2036,0.2129,
2.196,0.3418,0.09169,0.08855,0.07078,0.1189,0.04505,0.03279,0.05477,0.0478,0.03276,0.2038,0.2131,
2.195,0.3514,0.09126,0.08799,0.07094,0.1185,0.04506,0.03279,0.05612,0.04648,0.03276,0.2049,0.2132,
2.194,0.3382,0.09112,0.08766,0.06988,0.1186,0.04499,0.03281,0.05614,0.0465,0.03278,0.205,0.2146,
2.193,0.3512,0.0938,0.08776,0.06993,0.1177,0.04341,0.0328,0.05613,0.04649,0.03276,0.206,0.2132,
2.193,0.3497,0.09258,0.08796,0.07012,0.118,0.04345,0.03283,0.05689,0.04581,0.03279,0.2062,0.2134,
2.192,0.3656,0.09246,0.08791,0.07014,0.1175,0.04342,0.03281,0.05686,0.04579,0.03277,0.2071,0.2133,
2.192,0.359,0.0907,0.08787,0.07039,0.1182,0.04348,0.03285,0.05694,0.04585,0.03281,0.2074,0.2136,
2.183,0.3852,0.09022,0.08793,0.06939,0.117,0.04351,0.06621,0.02433,0.0452,0.03283,0.2085,0.2148,
2.184,0.3838,0.09004,0.08819,0.06942,0.1166,0.04353,0.06624,0.0256,0.04396,0.03285,0.2086,0.2149,
2.184,0.3785,0.08997,0.08811,0.06957,0.1166,0.04353,0.06624,0.0256,0.04396,0.03285,0.2086,0.2149,
2.184,0.3801,0.08894,0.08813,0.06968,0.1175,0.04353,0.06624,0.0256,0.04396,0.03285,0.2086,0.2149,
2.181,0.3851,0.09009,0.08788,0.06962,0.1164,0.04188,0.06611,0.02691,0.04251,0.03278,0.2114,0.2144,
2.181,0.3812,0.08983,0.08777,0.06964,0.1165,0.04189,0.06614,0.02693,0.04253,0.03279,0.2115,0.2145,
2.179,0.3859,0.08967,0.08759,0.06953,0.1159,0.04182,0.06603,0.02688,0.04499,0.03021,0.2133,0.2141,
2.188,0.3859,0.08873,0.08725,0.06976,0.1152,0.04187,0.06608,0.0269,0.04503,0.03591,0.2089,0.2144,
2.187,0.3847,0.08724,0.08679,0.06995,0.1164,0.04191,0.06647,0.02658,0.04596,0.03504,0.2091,0.2146,
2.187,0.3896,0.08702,0.08688,0.07008,0.1164,0.04191,0.06704,0.026,0.04596,0.03504,0.2091,0.2146,
2.186,0.3823,0.08629,0.08694,0.07017,0.1158,0.04191,0.06706,0.026,0.04597,0.03504,0.2102,0.2146,
2.186,0.436,0.08539,0.08703,0.07043,0.1141,0.06615,0.04319,0.02609,0.04612,0.03514,0.211,0.2154,
2.187,0.3785,0.08938,0.08688,0.07053,0.1131,0.0643,0.04316,0.02607,0.04609,0.03512,0.2129,0.2125,
2.185,0.3911,0.08922,0.08696,0.07071,0.1127,0.06432,0.04317,0.02607,0.04977,0.03145,0.213,0.2126,
2.183,0.3402,0.08899,0.0872,0.07071,0.1127,0.06432,0.04375,0.0255,0.05271,0.02851,0.213,0.2126,
2.183,0.3401,0.08902,0.08706,0.07091,0.1124,0.06434,0.04377,0.0255,0.05379,0.02746,0.2131,0.2127,
2.182,0.3468,0.08862,0.08746,0.07091,0.1124,0.06434,0.04377,0.0255,0.055,0.02624,0.2131,0.2127,
2.18,0.3458,0.0881,0.08743,0.07098,0.1118,0.06424,0.04369,0.02546,0.05624,0.02487,0.2149,0.2123,
2.178,0.3968,0.08806,0.08732,0.07113,0.1118,0.06282,0.04369,0.02681,0.05583,0.02392,0.2149,0.2137,
2.182,0.3832,0.08756,0.08718,0.0706,0.1113,0.06213,0.04368,0.02771,0.05546,0.02633,0.213,0.215,
2.182,0.3702,0.08708,0.08753,0.07095,0.1105,0.06219,0.04372,0.02774,0.05551,0.02635,0.2132,0.2152,
2.182,0.3573,0.08683,0.08755,0.07092,0.1104,0.06212,0.04368,0.02839,0.05531,0.02578,0.214,0.215,
2.182,0.3168,0.08687,0.08767,0.07108,0.109,0.06223,0.04375,0.02844,0.0554,0.02582,0.2144,0.2154,
2.181,0.3182,0.08563,0.08763,0.07116,0.1102,0.06223,0.04375,0.02844,0.05639,0.02482,0.2144,0.2154,
2.179,0.3282,0.08551,0.08736,0.0713,0.11,0.06271,0.04316,0.05721,0.02754,0.0248,0.2152,0.2152,
2.182,0.3239,0.08513,0.08751,0.07134,0.1096,0.06199,0.04348,0.05682,0.02752,0.02665,0.2143,0.2157,
2.182,0.3211,0.08511,0.08764,0.0715,0.1084,0.06207,0.04354,0.0569,0.02756,0.02669,0.2146,0.216,
2.191,0.3051,0.08644,0.08677,0.07171,0.1078,0.062,0.04349,0.05683,0.02752,0.03142,0.2117,0.2143,
2.19,0.3066,0.08631,0.08697,0.07174,0.1075,0.06135,0.0435,0.05685,0.02843,0.03052,0.2118,0.2151,
2.19,0.3049,0.08622,0.087,0.0718,0.1075,0.06135,0.0435,0.05685,0.02843,0.03052,0.2118,0.2151,
2.19,0.313,0.08556,0.08736,0.07184,0.1074,0.06128,0.04346,0.05679,0.0284,0.03049,0.2126,0.2148,
2.189,0.3032,0.08541,0.08728,0.07181,0.1073,0.06122,0.04341,0.05673,0.02837,0.03046,0.2135,0.2146,
2.193,0.3035,0.08506,0.08708,0.07184,0.107,0.06108,0.04332,0.05661,0.02831,0.0334,0.2121,0.2141,
2.159,0.3069,0.08454,0.0868,0.07197,0.1071,0.08563,0.01469,0.05545,0.02834,0.03343,0.2123,0.2197,
2.158,0.2881,0.08199,0.08686,0.07221,0.1111,0.08403,0.01469,0.05547,0.02834,0.03344,0.2134,0.2185,
2.164,0.2823,0.0871,0.08679,0.07224,0.1106,0.08397,0.01594,0.05417,0.02832,0.03341,0.2144,0.2131,
2.191,0.2759,0.09093,0.08685,0.07223,0.1111,0.08226,0.01592,0.05411,0.02961,0.04717,0.2001,0.2098,
2.189,0.2835,0.0905,0.08705,0.07221,0.111,0.08196,0.01544,0.05459,0.02994,0.04623,0.2009,0.2102,
2.19,0.2867,0.0905,0.08687,0.0724,0.111,0.08129,0.0171,0.05347,0.0294,0.04623,0.2009,0.2109,
2.19,0.2786,0.09032,0.08695,0.07245,0.1101,0.08128,0.01773,0.05283,0.0294,0.04621,0.2019,0.2109,
2.19,0.2882,0.09033,0.08686,0.07261,0.1097,0.08019,0.01774,0.05364,0.02994,0.04491,0.202,0.2121,
2.188,0.2919,0.09024,0.08671,0.07261,0.1096,0.07944,0.01772,0.05413,0.02938,0.04486,0.2028,0.2125,
2.187,0.2967,0.09009,0.08655,0.07266,0.1095,0.07824,0.01825,0.05406,0.02881,0.04482,0.2036,0.2134,
2.187,0.3031,0.08968,0.0862,0.07308,0.1096,0.07827,0.01825,0.05409,0.03033,0.04332,0.2037,0.2135,
2.185,0.3054,0.08959,0.08613,0.07332,0.1092,0.07629,0.01826,0.0549,0.02956,0.04334,0.2038,0.2156,
2.183,0.3041,0.08959,0.08599,0.07365,0.1085,0.07735,0.01728,0.05566,0.02886,0.04337,0.2039,0.2158,
2.178,0.3088,0.08818,0.08606,0.07373,0.1091,0.07316,0.01729,0.05571,0.02889,0.04341,0.2041,0.2203,
2.178,0.3121,0.08956,0.08603,0.07365,0.1092,0.07307,0.01727,0.05618,0.02831,0.04334,0.2059,0.2175,
2.183,0.3085,0.09532,0.08589,0.07369,0.1086,0.07295,0.01777,0.05555,0.02826,0.04326,0.2077,0.211,
2.18,0.31,0.09396,0.08554,0.07393,0.1082,0.07371,0.01696,0.05637,0.02796,0.04271,0.2097,0.2109,
2.18,0.3382,0.09396,0.08542,0.07406,0.1082,0.07371,0.01696,0.05637,0.02796,0.04271,0.2097,0.2109,
2.18,0.3366,0.09338,0.0854,0.07432,0.1083,0.07402,0.01734,0.05628,0.02744,0.04272,0.2098,0.211,
2.179,0.337,0.09265,0.08582,0.07437,0.1082,0.07394,0.01732,0.05676,0.02687,0.04268,0.2106,0.2108,
2.176,0.334,0.09253,0.08601,0.0744,0.1078,0.07239,0.01732,0.05664,0.02759,0.04157,0.2107,0.213,
2.175,0.3267,0.0921,0.08574,0.07446,0.1079,0.07179,0.01731,0.05668,0.02761,0.0416,0.2109,0.2139,
2.175,0.3336,0.09398,0.08569,0.07466,0.1075,0.07062,0.0173,0.05708,0.02716,0.04157,0.2118,0.2126,
2.175,0.3411,0.09392,0.08563,0.07478,0.1075,0.07062,0.0173,0.05708,0.02716,0.04157,0.2118,0.2126,
2.193,0.3323,0.09297,0.08589,0.07478,0.1065,0.07046,0.01834,0.05587,0.0271,0.05413,0.2018,0.2122,
2.191,0.3333,0.09192,0.0856,0.07467,0.1068,0.07025,0.01935,0.05623,0.02542,0.05396,0.2042,0.2115,
2.19,0.354,0.09158,0.08528,0.07495,0.106,0.07078,0.01882,0.05625,0.02639,0.053,0.2053,0.2116,
2.193,0.3211,0.09109,0.08571,0.07512,0.1056,0.07081,0.01883,0.05627,0.03202,0.0474,0.2054,0.2117,
2.194,0.316,0.09109,0.08559,0.07524,0.1056,0.07081,0.01883,0.05627,0.03327,0.04616,0.2054,0.2117,
2.194,0.3208,0.09082,0.08566,0.07544,0.1056,0.07081,0.01883,0.05627,0.03327,0.04616,0.2054,0.2117,
2.195,0.3148,0.09472,0.08571,0.07551,0.1048,0.06969,0.01882,0.05626,0.03326,0.04614,0.2064,0.2087,
2.195,0.3179,0.09453,0.08584,0.07564,0.1045,0.06861,0.02026,0.0556,0.03252,0.04616,0.2065,0.2099,
2.195,0.3239,0.09431,0.08593,0.07577,0.1045,0.06861,0.02026,0.0556,0.03252,0.04616,0.2065,0.2099,
2.195,0.325,0.0939,0.0863,0.07581,0.1045,0.0696,0.01926,0.0556,0.03377,0.04491,0.2065,0.2099,
2.187,0.3344,0.09303,0.08666,0.07599,0.1045,0.07491,0.01399,0.05641,0.03662,0.04132,0.2066,0.21,
2.185,0.3401,0.08855,0.08673,0.07612,0.1085,0.07473,0.01354,0.05643,0.03664,0.04133,0.2067,0.2107,
2.182,0.3383,0.08857,0.08669,0.07645,0.1073,0.07635,0.01204,0.05651,0.03669,0.04139,0.207,0.211,
2.192,0.3833,0.08837,0.0868,0.0766,0.107,0.07527,0.0472,0.02138,0.03671,0.04141,0.2071,0.2122,
2.19,0.372,0.08812,0.0866,0.07653,0.1068,0.07511,0.0471,0.02133,0.03663,0.04132,0.2087,0.2118,
2.19,0.3726,0.08808,0.08662,0.07664,0.1064,0.07639,0.04587,0.02134,0.03664,0.04133,0.2088,0.2119,
2.19,0.3779,0.08799,0.08655,0.0768,0.1064,0.07693,0.04533,0.02177,0.03742,0.04013,0.2088,0.2119,
2.189,0.3791,0.08768,0.08607,0.07702,0.1063,0.07688,0.04593,0.0219,0.03662,0.0401,0.2097,0.2118,
2.189,0.3743,0.08986,0.08608,0.07571,0.1058,0.07679,0.04587,0.0224,0.03723,0.03884,0.2116,0.2098,
2.187,0.3797,0.08545,0.08605,0.07577,0.1099,0.07682,0.04589,0.02295,0.04479,0.03079,0.2117,0.2099,
2.187,0.3785,0.08542,0.08603,0.07581,0.1099,0.07682,0.04643,0.02241,0.04479,0.03079,0.2117,0.2099,
2.186,0.3743,0.08526,0.08608,0.076,0.1096,0.07632,0.04631,0.02242,0.0448,0.03079,0.2117,0.2107,
2.202,0.3699,0.08498,0.08611,0.07611,0.109,0.07627,0.04628,0.02241,0.04478,0.04023,0.2032,0.2106,
2.201,0.3788,0.08473,0.08617,0.07614,0.1086,0.07556,0.04626,0.02239,0.04475,0.04021,0.2041,0.2111,
2.197,0.3836,0.08437,0.08581,0.07613,0.108,0.07388,0.04577,0.02237,0.0447,0.04016,0.2059,0.2129,
2.2,0.3808,0.08821,0.08561,0.07626,0.1075,0.07384,0.04574,0.02235,0.04467,0.04013,0.2068,0.2088,
2.197,0.4418,0.08752,0.08616,0.07621,0.1071,0.07191,0.04572,0.02233,0.04464,0.04011,0.2077,0.2106,
2.196,0.4059,0.08741,0.08608,0.07645,0.1067,0.07127,0.04631,0.02178,0.04466,0.04012,0.2078,0.2113,
2.196,0.4083,0.08748,0.0861,0.07654,0.106,0.07134,0.04635,0.0218,0.0459,0.03896,0.208,0.2115,
2.197,0.4078,0.08737,0.08629,0.07663,0.1053,0.0714,0.04638,0.02286,0.04488,0.03898,0.2082,0.2117,
2.195,0.3986,0.08722,0.08635,0.07673,0.1053,0.07028,0.04681,0.02243,0.04488,0.03898,0.2082,0.2128,
2.195,0.4078,0.08577,0.08633,0.07689,0.1066,0.07028,0.04681,0.02243,0.04488,0.03898,0.2082,0.2128,
2.192,0.4251,0.08805,0.08621,0.07689,0.1055,0.06772,0.04629,0.02244,0.04619,0.0377,0.2093,0.2137,
2.162,0.3798,0.08782,0.08644,0.077,0.1048,0.09743,0.01669,0.02246,0.04721,0.03676,0.2095,0.2139,
2.161,0.3816,0.08778,0.08651,0.07708,0.1041,0.09794,0.01627,0.02248,0.04854,0.03549,0.2097,0.2141,
2.163,0.3833,0.08992,0.0863,0.0772,0.104,0.09784,0.01685,0.02274,0.0476,0.03545,0.2105,0.2116,
2.16,0.3845,0.08985,0.08626,0.07651,0.1032,0.09836,0.01631,0.02274,0.04928,0.03375,0.2115,0.2122,
2.16,0.3969,0.08987,0.08604,0.07681,0.1026,0.09844,0.01633,0.02276,0.04933,0.03378,0.2117,0.2124,
2.159,0.3937,0.0893,0.08621,0.07585,0.1022,0.09853,0.01697,0.02215,0.04937,0.03381,0.2119,0.2137,
2.161,0.4039,0.09175,0.08625,0.07603,0.1003,0.09869,0.017,0.02219,0.04945,0.03386,0.2133,0.2111,
2.174,0.3919,0.0916,0.08592,0.07634,0.09986,0.09863,0.01698,0.02217,0.05111,0.04065,0.2057,0.211,
2.173,0.3879,0.08878,0.08579,0.07644,0.1024,0.098,0.01698,0.02218,0.05113,0.04066,0.2058,0.2118,
2.173,0.3927,0.08875,0.08577,0.07649,0.1024,0.09843,0.01655,0.02218,0.05113,0.04066,0.2058,0.2118,
2.172,0.3875,0.08869,0.08551,0.07665,0.1018,0.09856,0.01656,0.0222,0.05119,0.04071,0.2061,0.2121,
2.17,0.3928,0.08782,0.08605,0.07673,0.1015,0.09686,0.01657,0.02222,0.05276,0.03921,0.2063,0.214,
2.17,0.3917,0.08774,0.08595,0.07698,0.1011,0.0969,0.01658,0.02223,0.05278,0.03923,0.2064,0.2141,
2.17,0.398,0.08762,0.086,0.07705,0.1011,0.0969,0.01658,0.02223,0.05412,0.03789,0.2064,0.2141,
2.169,0.3928,0.08716,0.0858,0.07711,0.1008,0.09703,0.0166,0.02322,0.05547,0.03568,0.2067,0.2144,
2.166,0.3881,0.08737,0.0857,0.07722,0.1005,0.09494,0.01701,0.02269,0.05797,0.03321,0.2078,0.2157,
2.166,0.3747,0.08984,0.08548,0.07732,0.09994,0.09375,0.017,0.02267,0.05961,0.0315,0.2097,0.2132,
2.166,0.374,0.08923,0.08558,0.0775,0.09999,0.09379,0.017,0.02268,0.05964,0.03152,0.2098,0.2133,
2.165,0.3724,0.09101,0.08539,0.07761,0.1005,0.09155,0.01748,0.02203,0.05957,0.03149,0.2106,0.2128,
2.163,0.3659,0.09084,0.08544,0.07756,0.09998,0.09133,0.01696,0.02202,0.05954,0.03147,0.2115,0.2133,
2.163,0.3645,0.09084,0.08541,0.0776,0.09998,0.09176,0.01653,0.02202,0.05954,0.03147,0.2115,0.2133,
2.162,0.3627,0.0907,0.0849,0.0776,0.09875,0.09172,0.01652,0.02298,0.05855,0.03145,0.2136,0.2133,
2.16,0.3764,0.09046,0.08479,0.07768,0.09874,0.09175,0.01653,0.02299,0.0611,0.02893,0.2137,0.2134,
2.182,0.3635,0.09009,0.08489,0.07768,0.09863,0.09165,0.01686,0.02262,0.06104,0.04128,0.2021,0.2131,
2.18,0.3679,0.08996,0.08494,0.07777,0.09863,0.09259,0.01654,0.02199,0.06104,0.04128,0.2021,0.2131,
2.174,0.3708,0.08881,0.08499,0.07791,0.09867,0.09562,0.01349,0.02199,0.06103,0.04126,0.2031,0.2131,
2.173,0.375,0.08498,0.08499,0.07791,0.1025,0.09562,0.01349,0.02199,0.06103,0.04126,0.2031,0.2131,
2.173,0.374,0.08441,0.08474,0.07788,0.1022,0.09498,0.01349,0.02303,0.06,0.04127,0.2042,0.2138,
2.173,0.3811,0.08444,0.08464,0.07802,0.1018,0.09502,0.0135,0.02304,0.06003,0.04128,0.2043,0.2139,
2.172,0.3672,0.08325,0.08432,0.07841,0.1029,0.09545,0.01307,0.02304,0.06003,0.04128,0.2043,0.2139,
2.171,0.389,0.08234,0.08422,0.0787,0.1033,0.09482,0.01308,0.02305,0.06006,0.0413,0.2044,0.2147,
2.171,0.3903,0.08219,0.08426,0.07881,0.1033,0.09482,0.01308,0.02305,0.06006,0.0413,0.2044,0.2147,
2.171,0.3899,0.08208,0.08431,0.07895,0.103,0.09486,0.01308,0.02305,0.06008,0.04131,0.2045,0.2148,
2.173,0.3883,0.08445,0.08423,0.07887,0.1029,0.09477,0.01307,0.02303,0.06002,0.04127,0.2053,0.2121,
2.172,0.392,0.08314,0.08423,0.07905,0.1037,0.09481,0.01307,0.02304,0.06005,0.04129,0.2054,0.2122,
2.172,0.3888,0.08299,0.08438,0.07914,0.1031,0.09489,0.01308,0.02306,0.06009,0.04132,0.2056,0.2124,
2.174,0.3877,0.08263,0.08461,0.07927,0.1031,0.09489,0.01362,0.02376,0.05886,0.04132,0.2056,0.2124,
2.175,0.4037,0.08263,0.08461,0.07927,0.1031,0.09489,0.01434,0.02436,0.05753,0.04132,0.2056,0.2124,
2.173,0.4182,0.08229,0.08429,0.07943,0.1029,0.0947,0.01431,0.05822,0.02351,0.04123,0.2072,0.212,
2.173,0.4112,0.08208,0.08432,0.07935,0.1027,0.0946,0.01429,0.05816,0.02436,0.04031,0.208,0.2118,
2.172,0.4213,0.08195,0.08418,0.07938,0.1023,0.09454,0.01428,0.05813,0.02435,0.04028,0.2089,0.2116,
2.172,0.4242,0.0802,0.08435,0.0796,0.1034,0.09307,0.01483,0.05762,0.02436,0.0403,0.209,0.2132,
2.173,0.4229,0.07927,0.08426,0.07974,0.104,0.09311,0.01483,0.05764,0.02796,0.03671,0.2091,0.2133,
2.172,0.4259,0.07927,0.08385,0.08015,0.104,0.09311,0.01483,0.05896,0.02664,0.03671,0.2091,0.2133,
2.172,0.4276,0.07917,0.08398,0.08023,0.1036,0.09315,0.01484,0.05899,0.02755,0.03583,0.2092,0.2134,
2.17,0.4307,0.07588,0.08389,0.08006,0.1064,0.09296,0.0148,0.05886,0.03189,0.03136,0.2109,0.213,
2.17,0.4392,0.07582,0.08391,0.0801,0.1064,0.09229,0.01534,0.05833,0.03189,0.03136,0.2109,0.2137,
2.169,0.434,0.07472,0.08378,0.08023,0.1075,0.09229,0.01534,0.05904,0.03118,0.03136,0.2109,0.2137,
2.194,0.4195,0.07642,0.08344,0.08011,0.1068,0.09137,0.0153,0.05888,0.03109,0.04593,0.1988,0.2118,
2.192,0.4159,0.07632,0.08349,0.0789,0.1065,0.09141,0.0153,0.0589,0.0311,0.04594,0.1989,0.2133,
2.195,0.4157,0.07861,0.08354,0.07891,0.1058,0.0914,0.0153,0.05943,0.03293,0.04357,0.1999,0.2106,
2.194,0.4143,0.0785,0.08325,0.07918,0.1053,0.09135,0.01529,0.0594,0.03291,0.04355,0.2008,0.2105,
2.202,0.4262,0.0781,0.08347,0.07906,0.105,0.0913,0.05188,0.0233,0.03236,0.04353,0.2017,0.2104,
2.2,0.4305,0.07684,0.08322,0.07914,0.1052,0.08925,0.05197,0.02388,0.03375,0.04173,0.202,0.213,
2.2,0.408,0.08055,0.08252,0.07887,0.1045,0.08696,0.05193,0.02386,0.03372,0.0417,0.2039,0.2115,
2.199,0.4665,0.08014,0.08251,0.07904,0.1044,0.08687,0.05188,0.02383,0.03369,0.04166,0.2047,0.2112,
2.199,0.4431,0.08009,0.08245,0.07915,0.1044,0.0874,0.05135,0.02383,0.03502,0.04033,0.2047,0.2112,
2.197,0.4414,0.07953,0.0825,0.07921,0.1039,0.0866,0.05126,0.0238,0.03497,0.04026,0.2064,0.2116,
2.196,0.4251,0.07955,0.0824,0.07936,0.1035,0.08646,0.05079,0.0238,0.03498,0.04027,0.2065,0.2123,
2.198,0.3756,0.08221,0.08221,0.07945,0.103,0.08641,0.05129,0.02325,0.03496,0.04025,0.2074,0.2095,
2.197,0.3731,0.08211,0.08227,0.0796,0.1021,0.08777,0.05011,0.02328,0.035,0.0403,0.2077,0.2098,
2.194,0.3784,0.08115,0.08198,0.08004,0.1023,0.08473,0.05058,0.02412,0.03379,0.04033,0.2079,0.2131,
2.194,0.3711,0.08107,0.08145,0.08014,0.1022,0.0848,0.05063,0.02415,0.03382,0.04037,0.2081,0.2133,
2.186,0.3434,0.08103,0.08135,0.08028,0.1022,0.08534,0.05781,0.01643,0.03967,0.03452,0.2081,0.2133,
2.189,0.3435,0.08506,0.08142,0.08038,0.1018,0.08421,0.0578,0.01643,0.04055,0.03363,0.2091,0.2096,
2.174,0.3524,0.08493,0.08134,0.0804,0.1014,0.1043,0.03764,0.01641,0.04052,0.0336,0.21,0.2095,
2.172,0.3593,0.08481,0.0813,0.08059,0.1011,0.1021,0.03765,0.01642,0.04146,0.03268,0.2101,0.2118,
2.172,0.357,0.08453,0.08138,0.08073,0.1006,0.1022,0.03825,0.01687,0.04182,0.03137,0.2103,0.212,
2.172,0.366,0.08456,0.08138,0.08081,0.1002,0.1016,0.03827,0.01688,0.04184,0.03138,0.2104,0.2127,
2.171,0.3686,0.0841,0.08134,0.08102,0.09875,0.1018,0.03837,0.01692,0.04194,0.03146,0.2109,0.2133,
2.168,0.3777,0.08365,0.08157,0.08098,0.09865,0.1032,0.03773,0.01605,0.04244,0.03089,0.2118,0.2131,
2.187,0.392,0.08306,0.08163,0.08106,0.09808,0.103,0.03829,0.01539,0.04379,0.04154,0.2014,0.2127,
2.186,0.4217,0.08294,0.08143,0.08114,0.09798,0.1029,0.03825,0.01538,0.04375,0.0415,0.2022,0.2125,
2.185,0.4022,0.08292,0.08104,0.08126,0.09768,0.103,0.03914,0.01454,0.04379,0.04154,0.2024,0.2127,
2.184,0.3534,0.08181,0.08117,0.08133,0.09801,0.1036,0.03917,0.01401,0.04382,0.04157,0.2026,0.2129,
2.183,0.3605,0.08178,0.08061,0.08185,0.09694,0.1031,0.03924,0.01403,0.0439,0.04164,0.2029,0.2139,
2.183,0.3316,0.08181,0.08047,0.08204,0.09656,0.1032,0.03926,0.01404,0.04485,0.04072,0.203,0.214,
2.182,0.3562,0.08175,0.08037,0.08219,0.09628,0.1026,0.03928,0.01405,0.04487,0.04074,0.2031,0.2148,
2.183,0.3393,0.08013,0.08034,0.0822,0.09764,0.1026,0.03929,0.01477,0.04543,0.03949,0.2032,0.2149,
2.182,0.3341,0.07997,0.08035,0.08251,0.09689,0.1031,0.03962,0.01415,0.04547,0.03952,0.2034,0.2151,
2.181,0.3412,0.07987,0.08025,0.08276,0.09656,0.1024,0.03963,0.01415,0.04548,0.03953,0.2035,0.2158,
2.182,0.3428,0.08221,0.07998,0.08287,0.09646,0.1016,0.03959,0.01414,0.04633,0.0386,0.2043,0.2139,
2.181,0.3462,0.08025,0.07997,0.08295,0.09806,0.1017,0.04074,0.01373,0.04564,0.03862,0.2044,0.214,
2.181,0.3488,0.08008,0.08002,0.08296,0.09789,0.1017,0.04075,0.01373,0.04655,0.03773,0.2045,0.2141,
2.179,0.3459,0.07997,0.07999,0.0831,0.09789,0.09917,0.04075,0.01373,0.04655,0.03773,0.2045,0.2166,
2.177,0.3566,0.07684,0.08008,0.08267,0.0998,0.0993,0.04124,0.01332,0.04661,0.03779,0.2048,0.2176,
2.177,0.3524,0.07656,0.07982,0.08287,0.09984,0.09934,0.04126,0.01333,0.04663,0.0378,0.2048,0.2177,
2.179,0.3568,0.07916,0.0798,0.0829,0.09978,0.09794,0.04123,0.01407,0.04586,0.03778,0.2057,0.2157,
2.182,0.3505,0.08362,0.07975,0.08314,0.09853,0.09797,0.04179,0.01353,0.04588,0.03779,0.2068,0.2112,
2.178,0.3387,0.08231,0.07946,0.08268,0.09759,0.09723,0.04229,0.01298,0.04584,0.03777,0.2088,0.2131,
2.177,0.3266,0.0821,0.07949,0.08267,0.09658,0.09725,0.04284,0.01244,0.04585,0.03777,0.2099,0.2131,
2.174,0.3343,0.08213,0.07938,0.08285,0.09618,0.09729,0.04339,0.01234,0.05224,0.03099,0.21,0.2132,
2.172,0.3294,0.08147,0.07926,0.08185,0.09678,0.09572,0.04339,0.01234,0.05224,0.03099,0.21,0.216,
2.172,0.3245,0.08512,0.07934,0.08189,0.09629,0.09253,0.04337,0.01233,0.05221,0.03097,0.2109,0.2151,
2.136,0.3519,0.08499,0.07942,0.08194,0.09629,0.1194,0.01645,0.01233,0.05364,0.02953,0.2109,0.2151,
2.147,0.3301,0.08506,0.07923,0.08223,0.09552,0.1189,0.01646,0.04205,0.02488,0.02866,0.2111,0.2159,
2.142,0.3398,0.08394,0.07884,0.08008,0.09629,0.1175,0.01594,0.04209,0.0258,0.02779,0.2113,0.2205,
2.144,0.3364,0.08669,0.07901,0.08011,0.09601,0.1168,0.01592,0.04206,0.02579,0.02777,0.2122,0.2177,
2.144,0.3225,0.08629,0.07922,0.08029,0.09516,0.1165,0.0162,0.04157,0.02582,0.0278,0.2125,0.2187,
2.141,0.336,0.08562,0.07924,0.07921,0.09502,0.1146,0.01621,0.0416,0.02583,0.02781,0.2127,0.2222,
2.139,0.3324,0.08557,0.07924,0.07926,0.09502,0.1125,0.01621,0.0416,0.02583,0.02781,0.2127,0.2243,
2.138,0.3364,0.08529,0.07936,0.07941,0.09502,0.1113,0.01621,0.0416,0.02583,0.02781,0.2127,0.2254,
2.138,0.3396,0.08517,0.07884,0.07937,0.09511,0.1108,0.01623,0.04164,0.02585,0.02783,0.2129,0.2263,
2.134,0.3525,0.08475,0.07833,0.07954,0.09511,0.1077,0.01614,0.04153,0.02572,0.02783,0.2129,0.2305,
2.135,0.3369,0.08691,0.07824,0.07959,0.09424,0.1077,0.01613,0.04152,0.02571,0.02782,0.2139,0.2283,
2.133,0.3388,0.08659,0.0784,0.07975,0.09424,0.1049,0.01613,0.04152,0.02571,0.02782,0.2139,0.231,
2.13,0.3402,0.08651,0.07828,0.07995,0.09424,0.1009,0.01613,0.04152,0.02724,0.02629,0.2139,0.2351,
2.132,0.3358,0.09034,0.07815,0.07998,0.09377,0.09947,0.01612,0.04149,0.0283,0.02518,0.2148,0.2324,
2.156,0.3234,0.09344,0.07818,0.08004,0.09461,0.0999,0.01561,0.04219,0.0281,0.03583,0.2046,0.2275,
2.156,0.3334,0.09313,0.07843,0.0801,0.09461,0.0999,0.01561,0.04219,0.02972,0.03421,0.2046,0.2275,
2.155,0.3381,0.09313,0.0782,0.08033,0.09461,0.09823,0.01561,0.04219,0.02972,0.03421,0.2046,0.2292,
2.155,0.3336,0.09313,0.07812,0.08041,0.09461,0.09823,0.01561,0.04219,0.02972,0.03421,0.2046,0.2292,
2.154,0.3323,0.09126,0.07799,0.08059,0.09643,0.09858,0.01526,0.04219,0.02972,0.03421,0.2046,0.2292,
2.15,0.3368,0.0912,0.078,0.07883,0.09567,0.09752,0.01484,0.04222,0.03029,0.03369,0.2048,0.233,
2.149,0.3428,0.09062,0.0782,0.07888,0.09571,0.09757,0.01485,0.04224,0.0303,0.03371,0.2048,0.2331,
2.143,0.3555,0.09062,0.07808,0.07899,0.09571,0.09713,0.01474,0.05242,0.02116,0.03253,0.2048,0.2338,
2.145,0.3544,0.0936,0.07802,0.07902,0.09505,0.09712,0.01473,0.05241,0.0217,0.03199,0.2058,0.2305,
2.141,0.364,0.09235,0.0781,0.07846,0.09581,0.09359,0.01474,0.0523,0.02225,0.03146,0.2059,0.235,
2.147,0.3805,0.09211,0.07827,0.07853,0.09581,0.09359,0.02093,0.0461,0.02225,0.03146,0.2059,0.235,
2.148,0.3864,0.09545,0.07827,0.07853,0.09522,0.09322,0.02045,0.04675,0.02149,0.03141,0.2077,0.2315,
2.144,0.386,0.09184,0.07804,0.07677,0.0988,0.09376,0.01991,0.04675,0.02149,0.03141,0.2077,0.2336,
2.148,0.4104,0.09169,0.07806,0.0769,0.0988,0.09376,0.04112,0.02554,0.02149,0.03141,0.2077,0.2336,
2.147,0.409,0.09446,0.07785,0.07515,0.09792,0.09428,0.04058,0.02553,0.02148,0.0314,0.2087,0.2327,
2.146,0.409,0.09408,0.07755,0.07518,0.09689,0.09373,0.04097,0.02522,0.02151,0.03144,0.209,0.2345,
2.146,0.4049,0.0939,0.07728,0.07563,0.09689,0.09373,0.04097,0.02522,0.02151,0.03144,0.209,0.2345,
2.146,0.4013,0.09347,0.07761,0.07573,0.09689,0.09373,0.04097,0.02576,0.02097,0.03144,0.209,0.2345,
2.145,0.3891,0.08899,0.07758,0.07587,0.101,0.09377,0.04099,0.02577,0.02098,0.03145,0.2091,0.2346,
2.148,0.3869,0.09317,0.07741,0.0758,0.1008,0.09357,0.0415,0.02512,0.02094,0.03139,0.2107,0.2296,
2.149,0.3772,0.09485,0.07701,0.0761,0.1003,0.09352,0.04147,0.0251,0.02209,0.03019,0.2116,0.2278,
2.148,0.3816,0.09455,0.07734,0.07631,0.09888,0.09255,0.04154,0.02514,0.02213,0.03024,0.212,0.2293,
2.147,0.3797,0.09442,0.07717,0.07627,0.09893,0.09191,0.04156,0.02663,0.02066,0.03026,0.2121,0.2301,
2.147,0.3905,0.09437,0.07709,0.0764,0.09893,0.09191,0.04156,0.02663,0.02309,0.02782,0.2121,0.2301,
2.148,0.3839,0.09772,0.07699,0.07647,0.09842,0.0896,0.04154,0.02662,0.02307,0.02781,0.213,0.2287,
2.146,0.3716,0.09772,0.07684,0.07677,0.0977,0.08766,0.04157,0.02707,0.02266,0.02782,0.2132,0.231,
2.149,0.4457,0.1025,0.07663,0.07687,0.0976,0.08756,0.04153,0.02704,0.02264,0.02779,0.2141,0.2258,
2.167,0.3911,0.1019,0.07648,0.07696,0.09939,0.08753,0.04161,0.02709,0.02417,0.03455,0.2074,0.2229,
2.167,0.3503,0.1035,0.07655,0.07694,0.09894,0.08806,0.04106,0.02708,0.02417,0.03455,0.2084,0.2208,
2.165,0.3473,0.1031,0.07651,0.07509,0.09898,0.0881,0.04162,0.0271,0.02438,0.03382,0.2085,0.2228,
2.165,0.3373,0.1031,0.07664,0.07532,0.09781,0.08822,0.04168,0.02713,0.02441,0.03387,0.2088,0.2231,
2.164,0.338,0.1008,0.07704,0.07535,0.09872,0.08758,0.0417,0.02714,0.02442,0.03388,0.2089,0.2245,
2.164,0.3601,0.098,0.0772,0.07535,0.1013,0.08758,0.0417,0.02714,0.02914,0.02916,0.2089,0.2245,
2.164,0.347,0.09062,0.07693,0.07545,0.1122,0.08588,0.04125,0.02757,0.02924,0.02861,0.2099,0.2224,
2.164,0.3446,0.09062,0.07683,0.07555,0.1122,0.08588,0.04125,0.02757,0.02924,0.02861,0.2099,0.2224,
2.16,0.3433,0.09043,0.07669,0.07553,0.1122,0.08276,0.04127,0.02758,0.02925,0.02862,0.21,0.2257,
2.16,0.3524,0.09023,0.07675,0.07583,0.1115,0.08283,0.04131,0.02761,0.02928,0.02865,0.2102,0.2259,
2.16,0.3447,0.09349,0.07673,0.0758,0.1106,0.08032,0.04184,0.02705,0.02927,0.02864,0.2112,0.225,
2.16,0.355,0.09344,0.07649,0.07614,0.1103,0.08035,0.04186,0.02707,0.02928,0.02866,0.2113,0.2251,
2.162,0.3492,0.09729,0.07586,0.07631,0.1102,0.0803,0.04183,0.02705,0.02981,0.0281,0.2122,0.221,
2.161,0.3531,0.09685,0.07586,0.07646,0.1096,0.07973,0.04247,0.02651,0.02985,0.02813,0.2125,0.222,
2.161,0.3457,0.09705,0.07531,0.07685,0.1079,0.08021,0.0423,0.02657,0.02992,0.02821,0.2131,0.2226,
2.162,0.3454,0.09841,0.07548,0.0769,0.1071,0.08027,0.04233,0.02659,0.02994,0.02823,0.2143,0.2204,
2.162,0.3506,0.1004,0.0753,0.07698,0.1066,0.08022,0.04231,0.02658,0.0348,0.02334,0.2152,0.2183,
2.16,0.3575,0.09945,0.07517,0.07712,0.1075,0.07954,0.04231,0.02658,0.0358,0.02233,0.2152,0.2189,
2.15,0.3776,0.09931,0.07529,0.07722,0.1071,0.09149,0.03042,0.02659,0.03582,0.02235,0.2153,0.219,
2.148,0.3425,0.09931,0.07507,0.07558,0.1071,0.09149,0.03042,0.02746,0.03494,0.02235,0.2153,0.2209,
2.144,0.3532,0.09915,0.0752,0.07492,0.1071,0.08868,0.03042,0.02746,0.03655,0.02074,0.2153,0.2244,
2.144,0.3518,0.09868,0.07537,0.07497,0.1068,0.08806,0.03044,0.02748,0.03658,0.02075,0.2155,0.2253,
2.143,0.3523,0.09873,0.07538,0.075,0.1065,0.08742,0.03045,0.02749,0.0366,0.02076,0.2156,0.2261,
2.143,0.3566,0.09857,0.07534,0.07522,0.1061,0.08745,0.03047,0.0275,0.03661,0.02077,0.2157,0.2262,
2.117,0.3716,0.09828,0.07552,0.07533,0.1061,0.1037,0.01351,0.0275,0.03661,0.02077,0.2157,0.2269,
2.115,0.3789,0.0972,0.07546,0.07397,0.1072,0.103,0.01351,0.02841,0.0357,0.02077,0.2157,0.229,
2.116,0.3677,0.09865,0.07524,0.07408,0.1067,0.103,0.0135,0.02883,0.03524,0.02076,0.2167,0.2274,
2.114,0.3741,0.09753,0.07505,0.07426,0.1078,0.1007,0.0135,0.02883,0.03524,0.02076,0.2167,0.2296,
2.114,0.3812,0.09652,0.07546,0.07452,0.1079,0.1007,0.0135,0.02884,0.03525,0.02077,0.2168,0.2297,
2.133,0.3761,0.0988,0.07544,0.07458,0.1092,0.09929,0.01349,0.02882,0.03522,0.0288,0.2097,0.2267,
2.133,0.3886,0.09853,0.07534,0.07481,0.1085,0.09943,0.01351,0.0294,0.03473,0.02884,0.21,0.227,
2.132,0.3909,0.09537,0.07526,0.07484,0.1123,0.09937,0.0135,0.02938,0.03805,0.02548,0.2109,0.2256,
2.131,0.3707,0.09383,0.07523,0.07498,0.1137,0.09869,0.0135,0.02938,0.03859,0.02493,0.2109,0.2263,
2.131,0.3744,0.09366,0.07527,0.07519,0.1133,0.09872,0.01394,0.0299,0.03866,0.02394,0.211,0.2264,
2.128,0.3931,0.09346,0.07516,0.07361,0.1131,0.09808,0.01394,0.0311,0.03804,0.02341,0.2111,0.229,
2.126,0.3918,0.0935,0.07496,0.07318,0.1127,0.09653,0.01395,0.03155,0.03762,0.02342,0.2112,0.2314,
2.126,0.3916,0.09327,0.07515,0.07325,0.1124,0.09657,0.01396,0.03157,0.03763,0.02343,0.2113,0.2315,
2.125,0.3974,0.0916,0.07478,0.07331,0.1138,0.09597,0.01397,0.0316,0.03767,0.02345,0.2115,0.2324,
2.126,0.3929,0.09484,0.07451,0.07215,0.1134,0.09585,0.01397,0.03161,0.03768,0.02346,0.2126,0.23,
2.129,0.3939,0.09619,0.07438,0.07217,0.113,0.09582,0.02627,0.01929,0.03767,0.02345,0.2136,0.2282,
2.127,0.4001,0.09687,0.07432,0.07218,0.1122,0.09484,0.02574,0.01931,0.03861,0.02255,0.2148,0.2285,
2.126,0.404,0.09434,0.07399,0.07237,0.1145,0.09492,0.02569,0.01931,0.03963,0.02154,0.215,0.2287,
2.126,0.4044,0.09399,0.07434,0.07246,0.1141,0.09497,0.0257,0.01931,0.03965,0.02155,0.2151,0.2288,
2.158,0.3841,0.1038,0.07388,0.0723,0.113,0.09473,0.02564,0.01927,0.03955,0.03451,0.2059,0.2174,
2.157,0.3901,0.1029,0.07422,0.07231,0.1116,0.09471,0.02563,0.01926,0.04072,0.03332,0.2079,0.2174,
2.156,0.3913,0.1028,0.07419,0.07264,0.1109,0.09409,0.02565,0.01927,0.04075,0.03335,0.2081,0.2183,
2.156,0.3871,0.1028,0.07429,0.07284,0.1097,0.09422,0.02568,0.0193,0.04081,0.03339,0.2084,0.2186,
2.156,0.3878,0.1026,0.07465,0.0729,0.1089,0.09431,0.02571,0.01932,0.04085,0.03342,0.2086,0.2188,
2.153,0.4015,0.1032,0.07453,0.07287,0.1088,0.09078,0.02568,0.0193,0.04081,0.03339,0.2094,0.2212,
2.152,0.3925,0.1032,0.07444,0.07296,0.1088,0.0892,0.02568,0.0193,0.04081,0.03339,0.2094,0.2228,
2.152,0.3954,0.1022,0.07438,0.07322,0.1091,0.08928,0.0257,0.01986,0.04029,0.03342,0.2096,0.223,
2.15,0.413,0.09629,0.07503,0.07333,0.1136,0.08728,0.02607,0.02007,0.03977,0.03345,0.2098,0.2253,
2.148,0.4239,0.09626,0.07489,0.07351,0.1133,0.08572,0.02608,0.02008,0.03979,0.03346,0.2099,0.227,
2.148,0.4101,0.09612,0.07499,0.07355,0.1133,0.08572,0.02685,0.01932,0.03979,0.03346,0.2099,0.227,
2.147,0.4067,0.09599,0.07507,0.0736,0.1133,0.08457,0.02685,0.01932,0.03979,0.03346,0.2099,0.2281,
2.149,0.4333,0.09604,0.07489,0.07385,0.1129,0.08324,0.02686,0.03326,0.02588,0.03348,0.21,0.2296,
2.149,0.4135,0.09567,0.07533,0.07388,0.1125,0.08327,0.02687,0.03327,0.02589,0.03349,0.2101,0.2297,
2.149,0.4067,0.09558,0.07548,0.07399,0.1119,0.08335,0.02689,0.0333,0.02592,0.03345,0.2103,0.2299,
2.15,0.3943,0.0985,0.07552,0.07408,0.112,0.08184,0.02693,0.03389,0.0254,0.03349,0.2116,0.2268,
2.149,0.3927,0.09775,0.07553,0.07413,0.1121,0.08077,0.02695,0.03448,0.02487,0.03352,0.2118,0.2281,
2.15,0.3833,0.101,0.07565,0.07413,0.112,0.07861,0.02837,0.033,0.02624,0.03208,0.2126,0.2263,
2.149,0.3825,0.1045,0.07529,0.07402,0.1109,0.07551,0.02841,0.03305,0.0279,0.03052,0.2141,0.2259,
2.149,0.3833,0.1008,0.07517,0.07417,0.1173,0.07469,0.02836,0.03299,0.02785,0.03047,0.2158,0.2223,
2.147,0.3785,0.1007,0.07536,0.07422,0.1166,0.07602,0.02709,0.03382,0.02705,0.03049,0.216,0.2225,
2.145,0.384,0.1006,0.07534,0.07463,0.1158,0.07333,0.02711,0.03385,0.02809,0.02951,0.2162,0.2255,
2.141,0.3898,0.1003,0.07545,0.07489,0.1154,0.0706,0.02713,0.03387,0.02903,0.0286,0.2163,0.2284,
2.137,0.3947,0.1001,0.07558,0.07432,0.1154,0.06718,0.02713,0.03387,0.02903,0.0286,0.2163,0.2325,
2.136,0.396,0.09944,0.07549,0.07457,0.1156,0.0672,0.02713,0.03469,0.02822,0.02861,0.2164,0.2326,
2.136,0.3922,0.0992,0.07553,0.07477,0.1156,0.0672,0.02713,0.03469,0.02822,0.02861,0.2164,0.2326,
2.135,0.3945,0.09912,0.07541,0.07497,0.1156,0.06604,0.02713,0.03469,0.02822,0.02861,0.2164,0.2338,
2.135,0.4013,0.09887,0.07512,0.07516,0.1157,0.06607,0.02715,0.0347,0.02939,0.02747,0.2165,0.2339,
2.135,0.4093,0.09912,0.0752,0.07526,0.116,0.06603,0.02713,0.03468,0.02937,0.02745,0.2175,0.2323,
2.135,0.397,0.1003,0.07523,0.07545,0.1151,0.06533,0.02713,0.03512,0.02892,0.02745,0.2185,0.2314,
2.137,0.4005,0.1038,0.07529,0.07548,0.1146,0.06529,0.02711,0.0351,0.0289,0.02743,0.2195,0.2275,
2.141,0.3986,0.104,0.07516,0.07485,0.1152,0.06526,0.02745,0.03473,0.02889,0.02906,0.2189,0.2265,
2.14,0.4043,0.1022,0.07514,0.07424,0.1163,0.06532,0.02748,0.03476,0.02892,0.02908,0.2191,0.2274,
2.153,0.4011,0.1062,0.07528,0.07422,0.1154,0.06275,0.02803,0.0342,0.02891,0.03669,0.2126,0.2257,
2.155,0.4014,0.1094,0.0753,0.07417,0.1149,0.06271,0.02801,0.03474,0.02834,0.03667,0.2135,0.2223,
