entropy,entropyInd,RabA,RabB,RabC,RabD,RabE,RabF,RabG,RabH,RabI,RabL,xER,xPM,
2.248,0.3514,0.1322,0.05815,0.05649,0.09257,0.05181,0.04169,0.02744,0.03562,0.03984,0.04897,0.2049,0.2103,
2.247,0.3415,0.1322,0.05815,0.05649,0.09257,0.05115,0.04169,0.02744,0.03562,0.03984,0.04897,0.2049,0.2109,
2.247,0.3443,0.1322,0.05815,0.05649,0.09257,0.05115,0.04169,0.02744,0.03562,0.03984,0.04897,0.2049,0.2109,
2.246,0.3372,0.1321,0.05811,0.05645,0.09213,0.05111,0.04165,0.02742,0.0356,0.03981,0.04894,0.2058,0.2108,
2.245,0.3471,0.132,0.05805,0.05642,0.0917,0.05108,0.04163,0.0274,0.03558,0.03979,0.04892,0.2067,0.2107,
2.245,0.3273,0.1321,0.05763,0.05644,0.09174,0.05111,0.04165,0.02742,0.0356,0.03981,0.04894,0.2068,0.2108,
2.244,0.3318,0.1314,0.05754,0.05635,0.09159,0.05102,0.04158,0.02737,0.03554,0.03974,0.04886,0.2086,0.2104,
2.241,0.3347,0.1305,0.05739,0.05479,0.09159,0.05102,0.04158,0.02737,0.03554,0.03974,0.04886,0.2086,0.2131,
2.242,0.3305,0.1336,0.05735,0.05474,0.09114,0.05098,0.04156,0.02735,0.03551,0.03971,0.04883,0.2095,0.2098,
2.241,0.3309,0.1327,0.05736,0.05475,0.09078,0.05099,0.04156,0.02736,0.03552,0.03972,0.04884,0.2106,0.2098,
2.241,0.3309,0.1327,0.05736,0.05475,0.09078,0.05099,0.04156,0.02736,0.03552,0.03972,0.04884,0.2106,0.2098,
2.24,0.3287,0.1317,0.05738,0.05476,0.09041,0.05101,0.04157,0.02737,0.03554,0.03973,0.04886,0.2107,0.211,
2.262,0.3208,0.1312,0.05734,0.05472,0.09,0.051,0.04155,0.02736,0.03553,0.05471,0.04885,0.1967,0.211,
2.261,0.3225,0.131,0.05738,0.05476,0.08947,0.05086,0.0416,0.0274,0.03557,0.05478,0.0489,0.197,0.2113,
2.261,0.33,0.1303,0.05722,0.05475,0.08946,0.05086,0.0416,0.02739,0.03557,0.05478,0.04889,0.1979,0.2113,
2.261,0.3292,0.1303,0.05722,0.05475,0.08946,0.05086,0.0416,0.02739,0.03557,0.05478,0.04889,0.1979,0.2113,
2.26,0.3256,0.1284,0.05701,0.05477,0.08911,0.05089,0.04163,0.02742,0.03559,0.05476,0.04888,0.1981,0.2135,
2.259,0.3254,0.1284,0.05703,0.05479,0.08875,0.05091,0.04164,0.02743,0.0356,0.05478,0.0489,0.1982,0.2135,
2.259,0.3251,0.1285,0.05705,0.0548,0.08846,0.05085,0.04165,0.02744,0.03561,0.0548,0.04891,0.1983,0.2136,
2.26,0.3241,0.1301,0.05699,0.05475,0.08837,0.0508,0.04161,0.02741,0.03558,0.05475,0.04886,0.1991,0.2117,
2.26,0.3256,0.1298,0.05701,0.05477,0.08841,0.05082,0.04163,0.02742,0.03559,0.05477,0.04888,0.1992,0.2118,
2.26,0.3265,0.1298,0.05701,0.05477,0.08841,0.05082,0.04163,0.02742,0.03559,0.05477,0.04888,0.1992,0.2118,
2.259,0.3266,0.1296,0.05695,0.05471,0.08832,0.05077,0.04159,0.02739,0.03556,0.05472,0.04883,0.2,0.2116,
2.258,0.3275,0.1296,0.05691,0.05467,0.08787,0.05074,0.04156,0.02738,0.03554,0.05469,0.0488,0.2009,0.2114,
2.258,0.3286,0.1296,0.05691,0.05467,0.08787,0.05074,0.04156,0.02738,0.03554,0.05469,0.0488,0.2009,0.2114,
2.258,0.3275,0.13,0.05672,0.05462,0.08743,0.0507,0.04153,0.02736,0.03551,0.05465,0.04877,0.2017,0.2109,
2.258,0.3276,0.13,0.05672,0.05462,0.08743,0.0507,0.04153,0.02736,0.03551,0.05465,0.04877,0.2017,0.2109,
2.257,0.3127,0.13,0.05668,0.05459,0.08698,0.05065,0.04151,0.02734,0.03549,0.05461,0.04874,0.2026,0.2108,
2.257,0.3087,0.13,0.05668,0.05459,0.08698,0.05065,0.04151,0.02734,0.03549,0.05461,0.04874,0.2026,0.2108,
2.257,0.308,0.13,0.0567,0.05461,0.08661,0.05067,0.04152,0.02735,0.0355,0.05463,0.04876,0.2027,0.2109,
2.257,0.3108,0.1298,0.05674,0.05464,0.08624,0.05072,0.04155,0.02738,0.03553,0.05467,0.04879,0.2029,0.2111,
2.257,0.3117,0.1298,0.05682,0.05464,0.08587,0.05073,0.0419,0.02704,0.03643,0.05381,0.04882,0.203,0.2112,
2.257,0.3087,0.1288,0.05678,0.05476,0.08647,0.05076,0.04226,0.02671,0.03645,0.05383,0.04886,0.2031,0.2113,
2.256,0.3126,0.128,0.05715,0.05464,0.08629,0.05065,0.0428,0.02604,0.03638,0.05372,0.04876,0.2047,0.2108,
2.256,0.3177,0.1273,0.05772,0.05478,0.08629,0.05065,0.0428,0.02604,0.03638,0.05372,0.04878,0.2047,0.2108,
2.257,0.3182,0.1271,0.05776,0.05499,0.08592,0.05067,0.04281,0.02647,0.03596,0.05374,0.0488,0.2048,0.2109,
2.257,0.3225,0.1269,0.05773,0.05502,0.08583,0.05062,0.04277,0.02733,0.03699,0.05173,0.04876,0.2056,0.2107,
2.258,0.3291,0.1265,0.05817,0.05517,0.08476,0.05069,0.04281,0.02736,0.04302,0.0458,0.04882,0.2059,0.211,
2.259,0.3313,0.1259,0.058,0.05556,0.08479,0.05071,0.04283,0.02737,0.04526,0.0436,0.04886,0.206,0.2111,
2.258,0.3355,0.1254,0.05786,0.05574,0.08474,0.05068,0.04281,0.02736,0.04524,0.04358,0.04877,0.2069,0.211,
2.259,0.335,0.1242,0.05806,0.05572,0.08574,0.05068,0.04281,0.02794,0.04465,0.04358,0.04879,0.2069,0.211,
2.25,0.3393,0.1231,0.05844,0.05578,0.08545,0.05074,0.05454,0.01629,0.04684,0.0415,0.04886,0.2072,0.2112,
2.245,0.3549,0.1209,0.05873,0.05562,0.08665,0.06708,0.03804,0.01626,0.04676,0.04143,0.04878,0.2089,0.2109,
2.245,0.3484,0.1208,0.05873,0.05568,0.08665,0.06708,0.03804,0.01669,0.04633,0.04143,0.04881,0.2089,0.2109,
2.246,0.3495,0.1206,0.05886,0.05566,0.08665,0.06708,0.03804,0.01747,0.04555,0.04143,0.04883,0.2089,0.2109,
2.246,0.3612,0.1203,0.0592,0.0557,0.08629,0.0671,0.03804,0.01747,0.04673,0.04029,0.04888,0.209,0.211,
2.246,0.3597,0.1188,0.05932,0.05579,0.08696,0.06716,0.03808,0.01749,0.04899,0.03811,0.04893,0.2092,0.2112,
2.245,0.3589,0.1189,0.05934,0.05581,0.08659,0.06497,0.03809,0.01916,0.04733,0.03812,0.04894,0.2093,0.2135,
2.244,0.362,0.1188,0.05913,0.05604,0.08659,0.06497,0.03809,0.01916,0.05027,0.03519,0.04895,0.2093,0.2135,
2.244,0.3736,0.1171,0.0591,0.05617,0.08767,0.06503,0.03813,0.01918,0.05218,0.03335,0.04899,0.2095,0.2137,
2.243,0.3875,0.1167,0.05911,0.05622,0.08771,0.06558,0.03762,0.01919,0.05327,0.0323,0.04903,0.2095,0.2138,
2.243,0.3822,0.1152,0.05886,0.05651,0.08885,0.06561,0.03763,0.0192,0.05427,0.03133,0.04906,0.2096,0.2139,
2.243,0.3682,0.1148,0.05901,0.05671,0.08885,0.06561,0.03763,0.0192,0.05427,0.03133,0.04907,0.2096,0.2139,
2.252,0.3796,0.1146,0.05924,0.05671,0.08849,0.06563,0.03764,0.03593,0.03757,0.03135,0.04911,0.2097,0.214,
2.253,0.3785,0.1138,0.06001,0.05673,0.08849,0.06563,0.03764,0.03593,0.03757,0.03135,0.04911,0.2097,0.214,
2.251,0.3817,0.1143,0.06067,0.05664,0.08806,0.06517,0.03752,0.03578,0.03987,0.02862,0.04909,0.2107,0.2136,
2.251,0.3777,0.1129,0.06079,0.0567,0.08926,0.06517,0.03752,0.03632,0.04023,0.02773,0.04911,0.2107,0.2136,
2.246,0.3898,0.1125,0.06109,0.05685,0.08888,0.0652,0.03754,0.03633,0.0478,0.02018,0.04914,0.2108,0.2137,
2.248,0.3921,0.1132,0.06127,0.05688,0.08946,0.06515,0.0375,0.03702,0.04706,0.02016,0.04912,0.2118,0.2114,
2.273,0.343,0.1119,0.06109,0.0568,0.09027,0.06502,0.03796,0.03641,0.0475,0.03234,0.04904,0.2006,0.211,
2.271,0.3445,0.1116,0.06123,0.05679,0.09018,0.06429,0.03826,0.03603,0.04745,0.03231,0.04901,0.2014,0.2114,
2.271,0.3455,0.1108,0.06127,0.0568,0.09086,0.06429,0.03826,0.03603,0.04745,0.03231,0.04903,0.2014,0.2114,
2.27,0.3469,0.1095,0.06125,0.05672,0.09137,0.06418,0.03819,0.03597,0.04737,0.03226,0.04896,0.2031,0.2111,
2.269,0.3537,0.1079,0.06183,0.05568,0.09227,0.06418,0.0389,0.03605,0.0466,0.03226,0.04896,0.2031,0.2122,
2.269,0.3521,0.1075,0.06213,0.0558,0.09227,0.06418,0.0389,0.03605,0.04784,0.03101,0.04897,0.2031,0.2122,
2.269,0.3547,0.1073,0.0619,0.05589,0.09231,0.06464,0.03849,0.03606,0.04787,0.03102,0.049,0.2032,0.2123,
2.27,0.3561,0.1099,0.06181,0.05597,0.09159,0.06466,0.0385,0.03607,0.04892,0.02996,0.04901,0.2043,0.2093,
2.27,0.3505,0.1096,0.06206,0.05601,0.09159,0.06466,0.0385,0.03607,0.04892,0.02996,0.04902,0.2043,0.2093,
2.27,0.3593,0.1077,0.06269,0.056,0.09289,0.06466,0.0385,0.0366,0.04981,0.02853,0.04903,0.2043,0.2093,
2.269,0.3544,0.1046,0.06267,0.05589,0.09516,0.06455,0.03842,0.03654,0.04973,0.02848,0.04896,0.206,0.209,
2.268,0.3558,0.1046,0.06247,0.05616,0.0948,0.06508,0.03794,0.03656,0.04975,0.02849,0.04899,0.2061,0.2091,
2.268,0.3595,0.1043,0.06249,0.05632,0.09394,0.06506,0.03792,0.03733,0.04985,0.02759,0.04899,0.2071,0.209,
2.266,0.373,0.1023,0.06265,0.05636,0.09543,0.06499,0.04576,0.03119,0.04882,0.02677,0.04895,0.2079,0.2088,
2.265,0.379,0.102,0.06254,0.05638,0.09547,0.06626,0.04454,0.0312,0.04884,0.02678,0.04898,0.208,0.2089,
2.264,0.385,0.09897,0.06211,0.05537,0.09829,0.06632,0.04458,0.03123,0.04889,0.0268,0.04902,0.2082,0.2102,
2.263,0.386,0.09938,0.06199,0.0554,0.09819,0.06625,0.04453,0.0312,0.04884,0.02678,0.04899,0.209,0.2094,
2.263,0.3848,0.09936,0.06185,0.05552,0.09732,0.06624,0.04452,0.03277,0.04725,0.02677,0.04897,0.21,0.2094,
2.263,0.3904,0.09924,0.06193,0.05562,0.09695,0.06627,0.04454,0.03356,0.04649,0.02678,0.04901,0.2101,0.2095,
2.264,0.3865,0.09912,0.06191,0.05575,0.09695,0.06661,0.04467,0.03387,0.04571,0.02678,0.04902,0.2101,0.2095,
2.264,0.39,0.09917,0.06147,0.05623,0.09655,0.06664,0.04469,0.03388,0.04573,0.02679,0.04905,0.2102,0.2096,
2.263,0.3933,0.09878,0.06146,0.05634,0.09623,0.06669,0.04472,0.03391,0.04577,0.02681,0.04911,0.2104,0.2098,
2.263,0.3942,0.09875,0.06144,0.05646,0.09586,0.06672,0.04474,0.03392,0.04579,0.02681,0.04914,0.2105,0.2099,
2.263,0.4073,0.09867,0.06144,0.05653,0.09586,0.067,0.0448,0.03358,0.04579,0.02681,0.04915,0.2105,0.2099,
2.262,0.4011,0.09852,0.06143,0.05644,0.09576,0.06692,0.04476,0.03397,0.04709,0.02501,0.04912,0.2113,0.2096,
2.262,0.4045,0.09763,0.06218,0.05659,0.09544,0.06749,0.04425,0.03399,0.04764,0.02449,0.04915,0.2114,0.2097,
2.243,0.4081,0.09735,0.0621,0.05668,0.09547,0.08935,0.02243,0.03478,0.04687,0.02447,0.04916,0.2115,0.2098,
2.241,0.4066,0.09674,0.06208,0.05675,0.09516,0.09052,0.02139,0.03483,0.04693,0.02449,0.04921,0.2118,0.2101,
2.24,0.4065,0.09668,0.06209,0.05679,0.09516,0.09105,0.02085,0.03483,0.04693,0.02449,0.04921,0.2118,0.2101,
2.237,0.4093,0.09672,0.06212,0.05682,0.0948,0.08776,0.02086,0.03527,0.04652,0.0245,0.04923,0.2119,0.2135,
2.237,0.4159,0.09511,0.06207,0.05688,0.09578,0.08811,0.02061,0.0353,0.04656,0.02452,0.04926,0.2121,0.2137,
2.237,0.4152,0.09498,0.06194,0.05685,0.09545,0.08819,0.02062,0.03533,0.0466,0.02454,0.04931,0.2123,0.2139,
2.247,0.4063,0.0956,0.06199,0.05678,0.09592,0.0881,0.0206,0.03529,0.04655,0.02957,0.04927,0.2081,0.2123,
2.248,0.4096,0.09695,0.06193,0.0568,0.09546,0.08805,0.02123,0.03463,0.04741,0.02866,0.04926,0.209,0.2107,
2.246,0.4146,0.09661,0.06205,0.05684,0.09507,0.08812,0.02244,0.03347,0.05046,0.02565,0.0493,0.2092,0.2108,
2.247,0.4162,0.09643,0.06223,0.05683,0.09507,0.08812,0.02244,0.03347,0.05046,0.02565,0.04931,0.2092,0.2108,
2.246,0.4105,0.09629,0.06234,0.05684,0.09507,0.08812,0.02244,0.03347,0.05099,0.02511,0.04932,0.2092,0.2108,
2.246,0.412,0.09608,0.06242,0.05698,0.09507,0.08812,0.02244,0.03347,0.05099,0.02511,0.04932,0.2092,0.2108,
2.246,0.4086,0.09606,0.06245,0.05704,0.09471,0.08815,0.02244,0.03348,0.05102,0.02512,0.04935,0.2093,0.2109,
2.246,0.4109,0.0958,0.06233,0.0571,0.09472,0.08819,0.02245,0.03349,0.05104,0.02513,0.04938,0.2093,0.211,
2.246,0.4131,0.09402,0.06277,0.05712,0.09569,0.0881,0.02243,0.0346,0.04985,0.02511,0.04933,0.2102,0.2108,
2.254,0.4162,0.09367,0.06254,0.05705,0.09514,0.08799,0.0224,0.03455,0.04977,0.02986,0.04927,0.2072,0.2105,
2.254,0.4183,0.09314,0.06278,0.05711,0.09504,0.0879,0.02237,0.03552,0.04872,0.02983,0.04922,0.208,0.2103,
2.252,0.4283,0.09168,0.06294,0.05704,0.09574,0.08772,0.02233,0.05173,0.03234,0.02976,0.04914,0.2097,0.2099,
2.251,0.4309,0.09168,0.06291,0.05706,0.09574,0.08772,0.02233,0.05173,0.03322,0.02888,0.04915,0.2097,0.2099,
2.252,0.4358,0.09168,0.06276,0.05719,0.09574,0.08772,0.02295,0.0511,0.03322,0.02888,0.04918,0.2097,0.2099,
2.25,0.4321,0.09159,0.06272,0.05718,0.09524,0.08795,0.02283,0.05088,0.03267,0.02873,0.04915,0.2106,0.2104,
2.25,0.4316,0.09159,0.06269,0.05721,0.09524,0.08795,0.02326,0.05046,0.03267,0.02873,0.04916,0.2106,0.2104,
2.255,0.4302,0.09135,0.06264,0.05714,0.09468,0.08781,0.02364,0.04995,0.03261,0.03187,0.04907,0.2092,0.2101,
2.253,0.4315,0.0912,0.06253,0.05726,0.09422,0.08748,0.02355,0.05078,0.03153,0.03171,0.04904,0.2101,0.2106,
2.269,0.4285,0.09102,0.06252,0.05723,0.09412,0.08739,0.02415,0.05103,0.03111,0.04039,0.04899,0.2017,0.2104,
2.267,0.4221,0.09083,0.06235,0.05727,0.09414,0.08632,0.02416,0.05105,0.03112,0.0404,0.04902,0.2018,0.2116,
2.271,0.4217,0.09407,0.06246,0.05724,0.09463,0.08622,0.02475,0.05037,0.03108,0.04035,0.04898,0.2035,0.2063,
2.27,0.4235,0.0941,0.06241,0.05733,0.09426,0.08663,0.02472,0.05048,0.03067,0.04036,0.04901,0.2036,0.2064,
2.27,0.4236,0.09356,0.06253,0.05741,0.09427,0.08667,0.02473,0.0517,0.02949,0.04038,0.04905,0.2037,0.2065,
2.269,0.4246,0.09342,0.06244,0.05763,0.09427,0.08667,0.02473,0.0524,0.02878,0.04038,0.04907,0.2037,0.2065,
2.269,0.4227,0.09331,0.06249,0.05767,0.09427,0.08667,0.02473,0.05311,0.02807,0.04038,0.04909,0.2037,0.2065,
2.269,0.423,0.09331,0.06234,0.0578,0.09427,0.08667,0.02473,0.05311,0.02949,0.03897,0.04911,0.2037,0.2065,
2.267,0.4189,0.09321,0.06213,0.05786,0.09394,0.08618,0.0246,0.05432,0.02794,0.03884,0.04916,0.2039,0.2079,
2.267,0.3891,0.09273,0.06218,0.05794,0.09399,0.08622,0.02461,0.05434,0.02795,0.03886,0.04919,0.204,0.208,
2.266,0.3873,0.09145,0.06206,0.05801,0.095,0.08613,0.02459,0.05429,0.02792,0.03882,0.04914,0.2048,0.2078,
2.266,0.3887,0.09125,0.06219,0.05807,0.095,0.08613,0.02459,0.05429,0.02845,0.03829,0.04915,0.2048,0.2078,
2.265,0.39,0.09088,0.06228,0.05809,0.09467,0.08673,0.02408,0.05433,0.02847,0.03832,0.04918,0.205,0.208,
2.265,0.3797,0.09045,0.0618,0.05831,0.09476,0.08681,0.0241,0.05438,0.0285,0.03835,0.04922,0.2052,0.2082,
2.265,0.383,0.08997,0.06204,0.05824,0.09478,0.08684,0.02411,0.05441,0.0285,0.03836,0.04925,0.2053,0.2082,
2.264,0.3863,0.08878,0.06229,0.05831,0.09564,0.08737,0.02358,0.05511,0.0278,0.03836,0.04925,0.2053,0.2082,
2.264,0.3875,0.08868,0.06226,0.0583,0.09518,0.08732,0.0239,0.05474,0.02831,0.0378,0.04923,0.2062,0.2081,
2.264,0.3887,0.08868,0.06221,0.05833,0.09518,0.08732,0.0239,0.05474,0.02919,0.03691,0.04924,0.2062,0.2081,
2.262,0.3898,0.08843,0.06231,0.0583,0.09475,0.08788,0.02328,0.05471,0.02917,0.03689,0.04921,0.2071,0.208,
2.245,0.3836,0.08836,0.06232,0.05835,0.09475,0.09844,0.01272,0.05471,0.02917,0.03689,0.04923,0.2071,0.208,
2.256,0.4135,0.08823,0.06204,0.05844,0.09445,0.09906,0.04226,0.02468,0.0292,0.03692,0.04929,0.2073,0.2082,
2.256,0.4144,0.08827,0.06193,0.05861,0.09372,0.09914,0.04283,0.02417,0.02975,0.03642,0.04935,0.2074,0.2084,
2.254,0.4173,0.08811,0.06169,0.05868,0.09374,0.09908,0.04291,0.03097,0.02288,0.0359,0.04937,0.2075,0.2091,
2.254,0.4164,0.08811,0.06146,0.05891,0.09374,0.09908,0.04291,0.03139,0.02246,0.0359,0.04937,0.2075,0.2091,
2.254,0.418,0.08692,0.06126,0.05909,0.09494,0.09908,0.04291,0.03139,0.02246,0.0359,0.0494,0.2075,0.2091,
2.252,0.4191,0.08549,0.06096,0.05916,0.09561,0.09898,0.04287,0.03136,0.02243,0.03587,0.04935,0.2084,0.2096,
2.251,0.4147,0.08521,0.06083,0.05914,0.09482,0.099,0.04322,0.03103,0.02243,0.03586,0.04936,0.2095,0.2096,
2.251,0.4166,0.08521,0.0607,0.05925,0.09482,0.0995,0.04323,0.03105,0.0219,0.03586,0.04938,0.2095,0.2096,
2.251,0.4225,0.08524,0.0607,0.05927,0.09446,0.1,0.04279,0.03106,0.02447,0.03331,0.04943,0.2095,0.2097,
2.251,0.4258,0.08426,0.06068,0.05934,0.09509,0.1,0.04281,0.03108,0.02674,0.03107,0.04945,0.2096,0.2098,
2.251,0.4268,0.08417,0.06038,0.05951,0.09499,0.09994,0.04277,0.03105,0.02724,0.03051,0.0494,0.2105,0.2096,
2.249,0.4287,0.08413,0.06038,0.05961,0.09465,0.0982,0.04307,0.03049,0.02725,0.03052,0.04942,0.2106,0.2117,
2.259,0.424,0.08629,0.06034,0.05956,0.09418,0.09814,0.04304,0.0309,0.02681,0.03549,0.04939,0.2065,0.2094,
2.259,0.4339,0.08612,0.06028,0.0595,0.0942,0.09868,0.04319,0.03082,0.02921,0.03257,0.04941,0.2066,0.2095,
2.259,0.4298,0.08605,0.06028,0.05963,0.09383,0.09872,0.0432,0.03083,0.03451,0.02728,0.04944,0.2067,0.2095,
2.257,0.4313,0.08605,0.06024,0.05968,0.09383,0.0983,0.04366,0.03013,0.03575,0.02604,0.04944,0.2067,0.2102,
2.256,0.4363,0.08567,0.0605,0.05977,0.09383,0.09697,0.04366,0.03084,0.03593,0.02515,0.04945,0.2067,0.2115,
2.257,0.4348,0.0887,0.06038,0.05963,0.09364,0.09611,0.04391,0.03044,0.03585,0.0251,0.04937,0.2083,0.2086,
2.253,0.4457,0.07881,0.06037,0.05956,0.1033,0.09386,0.04387,0.0304,0.03582,0.02508,0.04933,0.2091,0.2105,
2.252,0.4387,0.07851,0.06044,0.05949,0.1033,0.09363,0.04382,0.03033,0.03572,0.02494,0.04934,0.2092,0.2112,
2.251,0.44,0.07851,0.06038,0.05957,0.103,0.09417,0.04396,0.02973,0.03573,0.02495,0.04937,0.2093,0.2113,
2.25,0.4411,0.07847,0.06047,0.05959,0.1026,0.09382,0.04371,0.02974,0.03574,0.02496,0.04938,0.2094,0.2121,
2.25,0.4414,0.07841,0.06054,0.05965,0.1019,0.09389,0.04374,0.02976,0.03577,0.02498,0.04943,0.2096,0.2123,
2.282,0.4278,0.08095,0.06041,0.0595,0.1017,0.0937,0.04364,0.03023,0.03517,0.04146,0.04935,0.1947,0.2091,
2.276,0.4329,0.08035,0.06061,0.05957,0.1017,0.09321,0.05165,0.02212,0.03519,0.04148,0.04937,0.1948,0.2099,
2.276,0.4123,0.08033,0.06056,0.05973,0.1014,0.09325,0.05168,0.02213,0.0352,0.0415,0.0494,0.1949,0.21,
2.274,0.4125,0.0802,0.06047,0.05974,0.1013,0.09343,0.05321,0.02025,0.03517,0.04146,0.04937,0.1957,0.2098,
2.272,0.406,0.08003,0.06042,0.05949,0.1009,0.09156,0.05326,0.02069,0.03477,0.04148,0.04941,0.1959,0.2121,
2.274,0.406,0.08261,0.06009,0.05971,0.1009,0.09151,0.05323,0.02068,0.03475,0.04146,0.04941,0.1967,0.209,
2.273,0.4084,0.08228,0.06004,0.05973,0.1003,0.09137,0.05314,0.02135,0.03452,0.04086,0.04934,0.1984,0.2087,
2.273,0.4089,0.08227,0.06003,0.0598,0.09996,0.09192,0.05265,0.02136,0.03453,0.04087,0.04936,0.1985,0.2088,
2.272,0.4083,0.08227,0.06,0.05982,0.09996,0.09139,0.05286,0.02102,0.03453,0.04087,0.04937,0.1985,0.2094,
2.272,0.4091,0.08221,0.05993,0.05993,0.09996,0.09139,0.05286,0.02102,0.03453,0.04087,0.04941,0.1985,0.2094,
2.272,0.4076,0.08197,0.05996,0.05991,0.09987,0.0913,0.0528,0.021,0.03869,0.03664,0.04938,0.1993,0.2092,
2.272,0.4077,0.08196,0.0599,0.06001,0.09952,0.09134,0.05283,0.02101,0.03924,0.03612,0.0494,0.1994,0.2093,
2.274,0.4118,0.08196,0.05984,0.06006,0.09952,0.09134,0.05283,0.02532,0.0358,0.03524,0.04941,0.1994,0.2093,
2.274,0.4159,0.08136,0.06039,0.0601,0.09952,0.09167,0.05249,0.02628,0.03485,0.03524,0.04942,0.1994,0.2093,
2.274,0.4175,0.08108,0.06038,0.06019,0.09918,0.09175,0.05253,0.0263,0.03487,0.03526,0.04944,0.1995,0.2095,
2.271,0.43,0.08163,0.06055,0.06027,0.09908,0.0902,0.05241,0.0367,0.0238,0.03509,0.0494,0.2003,0.2105,
2.27,0.4322,0.0816,0.06057,0.06026,0.09908,0.0891,0.05298,0.03613,0.0238,0.03509,0.04941,0.2003,0.2116,
2.27,0.5014,0.08233,0.0606,0.06021,0.09953,0.08932,0.05267,0.03611,0.02378,0.03507,0.04939,0.2012,0.2098,
2.27,0.4683,0.08233,0.06041,0.0604,0.09953,0.08932,0.05324,0.03555,0.02378,0.03507,0.0494,0.2012,0.2098,
2.27,0.4257,0.08144,0.06042,0.06049,0.1003,0.08932,0.05324,0.03555,0.02378,0.03507,0.04942,0.2012,0.2098,
2.271,0.4281,0.08138,0.06044,0.06052,0.1003,0.08932,0.05324,0.03555,0.02556,0.03329,0.04943,0.2012,0.2098,
2.27,0.4248,0.08141,0.06041,0.06059,0.09993,0.08936,0.05382,0.035,0.02557,0.0333,0.04945,0.2013,0.2098,
2.27,0.4267,0.0814,0.06042,0.06063,0.09959,0.08939,0.05417,0.03468,0.02664,0.03225,0.04948,0.2014,0.2099,
2.27,0.4271,0.08132,0.06024,0.06068,0.09949,0.0893,0.05412,0.03464,0.02802,0.03081,0.04943,0.2022,0.2097,
2.269,0.4228,0.08136,0.06017,0.06084,0.09875,0.08983,0.05477,0.03414,0.02751,0.03084,0.04948,0.2024,0.2099,
2.268,0.4247,0.08121,0.06018,0.06084,0.09826,0.08978,0.05527,0.0336,0.0275,0.03082,0.04948,0.2033,0.2098,
2.268,0.4266,0.08114,0.05998,0.06116,0.0979,0.09009,0.05502,0.03361,0.02804,0.03031,0.0495,0.2034,0.2099,
2.268,0.4234,0.08023,0.06011,0.06116,0.09835,0.09013,0.05505,0.03362,0.02805,0.03032,0.04955,0.2035,0.21,
2.266,0.4443,0.07435,0.06017,0.06116,0.1041,0.09013,0.05505,0.03415,0.02752,0.03032,0.04958,0.2035,0.21,
2.262,0.4296,0.07335,0.06021,0.06097,0.1041,0.08901,0.05441,0.03401,0.02733,0.03007,0.04957,0.2045,0.2124,
2.262,0.4307,0.07199,0.06026,0.06075,0.1079,0.08887,0.05432,0.03395,0.02727,0.03001,0.04951,0.2063,0.2089,
2.262,0.4278,0.07194,0.06027,0.06076,0.1079,0.08887,0.05561,0.03337,0.02959,0.02699,0.04953,0.2063,0.2089,
2.261,0.4266,0.07171,0.06024,0.06081,0.1075,0.08881,0.05558,0.03335,0.02958,0.02697,0.04951,0.2072,0.2088,
2.26,0.4248,0.07133,0.06052,0.06076,0.107,0.08921,0.05562,0.0328,0.02955,0.02695,0.04948,0.2081,0.2087,
2.259,0.4254,0.0712,0.06052,0.06069,0.1069,0.08912,0.05556,0.03276,0.03005,0.02639,0.04944,0.2089,0.2085,
2.258,0.4205,0.07092,0.0608,0.06004,0.1069,0.08912,0.05598,0.03234,0.03005,0.02639,0.04943,0.2089,0.2091,
2.257,0.4232,0.0706,0.06059,0.06022,0.1069,0.08916,0.05643,0.03194,0.03006,0.02641,0.04945,0.209,0.2092,
2.256,0.4227,0.07,0.06113,0.06023,0.1069,0.08871,0.05665,0.03198,0.02936,0.02619,0.04949,0.209,0.2103,
2.253,0.4368,0.07001,0.06107,0.06031,0.1066,0.08874,0.05667,0.032,0.03623,0.01934,0.04953,0.2091,0.2104,
2.264,0.4292,0.07322,0.06079,0.06022,0.1059,0.08817,0.05643,0.03181,0.036,0.02357,0.04942,0.2073,0.2071,
2.273,0.4233,0.07295,0.06067,0.0602,0.1057,0.08941,0.0549,0.03174,0.03592,0.02899,0.04932,0.2035,0.2067,
2.273,0.4245,0.07288,0.0607,0.06023,0.1057,0.08941,0.0549,0.03174,0.03645,0.02847,0.04934,0.2035,0.2067,
2.272,0.4279,0.07214,0.06074,0.06034,0.1063,0.08888,0.05477,0.03174,0.03645,0.02847,0.04934,0.2035,0.2073,
2.27,0.428,0.07197,0.06069,0.0606,0.1056,0.08851,0.0547,0.03163,0.0363,0.02827,0.04936,0.2037,0.2086,
2.27,0.43,0.07177,0.06082,0.06066,0.1056,0.08851,0.0547,0.03163,0.0363,0.02827,0.04938,0.2037,0.2086,
2.268,0.4315,0.07172,0.06078,0.06074,0.1056,0.08632,0.0547,0.03163,0.0363,0.02827,0.04939,0.2037,0.2108,
2.267,0.4406,0.07172,0.06075,0.06075,0.1056,0.08685,0.05473,0.03107,0.03805,0.02652,0.04941,0.2037,0.2108,
2.268,0.4317,0.07325,0.06089,0.06068,0.1055,0.08725,0.05471,0.03093,0.03759,0.02649,0.04936,0.2045,0.2088,
2.268,0.4207,0.07312,0.06079,0.0607,0.1056,0.08717,0.05473,0.03094,0.03761,0.0265,0.04937,0.2046,0.2089,
2.27,0.3992,0.07616,0.0608,0.06062,0.1055,0.08708,0.05468,0.03091,0.0388,0.02525,0.04933,0.2054,0.2055,
2.239,0.431,0.07593,0.06086,0.06059,0.1054,0.1178,0.02386,0.03088,0.03876,0.02523,0.04928,0.2062,0.2053,
2.243,0.4271,0.07534,0.06094,0.06054,0.1047,0.1174,0.02731,0.02728,0.03865,0.02772,0.04916,0.2062,0.2047,
2.243,0.3924,0.07528,0.06099,0.06063,0.1043,0.1175,0.02732,0.02781,0.03815,0.02773,0.04918,0.2063,0.2048,
2.242,0.3989,0.074,0.06081,0.06067,0.1054,0.1174,0.02785,0.02723,0.03811,0.0277,0.04914,0.2071,0.2046,
2.241,0.3887,0.0734,0.0606,0.06078,0.1055,0.1162,0.02788,0.02725,0.03901,0.02686,0.0492,0.2073,0.2061,
2.24,0.394,0.07317,0.06058,0.06079,0.1052,0.116,0.02817,0.02685,0.03894,0.02674,0.04923,0.2075,0.2069,
2.239,0.3818,0.07297,0.06042,0.06086,0.1049,0.1161,0.02818,0.02687,0.03897,0.02676,0.04926,0.2077,0.2071,
2.239,0.3931,0.07276,0.0601,0.06106,0.1049,0.1161,0.02861,0.0269,0.03855,0.02677,0.04928,0.2078,0.2072,
2.239,0.3869,0.07233,0.06012,0.06113,0.1049,0.1155,0.02904,0.02649,0.03857,0.02679,0.04931,0.2078,0.2079,
2.239,0.3879,0.07227,0.06012,0.06118,0.1049,0.1155,0.02957,0.02597,0.03857,0.02679,0.04931,0.2078,0.2079,
2.239,0.3914,0.07185,0.06039,0.06132,0.1049,0.1155,0.03043,0.02553,0.03815,0.02679,0.04932,0.2078,0.2079,
2.244,0.3921,0.07071,0.06067,0.06118,0.1053,0.1162,0.02943,0.02548,0.03934,0.02949,0.04923,0.2055,0.2075,
2.241,0.3954,0.06935,0.06093,0.06119,0.1061,0.1145,0.02902,0.02591,0.03894,0.02951,0.04925,0.2055,0.2098,
2.241,0.3962,0.06938,0.0608,0.06134,0.1057,0.1135,0.02903,0.02592,0.03895,0.02952,0.04928,0.2056,0.2109,
2.241,0.3911,0.06928,0.0609,0.0614,0.1051,0.1136,0.02906,0.02594,0.03898,0.02954,0.04931,0.2058,0.2111,
2.24,0.3905,0.06983,0.06075,0.06143,0.105,0.1134,0.02849,0.02592,0.03896,0.02952,0.04928,0.2067,0.2107,
2.241,0.3927,0.07176,0.06047,0.06159,0.1049,0.1133,0.02846,0.0259,0.03892,0.02949,0.04923,0.2075,0.2085,
2.241,0.3892,0.07173,0.06032,0.06176,0.1049,0.1133,0.02846,0.0259,0.03892,0.02949,0.04924,0.2075,0.2085,
2.243,0.3992,0.07309,0.06026,0.06169,0.1047,0.1135,0.02768,0.04095,0.02443,0.03063,0.04918,0.2063,0.2075,
2.243,0.3976,0.07255,0.06021,0.06191,0.1045,0.1141,0.02717,0.04099,0.02552,0.02959,0.04923,0.2065,0.2077,
2.242,0.3975,0.07227,0.05994,0.06222,0.1045,0.1142,0.02718,0.041,0.02553,0.0296,0.04924,0.2066,0.2078,
2.241,0.397,0.07119,0.05975,0.0624,0.1055,0.1133,0.02691,0.04142,0.02511,0.0296,0.04925,0.2066,0.2089,
2.24,0.4087,0.07122,0.05964,0.0625,0.1052,0.1148,0.0373,0.02968,0.02513,0.02962,0.04926,0.2067,0.209,
2.243,0.4093,0.07404,0.0596,0.06245,0.1047,0.1147,0.03728,0.03036,0.02651,0.02751,0.04925,0.2076,0.206,
2.242,0.4078,0.07547,0.05992,0.06257,0.1043,0.1136,0.03655,0.0304,0.02562,0.0281,0.04923,0.2075,0.2068,
2.24,0.4765,0.07549,0.05991,0.06262,0.1039,0.1142,0.03604,0.03139,0.03148,0.02128,0.04926,0.2076,0.2069,
2.239,0.5004,0.07204,0.05999,0.06264,0.1072,0.1142,0.03604,0.03139,0.03148,0.02128,0.04927,0.2076,0.2069,
2.238,0.4453,0.07094,0.05947,0.06275,0.1082,0.1145,0.03622,0.03142,0.03108,0.02129,0.04932,0.2078,0.207,
2.245,0.4499,0.07083,0.05949,0.06269,0.1077,0.1147,0.0368,0.03052,0.03106,0.02495,0.0493,0.205,0.2069,
2.245,0.4097,0.0725,0.05941,0.06262,0.1075,0.1132,0.03673,0.03046,0.031,0.0249,0.0492,0.2066,0.2058,
2.243,0.404,0.07133,0.05939,0.06271,0.1086,0.1126,0.03654,0.03,0.031,0.0249,0.04921,0.2066,0.2071,
2.242,0.4045,0.07274,0.05926,0.06274,0.1082,0.1127,0.03568,0.02998,0.03098,0.02489,0.04919,0.2075,0.2062,
2.245,0.4035,0.07229,0.05914,0.06287,0.108,0.1126,0.03565,0.02996,0.03096,0.02665,0.04916,0.2067,0.206,
2.247,0.4087,0.0721,0.05888,0.06309,0.1079,0.1128,0.03528,0.02993,0.03297,0.02639,0.04913,0.2057,0.2058,
2.247,0.4085,0.072,0.05898,0.06309,0.1079,0.1128,0.03528,0.02993,0.03297,0.02639,0.04913,0.2057,0.2058,
2.247,0.4137,0.07158,0.05902,0.06321,0.1078,0.1129,0.0353,0.03046,0.03246,0.0264,0.04915,0.2058,0.2059,
2.247,0.4209,0.0715,0.05891,0.06318,0.1077,0.1128,0.03526,0.03085,0.03201,0.02638,0.04911,0.2066,0.2057,
2.245,0.4217,0.07082,0.05879,0.06305,0.1083,0.1109,0.03571,0.03046,0.03203,0.02639,0.04915,0.2068,0.2077,
2.243,0.4233,0.06943,0.05871,0.06323,0.1096,0.1111,0.03553,0.03004,0.03193,0.02626,0.04916,0.2068,0.2083,
2.243,0.4291,0.06923,0.05856,0.06358,0.1096,0.1111,0.03553,0.03073,0.03124,0.02626,0.04917,0.2068,0.2083,
2.254,0.4266,0.07186,0.05862,0.06354,0.1095,0.1112,0.03523,0.0307,0.0312,0.03102,0.04912,0.2028,0.2053,
2.254,0.4305,0.07138,0.05891,0.06369,0.1095,0.1112,0.03523,0.03171,0.0302,0.03102,0.04915,0.2028,0.2053,
2.254,0.4302,0.0713,0.05878,0.06369,0.1089,0.1111,0.03522,0.0317,0.03018,0.03101,0.04912,0.2038,0.2052,
2.248,0.4515,0.07125,0.05869,0.06382,0.1089,0.1111,0.04735,0.01957,0.0307,0.03048,0.04913,0.2038,0.2052,
2.248,0.4416,0.07122,0.05869,0.06376,0.1086,0.1112,0.04737,0.01958,0.03072,0.0305,0.04917,0.2039,0.2053,
2.248,0.4477,0.07103,0.05881,0.06382,0.1086,0.1112,0.04737,0.01958,0.0334,0.02781,0.04917,0.2039,0.2053,
2.248,0.4454,0.07098,0.05872,0.06395,0.1086,0.1112,0.04737,0.01958,0.0334,0.02781,0.04919,0.2039,0.2053,
2.247,0.4462,0.07004,0.05867,0.064,0.1092,0.1112,0.04739,0.01956,0.0334,0.02779,0.04923,0.204,0.2055,
2.246,0.4484,0.07,0.0586,0.06399,0.1084,0.1097,0.04779,0.01967,0.03302,0.02782,0.04932,0.2043,0.2074,
2.245,0.4489,0.06993,0.05844,0.06401,0.1083,0.1096,0.04774,0.01965,0.03299,0.0278,0.04928,0.2051,0.2072,
2.245,0.4441,0.07341,0.05834,0.06377,0.1079,0.1091,0.04938,0.01775,0.03334,0.02709,0.0492,0.2068,0.2039,
2.243,0.4376,0.07303,0.05848,0.06378,0.1079,0.1088,0.04975,0.01726,0.03325,0.02697,0.04918,0.2069,0.2047,
2.243,0.4354,0.07283,0.05858,0.06398,0.1072,0.1092,0.04951,0.01727,0.0338,0.02647,0.04924,0.2071,0.2049,
2.243,0.4332,0.07283,0.05839,0.06416,0.1072,0.1092,0.04951,0.01727,0.0338,0.02647,0.04924,0.2071,0.2049,
2.244,0.4355,0.07233,0.05817,0.06432,0.1068,0.1081,0.04951,0.01727,0.0338,0.02802,0.04924,0.2065,0.2059,
2.244,0.4375,0.07231,0.05819,0.06432,0.1068,0.1084,0.04917,0.01727,0.0338,0.02802,0.04924,0.2065,0.2059,
2.244,0.4401,0.07222,0.05824,0.06434,0.1068,0.1084,0.04917,0.01727,0.0338,0.02802,0.04926,0.2065,0.2059,
2.243,0.438,0.07218,0.05828,0.06434,0.1068,0.108,0.04907,0.01714,0.0338,0.02802,0.04927,0.2065,0.2066,
2.243,0.4405,0.07204,0.05833,0.06442,0.1068,0.108,0.04907,0.01714,0.0338,0.02802,0.04927,0.2065,0.2066,
2.245,0.4535,0.07204,0.05803,0.06471,0.1068,0.108,0.0494,0.0303,0.0203,0.02802,0.04929,0.2065,0.2066,
2.244,0.4578,0.07175,0.05828,0.06473,0.1068,0.1073,0.04888,0.0303,0.0203,0.02802,0.0493,0.2065,0.2078,
2.252,0.4537,0.07459,0.05811,0.06488,0.1067,0.1075,0.04783,0.03027,0.02028,0.03171,0.04927,0.2036,0.2052,
2.251,0.4555,0.07438,0.05815,0.06484,0.1066,0.1074,0.04834,0.02968,0.02026,0.03168,0.04922,0.2044,0.205,
2.25,0.4639,0.07436,0.05808,0.06488,0.1064,0.1068,0.04836,0.03056,0.01939,0.03168,0.04923,0.2045,0.2057,
2.25,0.4598,0.07436,0.05801,0.06493,0.1064,0.1068,0.04836,0.03211,0.01785,0.03168,0.04925,0.2045,0.2057,
2.249,0.4566,0.07432,0.05806,0.06491,0.1064,0.1071,0.04802,0.03211,0.01785,0.03168,0.04926,0.2045,0.2057,
2.249,0.4536,0.07385,0.05796,0.06493,0.1064,0.1075,0.04758,0.03209,0.01926,0.03024,0.04924,0.2054,0.2056,
2.25,0.4563,0.07329,0.05841,0.06504,0.1064,0.1075,0.04758,0.03209,0.02177,0.02773,0.04924,0.2054,0.2056,
2.25,0.4581,0.07324,0.05819,0.0653,0.1064,0.1075,0.04758,0.03209,0.02278,0.02672,0.04924,0.2054,0.2056,
2.25,0.457,0.07327,0.05811,0.06541,0.106,0.1075,0.0476,0.0321,0.02365,0.02587,0.04926,0.2055,0.2057,
2.249,0.4553,0.07331,0.05811,0.06545,0.1053,0.1073,0.04757,0.03205,0.02357,0.02576,0.04931,0.2057,0.2065,
2.248,0.4623,0.07318,0.0581,0.06538,0.1052,0.1076,0.04719,0.03201,0.02354,0.02573,0.04926,0.2065,0.2063,
2.248,0.4576,0.07298,0.05812,0.06554,0.1049,0.1076,0.04721,0.03203,0.02356,0.02575,0.04929,0.2066,0.2064,
2.248,0.458,0.0728,0.05824,0.0656,0.1043,0.1077,0.04724,0.03205,0.02357,0.02576,0.04936,0.2068,0.2066,
2.248,0.4596,0.07234,0.05875,0.0655,0.1041,0.1077,0.04726,0.03206,0.02358,0.02576,0.04937,0.2069,0.2067,
2.262,0.4574,0.07168,0.05865,0.06548,0.1043,0.1076,0.04723,0.03205,0.02356,0.03325,0.04935,0.2003,0.2065,
2.261,0.4568,0.07168,0.05849,0.06564,0.1043,0.1064,0.04723,0.03205,0.02478,0.03203,0.04935,0.2003,0.2078,
2.261,0.4601,0.07168,0.05833,0.0658,0.1043,0.1058,0.04723,0.03205,0.0253,0.03151,0.04936,0.2003,0.2084,
2.261,0.4617,0.07132,0.05834,0.06585,0.1043,0.1058,0.04725,0.03206,0.02531,0.03153,0.04938,0.2004,0.2085,
2.261,0.4747,0.07083,0.05852,0.0659,0.1043,0.1058,0.04727,0.03207,0.02532,0.03154,0.04938,0.2005,0.2086,
2.259,0.453,0.07075,0.05861,0.0659,0.1039,0.1044,0.0481,0.0318,0.02481,0.03155,0.04942,0.2006,0.2102,
2.257,0.4575,0.07049,0.05821,0.0663,0.1039,0.1025,0.04819,0.03148,0.02534,0.03104,0.04947,0.2006,0.2125,
2.255,0.4581,0.07039,0.05819,0.0664,0.1039,0.1012,0.0486,0.03216,0.02401,0.03104,0.04948,0.2006,0.214,
2.255,0.4568,0.07039,0.05797,0.0666,0.1039,0.1012,0.0486,0.03216,0.02401,0.03104,0.0495,0.2006,0.214,
2.255,0.457,0.07033,0.05803,0.06659,0.1039,0.1012,0.0486,0.03216,0.02401,0.03104,0.04951,0.2006,0.214,
2.254,0.4588,0.07027,0.05813,0.06649,0.1037,0.1004,0.04835,0.03315,0.02304,0.03105,0.04952,0.2007,0.2152,
2.253,0.4647,0.07014,0.05823,0.0665,0.1037,0.1004,0.04943,0.03249,0.02262,0.03105,0.04955,0.2007,0.2152,
2.244,0.4783,0.07014,0.05814,0.06659,0.1037,0.09883,0.06024,0.02168,0.02262,0.03105,0.04955,0.2007,0.2167,
2.243,0.4835,0.06838,0.05835,0.06667,0.1052,0.09944,0.06034,0.02098,0.02262,0.03105,0.04956,0.2007,0.2167,
2.242,0.4858,0.06827,0.0584,0.06672,0.1052,0.09818,0.06026,0.02088,0.0259,0.02764,0.04956,0.2007,0.2183,
2.237,0.4578,0.05928,0.05818,0.06684,0.114,0.09822,0.06028,0.02088,0.02716,0.0264,0.0496,0.2008,0.2184,
2.236,0.4608,0.05891,0.058,0.06711,0.1133,0.09835,0.06036,0.02091,0.02864,0.02499,0.04967,0.2011,0.2187,
2.241,0.4567,0.06279,0.05784,0.06701,0.1138,0.09815,0.06024,0.02087,0.02859,0.02493,0.04957,0.2027,0.2135,
2.24,0.4531,0.06269,0.05788,0.06706,0.1138,0.0975,0.06024,0.02087,0.02859,0.02493,0.04958,0.2027,0.2142,
2.239,0.4581,0.06256,0.05789,0.06719,0.1132,0.09861,0.05926,0.02089,0.03059,0.02298,0.04963,0.2029,0.2144,
2.239,0.4465,0.06244,0.05796,0.06723,0.1132,0.09888,0.05899,0.02089,0.03059,0.02298,0.04964,0.2029,0.2144,
2.241,0.4428,0.06486,0.05776,0.06721,0.1127,0.09876,0.05891,0.02086,0.03056,0.02295,0.04959,0.2047,0.2112,
2.239,0.4447,0.06449,0.05754,0.06743,0.1127,0.09812,0.05876,0.02066,0.03046,0.02283,0.04963,0.2047,0.2126,
2.239,0.4454,0.06443,0.05752,0.06753,0.1124,0.09816,0.05879,0.02066,0.03048,0.02284,0.04967,0.2048,0.2127,
2.238,0.4466,0.06438,0.05754,0.06757,0.1124,0.09724,0.05872,0.02058,0.03037,0.02271,0.04967,0.2048,0.214,
2.236,0.4484,0.06255,0.05742,0.06764,0.1134,0.09731,0.05879,0.02061,0.0304,0.02272,0.04974,0.2051,0.2143,
2.236,0.4448,0.06238,0.05739,0.06782,0.1134,0.09731,0.05879,0.02061,0.0304,0.02272,0.04976,0.2051,0.2143,
2.236,0.4446,0.06222,0.05748,0.06793,0.1131,0.0967,0.05882,0.02062,0.03042,0.02273,0.04979,0.2052,0.215,
2.238,0.4405,0.06384,0.05728,0.068,0.114,0.0966,0.05876,0.0206,0.03039,0.02271,0.04974,0.206,0.2121,
2.236,0.4432,0.06253,0.05721,0.06806,0.114,0.0966,0.05876,0.0206,0.03039,0.02271,0.04975,0.206,0.2134,
2.236,0.441,0.06227,0.0575,0.06807,0.1136,0.09664,0.05878,0.02102,0.02998,0.02272,0.04978,0.2061,0.2135,
2.241,0.4399,0.06707,0.0575,0.06811,0.1132,0.09658,0.0594,0.02036,0.0314,0.02127,0.04976,0.207,0.2084,
2.247,0.4379,0.06692,0.05751,0.06814,0.1134,0.09665,0.05943,0.0209,0.0309,0.02385,0.04979,0.2056,0.2069,
2.246,0.4071,0.06661,0.05779,0.06816,0.1134,0.09665,0.06032,0.02098,0.02993,0.02385,0.04981,0.2056,0.2069,
2.245,0.3936,0.06642,0.05795,0.06814,0.1133,0.09554,0.06087,0.02047,0.02993,0.02385,0.04982,0.2057,0.208,
2.246,0.3946,0.06793,0.05773,0.06833,0.1128,0.09548,0.06083,0.02045,0.03113,0.02262,0.0498,0.2066,0.2063,
2.244,0.3944,0.06787,0.05746,0.06837,0.1125,0.09595,0.06105,0.02018,0.03111,0.02208,0.04978,0.2075,0.2061,
2.249,0.3934,0.06775,0.05745,0.06829,0.1124,0.09665,0.06019,0.02016,0.0316,0.02436,0.04974,0.2055,0.2059,
2.248,0.3891,0.06772,0.05743,0.06834,0.1124,0.09623,0.06008,0.02003,0.03247,0.0235,0.04975,0.2055,0.2066,
2.246,0.3958,0.06774,0.05739,0.06831,0.1121,0.09542,0.06008,0.01962,0.03249,0.02351,0.04979,0.2056,0.208,
2.245,0.3973,0.06764,0.05739,0.06847,0.1117,0.09437,0.06011,0.01963,0.0325,0.02352,0.04982,0.2057,0.2092,
2.245,0.3918,0.06765,0.05726,0.06859,0.1114,0.09441,0.06013,0.01964,0.03252,0.02353,0.04987,0.2058,0.2092,
2.245,0.4191,0.06741,0.05744,0.06864,0.1114,0.09441,0.06013,0.01964,0.03339,0.02266,0.04988,0.2058,0.2092,
2.243,0.4073,0.06728,0.0574,0.06879,0.1114,0.0918,0.06013,0.01964,0.03339,0.02266,0.04991,0.2058,0.2119,
2.244,0.4023,0.06914,0.05726,0.06877,0.1113,0.0917,0.06007,0.01962,0.03335,0.02263,0.04988,0.2066,0.2097,
2.251,0.379,0.07142,0.05733,0.06879,0.1112,0.09161,0.06043,0.02018,0.03232,0.02473,0.04985,0.2053,0.2069,
2.251,0.3795,0.0713,0.05735,0.06896,0.1105,0.09168,0.06048,0.02019,0.03235,0.02475,0.0499,0.2055,0.2071,
2.25,0.3708,0.07122,0.0572,0.06896,0.1104,0.09159,0.06042,0.02059,0.03242,0.02421,0.04988,0.2063,0.2069,
2.217,0.3861,0.07115,0.05723,0.06903,0.11,0.1262,0.02623,0.02027,0.03244,0.02422,0.04991,0.2064,0.207,
2.214,0.3926,0.06895,0.05713,0.0691,0.1122,0.1251,0.02515,0.02027,0.03244,0.02422,0.04994,0.2064,0.2091,
2.213,0.3908,0.06891,0.0571,0.06917,0.1122,0.1244,0.02515,0.02027,0.03244,0.02422,0.04994,0.2064,0.2098,
2.213,0.3905,0.06882,0.05716,0.06919,0.1122,0.1244,0.02515,0.02027,0.03244,0.02422,0.04995,0.2064,0.2098,
2.213,0.3925,0.06873,0.05703,0.0694,0.1122,0.1232,0.02515,0.02027,0.03244,0.02422,0.04995,0.2064,0.211,
2.217,0.3964,0.07359,0.0569,0.06949,0.1118,0.1231,0.02513,0.02025,0.03242,0.0242,0.04992,0.2073,0.2059,
2.22,0.3929,0.07348,0.05673,0.06956,0.1116,0.123,0.02511,0.02065,0.03197,0.02592,0.04988,0.2064,0.2057,
2.219,0.3973,0.07338,0.05663,0.06979,0.1113,0.1224,0.02447,0.02066,0.0325,0.02541,0.04991,0.2064,0.2071,
2.217,0.4026,0.07155,0.05675,0.06988,0.1116,0.1224,0.02448,0.02119,0.03199,0.02542,0.04993,0.2065,0.2083,
2.216,0.4024,0.0715,0.05677,0.0699,0.1116,0.1231,0.02385,0.02119,0.03199,0.02542,0.04994,0.2065,0.2083,
2.214,0.4028,0.07052,0.05684,0.06984,0.1122,0.1212,0.02373,0.02102,0.03179,0.02543,0.04998,0.2066,0.2108,
2.213,0.4136,0.07047,0.05681,0.06988,0.1119,0.12,0.02374,0.02197,0.03173,0.02457,0.05003,0.2067,0.2122,
2.223,0.411,0.07147,0.05666,0.06979,0.1119,0.1194,0.02374,0.02197,0.03174,0.0291,0.05005,0.2033,0.2109,
2.223,0.409,0.07142,0.05646,0.07003,0.1119,0.1194,0.02374,0.0225,0.03339,0.02693,0.05006,0.2033,0.2109,
2.224,0.4079,0.07574,0.05634,0.06989,0.1117,0.119,0.02283,0.02245,0.03333,0.02687,0.04998,0.2049,0.207,
2.223,0.4196,0.0757,0.05615,0.06998,0.1109,0.119,0.02282,0.03504,0.02195,0.02565,0.04999,0.2059,0.2069,
2.221,0.4206,0.0757,0.05608,0.07004,0.1109,0.1184,0.02236,0.03495,0.02184,0.02552,0.05,0.2059,0.2082,
2.227,0.4168,0.07759,0.05605,0.06984,0.1106,0.1181,0.02229,0.03485,0.02177,0.02811,0.04987,0.2057,0.2053,
2.227,0.4178,0.0775,0.056,0.06997,0.1106,0.1181,0.02229,0.03485,0.02177,0.02811,0.04988,0.2057,0.2053,
2.227,0.418,0.07705,0.056,0.07008,0.1103,0.1182,0.0223,0.03487,0.02179,0.02813,0.04994,0.2059,0.2055,
2.229,0.4237,0.07689,0.05571,0.07009,0.1101,0.1179,0.02226,0.0348,0.02175,0.02975,0.04985,0.2058,0.2051,
2.229,0.4327,0.07632,0.05569,0.07034,0.1101,0.118,0.02227,0.03482,0.024,0.02752,0.04988,0.2059,0.2051,
2.228,0.4352,0.07613,0.05573,0.07046,0.1099,0.117,0.02228,0.03483,0.02401,0.02753,0.04991,0.206,0.2063,
2.227,0.4368,0.07581,0.0557,0.0705,0.1096,0.1179,0.02143,0.03486,0.02403,0.02755,0.04995,0.2062,0.2065,
2.224,0.4389,0.0734,0.05568,0.07052,0.112,0.1189,0.0209,0.03445,0.02403,0.02755,0.04998,0.2062,0.2065,
2.225,0.4388,0.07319,0.05565,0.07065,0.1117,0.1188,0.0217,0.03368,0.02405,0.02757,0.05002,0.2063,0.2067,
2.225,0.4403,0.07302,0.05579,0.07066,0.1117,0.1188,0.0217,0.03368,0.02405,0.02757,0.05004,0.2063,0.2067,
2.234,0.4432,0.07233,0.05586,0.07079,0.1112,0.1188,0.02209,0.03319,0.0257,0.03094,0.05005,0.2023,0.2067,
2.233,0.4446,0.07085,0.05591,0.07089,0.1119,0.1187,0.02207,0.03317,0.02569,0.03092,0.05001,0.2032,0.2066,
2.232,0.4331,0.07079,0.0558,0.07086,0.1115,0.1187,0.02206,0.03315,0.02567,0.0309,0.04999,0.2041,0.2065,
2.228,0.4355,0.06668,0.05575,0.07091,0.1153,0.119,0.02152,0.03422,0.02506,0.03035,0.04995,0.2049,0.2063,
2.228,0.4309,0.06659,0.05579,0.07102,0.1148,0.1191,0.02152,0.0342,0.02506,0.03035,0.05001,0.2051,0.2065,
2.226,0.4311,0.06646,0.0557,0.07121,0.1148,0.1169,0.02145,0.03509,0.02398,0.03022,0.05003,0.2051,0.209,
2.226,0.4322,0.06635,0.05578,0.07135,0.1142,0.117,0.02146,0.03551,0.02358,0.03023,0.05007,0.2053,0.2092,
2.226,0.4339,0.06585,0.05606,0.0716,0.1139,0.117,0.02146,0.03552,0.02359,0.03024,0.05009,0.2054,0.2093,
2.226,0.4322,0.06573,0.05611,0.07167,0.1139,0.117,0.02146,0.03552,0.02359,0.03024,0.05009,0.2054,0.2093,
2.225,0.4342,0.06568,0.05599,0.07181,0.1139,0.117,0.02146,0.03604,0.02307,0.03024,0.05012,0.2054,0.2093,
2.223,0.4343,0.06576,0.05592,0.07192,0.1129,0.1184,0.02061,0.03576,0.0231,0.03028,0.05019,0.2056,0.2096,
2.223,0.4337,0.06579,0.05587,0.07198,0.1125,0.1179,0.02132,0.03494,0.02311,0.03029,0.05024,0.2057,0.2103,
2.223,0.4184,0.06505,0.05584,0.07203,0.1132,0.1179,0.02132,0.03494,0.02311,0.03029,0.05025,0.2057,0.2103,
2.224,0.4177,0.06675,0.05584,0.07197,0.1131,0.1178,0.0213,0.0349,0.02308,0.03026,0.05021,0.2065,0.2083,
2.224,0.42,0.06675,0.05582,0.07198,0.1131,0.1178,0.0213,0.0349,0.02308,0.03026,0.05023,0.2065,0.2083,
2.224,0.4213,0.06634,0.05548,0.07237,0.1131,0.1179,0.02131,0.03492,0.02309,0.03027,0.05026,0.2066,0.2083,
2.224,0.4255,0.06631,0.05551,0.07235,0.1131,0.1179,0.02131,0.03492,0.02636,0.02701,0.05028,0.2066,0.2083,
2.224,0.4265,0.06548,0.05563,0.07234,0.1138,0.1179,0.02164,0.03459,0.02636,0.02701,0.05028,0.2066,0.2083,
2.224,0.4285,0.0654,0.05564,0.07245,0.1135,0.1179,0.02165,0.0346,0.02689,0.0265,0.05032,0.2067,0.2084,
2.249,0.4168,0.06947,0.05549,0.07237,0.1133,0.1214,0.01728,0.03522,0.02614,0.04345,0.05025,0.1913,0.2044,
2.247,0.4201,0.06844,0.05518,0.07232,0.1131,0.1212,0.01725,0.03517,0.0261,0.04339,0.05019,0.1929,0.2048,
2.247,0.4201,0.06839,0.05522,0.07232,0.1131,0.1212,0.01725,0.03517,0.0261,0.04339,0.05019,0.1929,0.2048,
2.247,0.4212,0.06746,0.05516,0.07242,0.1137,0.1212,0.01726,0.03519,0.02612,0.04341,0.05023,0.193,0.2049,
2.245,0.4238,0.06735,0.05517,0.07254,0.1133,0.1212,0.01675,0.0352,0.02613,0.04343,0.05027,0.1931,0.2056,
2.245,0.432,0.06689,0.05507,0.07262,0.1135,0.1217,0.01624,0.03563,0.02846,0.04071,0.05032,0.1932,0.2057,
2.245,0.43,0.06691,0.05507,0.07262,0.1132,0.1218,0.01624,0.03565,0.02847,0.04073,0.05036,0.1932,0.2058,
