entropy,entropyInd,RabA,RabB,RabC,RabD,RabE,RabF,RabG,RabH,RabI,xER,xPM,
2.178,0.3355,0.106,0.0907,0.0685,0.1252,0.05449,0.03938,0.03062,0.03407,0.03502,0.2066,0.2094,
2.177,0.3379,0.1061,0.09078,0.06789,0.1245,0.05453,0.03941,0.03064,0.03409,0.03504,0.2068,0.2103,
2.176,0.3351,0.1091,0.09069,0.06782,0.1243,0.05325,0.03906,0.0306,0.03405,0.03501,0.2077,0.2085,
2.176,0.3331,0.1091,0.09069,0.06782,0.1243,0.05325,0.03906,0.0306,0.03405,0.03501,0.2077,0.2085,
2.176,0.3668,0.1085,0.09059,0.06782,0.1243,0.05325,0.03906,0.0306,0.03405,0.03501,0.2077,0.2091,
2.174,0.3151,0.1086,0.09061,0.06787,0.1237,0.05174,0.03909,0.03063,0.03408,0.03503,0.2078,0.2108,
2.174,0.3164,0.1079,0.09057,0.06798,0.1233,0.05183,0.03915,0.03067,0.03412,0.03508,0.2082,0.2112,
2.174,0.3287,0.1099,0.09051,0.06727,0.1228,0.05179,0.03913,0.03065,0.0341,0.03505,0.2091,0.2097,
2.174,0.3232,0.1099,0.09034,0.06724,0.1225,0.05184,0.03916,0.03067,0.03412,0.03508,0.2093,0.2099,
2.174,0.3266,0.1099,0.09034,0.06724,0.1225,0.05184,0.03916,0.03067,0.03412,0.03508,0.2093,0.2099,
2.173,0.335,0.1094,0.09023,0.06733,0.1219,0.05191,0.03922,0.03072,0.03418,0.03513,0.2097,0.2103,
2.172,0.3179,0.1121,0.09025,0.06735,0.1211,0.04972,0.03924,0.03073,0.03419,0.03514,0.2108,0.2095,
2.179,0.32,0.112,0.09015,0.06727,0.1209,0.04967,0.03919,0.0307,0.03415,0.03999,0.2067,0.2092,
2.175,0.3236,0.1117,0.09011,0.0673,0.121,0.04695,0.03908,0.03071,0.03417,0.04001,0.2068,0.2122,
2.174,0.3248,0.1139,0.08968,0.06643,0.1204,0.0469,0.03903,0.03067,0.03412,0.03995,0.2086,0.2102,
2.174,0.3237,0.1138,0.08959,0.06639,0.12,0.04687,0.039,0.03065,0.0341,0.03993,0.2096,0.2101,
2.176,0.3312,0.1109,0.08683,0.06514,0.1198,0.04682,0.03896,0.03062,0.03406,0.04489,0.2054,0.2165,
2.176,0.3287,0.113,0.08647,0.06511,0.1194,0.04681,0.03896,0.03061,0.03406,0.04488,0.2064,0.2143,
2.175,0.3252,0.1142,0.08638,0.06504,0.1193,0.04544,0.03892,0.03058,0.03402,0.04483,0.2072,0.2141,
2.172,0.3278,0.1122,0.08642,0.06441,0.1189,0.04545,0.03893,0.03059,0.03403,0.04484,0.2073,0.2169,
2.171,0.3299,0.1106,0.08612,0.06441,0.119,0.04547,0.03895,0.0306,0.03405,0.04486,0.2074,0.2186,
2.17,0.3329,0.1094,0.08599,0.06446,0.1185,0.0455,0.03897,0.03062,0.03406,0.04489,0.2076,0.2201,
2.171,0.34,0.1121,0.08594,0.06442,0.118,0.04546,0.03895,0.0306,0.03403,0.04485,0.2085,0.2171,
2.171,0.3365,0.113,0.08588,0.06437,0.1175,0.04543,0.03892,0.03057,0.03401,0.04482,0.2094,0.2161,
2.17,0.32,0.113,0.08588,0.06303,0.1175,0.04543,0.03892,0.03057,0.03401,0.04482,0.2094,0.2174,
2.17,0.3195,0.1131,0.08596,0.06309,0.1168,0.04547,0.03896,0.0306,0.03404,0.04486,0.2096,0.2176,
2.167,0.328,0.1108,0.08608,0.06319,0.1157,0.04489,0.03903,0.03066,0.0341,0.04494,0.2099,0.2207,
2.184,0.3125,0.1156,0.08599,0.06313,0.1156,0.04485,0.03899,0.03062,0.03407,0.05435,0.2013,0.2155,
2.179,0.3064,0.1137,0.08603,0.06186,0.1156,0.04368,0.039,0.03064,0.03408,0.05438,0.2014,0.2196,
2.181,0.3485,0.1178,0.0859,0.0619,0.1147,0.04371,0.03903,0.03066,0.03409,0.05433,0.2026,0.2153,
2.177,0.3076,0.1237,0.08531,0.0617,0.1142,0.04009,0.0389,0.0305,0.03407,0.05429,0.2045,0.2127,
2.179,0.3049,0.1237,0.08515,0.06187,0.1142,0.04009,0.0389,0.0305,0.03993,0.04843,0.2045,0.2127,
2.179,0.3114,0.1206,0.08551,0.06199,0.1161,0.04041,0.03868,0.03054,0.03998,0.04849,0.2048,0.213,
2.179,0.2978,0.1207,0.08552,0.0621,0.1153,0.04045,0.03871,0.03056,0.0409,0.04764,0.205,0.2132,
2.179,0.3181,0.1201,0.08545,0.06243,0.1154,0.0398,0.03873,0.03057,0.04091,0.04766,0.2051,0.2139,
2.178,0.3072,0.12,0.08513,0.0626,0.114,0.03989,0.03883,0.03065,0.04155,0.04725,0.2056,0.2145,
2.178,0.3078,0.119,0.08513,0.06265,0.1144,0.03993,0.03939,0.03014,0.04159,0.04729,0.2058,0.2147,
2.179,0.3067,0.12,0.08499,0.06272,0.114,0.0399,0.03937,0.03012,0.04537,0.04345,0.2067,0.2134,
2.174,0.312,0.1208,0.08473,0.06219,0.1139,0.03786,0.03933,0.03009,0.04533,0.0434,0.2075,0.2148,
2.175,0.3166,0.1205,0.08487,0.06248,0.1135,0.03841,0.03881,0.03063,0.04579,0.04245,0.2076,0.2149,
2.173,0.3245,0.1216,0.08482,0.06124,0.1123,0.03921,0.03855,0.04591,0.02999,0.04245,0.2087,0.2152,
2.171,0.3452,0.121,0.08476,0.0615,0.1124,0.03865,0.03803,0.04593,0.03001,0.04247,0.2088,0.2164,
2.153,0.3494,0.1209,0.0848,0.06141,0.112,0.06345,0.0133,0.04597,0.03056,0.04197,0.209,0.2166,
2.154,0.3019,0.1224,0.0849,0.0614,0.1119,0.06339,0.01329,0.04592,0.03151,0.04095,0.2098,0.2145,
2.156,0.306,0.123,0.08508,0.06147,0.1127,0.06335,0.01328,0.04589,0.03453,0.03788,0.2107,0.212,
2.156,0.3121,0.1223,0.08507,0.06158,0.1131,0.0639,0.01342,0.04524,0.03508,0.03737,0.2108,0.2121,
2.156,0.3104,0.1222,0.0851,0.06163,0.1131,0.0639,0.01342,0.04524,0.03667,0.03577,0.2108,0.2121,
2.156,0.3149,0.1208,0.08498,0.06184,0.1144,0.0639,0.01342,0.04524,0.03977,0.03267,0.2108,0.2121,
2.158,0.3141,0.1222,0.08507,0.06177,0.1143,0.06212,0.0134,0.04519,0.03973,0.03477,0.2095,0.2119,
2.166,0.3296,0.1264,0.08486,0.06174,0.1137,0.06046,0.04493,0.01356,0.03966,0.03968,0.2063,0.2086,
2.164,0.347,0.1265,0.08473,0.06202,0.113,0.05896,0.04497,0.01357,0.03969,0.03971,0.2065,0.2104,
2.164,0.3269,0.1264,0.08486,0.06209,0.1126,0.05898,0.04499,0.01357,0.03971,0.03973,0.2066,0.2105,
2.164,0.3247,0.1264,0.08479,0.06216,0.1126,0.05898,0.04499,0.01357,0.04024,0.0392,0.2066,0.2105,
2.164,0.3338,0.1261,0.08486,0.06236,0.1121,0.05903,0.04503,0.01358,0.04178,0.03773,0.2068,0.2107,
2.162,0.3418,0.126,0.08488,0.06248,0.1121,0.05757,0.04449,0.01358,0.04178,0.03773,0.2068,0.2127,
2.162,0.3412,0.126,0.08482,0.06261,0.1117,0.05692,0.04451,0.01525,0.04013,0.03773,0.2069,0.2134,
2.163,0.3451,0.1272,0.08505,0.06273,0.1112,0.05688,0.04449,0.01524,0.04161,0.03621,0.2078,0.2116,
2.16,0.3362,0.1288,0.08502,0.06282,0.1108,0.05499,0.04445,0.01523,0.04318,0.03459,0.2087,0.2115,
2.165,0.3439,0.1281,0.08495,0.06262,0.1122,0.05482,0.04431,0.01518,0.04304,0.03751,0.2081,0.2092,
2.164,0.3464,0.1277,0.08505,0.0626,0.1121,0.05477,0.04427,0.01516,0.04388,0.03659,0.209,0.2089,
2.163,0.3432,0.1272,0.08499,0.06276,0.1113,0.0541,0.04428,0.01516,0.04512,0.03536,0.2101,0.2097,
2.166,0.3454,0.1268,0.08511,0.06289,0.1105,0.05452,0.04385,0.01516,0.04975,0.03359,0.2082,0.2096,
2.165,0.3443,0.1288,0.08502,0.06291,0.1104,0.05336,0.0438,0.01514,0.0497,0.03356,0.209,0.2083,
2.165,0.3461,0.1287,0.08516,0.063,0.1101,0.05338,0.04382,0.01514,0.05044,0.03285,0.2091,0.2084,
2.165,0.3474,0.1285,0.08533,0.06335,0.1084,0.05349,0.04391,0.01516,0.05054,0.03291,0.2096,0.2088,
2.164,0.353,0.1281,0.08564,0.0636,0.108,0.05404,0.04436,0.01421,0.05057,0.03293,0.2097,0.2089,
2.165,0.3662,0.1236,0.08587,0.0637,0.1115,0.05335,0.04433,0.01611,0.04863,0.0329,0.2106,0.2094,
2.165,0.3637,0.1236,0.08618,0.06398,0.1096,0.05345,0.04442,0.01614,0.04873,0.03297,0.211,0.2099,
2.163,0.3643,0.1236,0.08616,0.06405,0.1092,0.05281,0.04444,0.01614,0.05068,0.03105,0.2111,0.2107,
2.163,0.3624,0.1236,0.0861,0.06411,0.1092,0.05281,0.04444,0.01614,0.05068,0.03105,0.2111,0.2107,
2.164,0.3661,0.1224,0.08633,0.06417,0.1102,0.05281,0.04444,0.01685,0.051,0.03002,0.2111,0.2107,
2.159,0.3659,0.1223,0.08631,0.06442,0.1098,0.05173,0.04499,0.01686,0.05509,0.02544,0.2112,0.2119,
2.183,0.3591,0.1241,0.08675,0.06441,0.1089,0.05172,0.04498,0.01686,0.05508,0.03735,0.2003,0.2095,
2.184,0.3667,0.1241,0.08686,0.06458,0.1082,0.05176,0.04502,0.01758,0.05441,0.03738,0.2005,0.2097,
2.182,0.3707,0.1234,0.0869,0.06494,0.1064,0.05663,0.0403,0.0176,0.0545,0.03744,0.2019,0.21,
2.181,0.3764,0.1219,0.08699,0.06498,0.1068,0.05662,0.04029,0.01759,0.05449,0.03743,0.2028,0.21,
2.181,0.3737,0.1208,0.08729,0.0652,0.1057,0.05669,0.04034,0.01761,0.05456,0.03747,0.2041,0.2103,
2.181,0.3506,0.1209,0.08727,0.06556,0.1042,0.05678,0.0404,0.01763,0.05464,0.03753,0.2045,0.2106,
2.181,0.3448,0.1205,0.08754,0.06564,0.1034,0.05676,0.04039,0.01805,0.05421,0.03752,0.2055,0.2106,
2.179,0.4167,0.1185,0.08762,0.06584,0.1046,0.05537,0.04035,0.01803,0.05415,0.03748,0.2063,0.2117,
2.174,0.4165,0.1184,0.0876,0.06586,0.1041,0.05334,0.04033,0.01802,0.05723,0.03434,0.2072,0.2136,
2.175,0.4095,0.1225,0.08741,0.06583,0.1039,0.05323,0.04024,0.01798,0.05711,0.03427,0.2088,0.2087,
2.172,0.4166,0.1191,0.08737,0.06436,0.1063,0.05255,0.04024,0.01798,0.05764,0.03373,0.2098,0.2109,
2.149,0.405,0.119,0.08725,0.06437,0.1062,0.07816,0.01453,0.01867,0.05687,0.0337,0.2107,0.2107,
2.149,0.3387,0.1178,0.08727,0.06453,0.1071,0.07816,0.01453,0.01867,0.0579,0.03267,0.2107,0.2107,
2.147,0.3403,0.1171,0.08706,0.06481,0.106,0.07652,0.01455,0.01869,0.05799,0.03272,0.211,0.2135,
2.147,0.3445,0.1167,0.08733,0.06493,0.1058,0.07654,0.01456,0.01923,0.05748,0.03273,0.2111,0.2136,
2.148,0.3252,0.1147,0.08765,0.06516,0.107,0.07658,0.01456,0.01977,0.05698,0.03275,0.2112,0.2137,
2.149,0.3354,0.1138,0.08774,0.06531,0.107,0.07665,0.01457,0.02078,0.05603,0.03278,0.2114,0.2139,
2.164,0.313,0.1186,0.08764,0.0655,0.1062,0.07663,0.01457,0.02131,0.05549,0.03972,0.2055,0.2089,
2.16,0.3141,0.1179,0.0876,0.06565,0.1049,0.07394,0.01456,0.0213,0.05707,0.03811,0.2075,0.2115,
2.158,0.2852,0.1178,0.08746,0.06599,0.1045,0.07277,0.01443,0.02131,0.0571,0.03812,0.2076,0.213,
2.16,0.2887,0.117,0.0876,0.06621,0.1038,0.0729,0.01445,0.02299,0.05553,0.03818,0.2079,0.2134,
2.158,0.2838,0.1168,0.08771,0.06643,0.1034,0.07182,0.01446,0.023,0.05556,0.0382,0.208,0.2146,
2.157,0.2861,0.1176,0.08779,0.0665,0.1026,0.07028,0.01446,0.02385,0.05471,0.0382,0.2091,0.2149,
2.157,0.2862,0.1193,0.08776,0.06638,0.1025,0.06957,0.01445,0.02383,0.05468,0.03818,0.2101,0.2133,
2.157,0.2924,0.1182,0.08757,0.0666,0.1033,0.06959,0.01502,0.02327,0.05642,0.03648,0.2102,0.2134,
2.156,0.2907,0.1183,0.08754,0.06669,0.1029,0.07016,0.01449,0.02326,0.05644,0.03649,0.2102,0.2135,
2.156,0.2909,0.1203,0.08764,0.06709,0.1028,0.06852,0.01447,0.02324,0.05638,0.03645,0.2111,0.212,
2.154,0.2882,0.1203,0.08731,0.06742,0.1028,0.06852,0.01447,0.02324,0.05923,0.0336,0.2111,0.212,
2.154,0.2894,0.1202,0.08733,0.06746,0.1028,0.06906,0.01394,0.02324,0.05923,0.0336,0.2111,0.212,
2.152,0.2911,0.1202,0.08751,0.06749,0.1024,0.06714,0.01457,0.02262,0.05926,0.03361,0.2112,0.214,
2.153,0.2884,0.1224,0.08748,0.0676,0.1023,0.06707,0.01456,0.0226,0.0592,0.03358,0.212,0.2112,
2.171,0.2837,0.1222,0.08742,0.06757,0.1022,0.06633,0.01454,0.02257,0.06426,0.04168,0.1996,0.2117,
2.171,0.2777,0.1218,0.08759,0.06785,0.1008,0.06644,0.01457,0.02262,0.0644,0.04177,0.2,0.2121,
2.171,0.2943,0.1216,0.08763,0.0678,0.1004,0.0664,0.01456,0.02261,0.06436,0.04174,0.2009,0.212,
2.17,0.265,0.1215,0.08772,0.06811,0.09924,0.06701,0.01458,0.0221,0.06444,0.04179,0.2012,0.2123,
2.168,0.2591,0.1214,0.08781,0.06826,0.09886,0.06509,0.01512,0.02157,0.065,0.04126,0.2013,0.2144,
2.166,0.2819,0.1211,0.08796,0.06848,0.0985,0.06512,0.01512,0.02158,0.06857,0.03774,0.2014,0.2145,
2.167,0.2688,0.1252,0.08801,0.0685,0.098,0.06508,0.01511,0.02157,0.06976,0.03649,0.2023,0.21,
2.165,0.2821,0.1249,0.08787,0.06852,0.09741,0.06587,0.01473,0.02199,0.06987,0.03521,0.204,0.2097,
2.163,0.2698,0.1248,0.08785,0.0686,0.09741,0.06453,0.01473,0.02199,0.06987,0.03521,0.204,0.211,
2.162,0.2783,0.1248,0.08796,0.06872,0.09664,0.06458,0.01474,0.02201,0.0715,0.03366,0.2041,0.2112,
2.159,0.2662,0.1243,0.08749,0.06805,0.09628,0.06407,0.01461,0.02202,0.07153,0.03368,0.2042,0.2138,
2.16,0.2695,0.124,0.08757,0.0682,0.09628,0.06407,0.01461,0.02255,0.071,0.03368,0.2042,0.2138,
2.16,0.2746,0.1237,0.08757,0.06818,0.09628,0.06314,0.01504,0.02266,0.07046,0.03368,0.2042,0.2151,
2.16,0.2777,0.1272,0.08745,0.06808,0.09643,0.06233,0.01558,0.02204,0.0703,0.0336,0.2069,0.2102,
2.161,0.2816,0.1236,0.08763,0.06801,0.09952,0.06227,0.01652,0.02106,0.07023,0.03356,0.2077,0.21,
2.16,0.2836,0.123,0.08787,0.0681,0.09921,0.06321,0.01564,0.02107,0.07029,0.03359,0.2079,0.2101,
2.156,0.293,0.1228,0.0878,0.06812,0.09911,0.06188,0.02397,0.01271,0.07022,0.03356,0.2087,0.2112,
2.155,0.2955,0.1226,0.08763,0.06852,0.09874,0.06079,0.02398,0.01271,0.07024,0.03356,0.2088,0.2124,
2.154,0.2878,0.1224,0.08742,0.06864,0.09881,0.06017,0.02399,0.01272,0.0703,0.03359,0.21,0.212,
2.154,0.3,0.122,0.08767,0.0688,0.09881,0.06017,0.02399,0.01272,0.0703,0.03359,0.21,0.212,
2.15,0.291,0.1212,0.08811,0.06727,0.0985,0.0591,0.02458,0.01216,0.07089,0.03308,0.2102,0.2149,
2.147,0.2905,0.1212,0.08791,0.06675,0.0985,0.05784,0.02458,0.01216,0.07178,0.03219,0.2102,0.2169,
2.147,0.3049,0.1209,0.088,0.06702,0.09777,0.05791,0.02461,0.01218,0.07187,0.03209,0.2104,0.2172,
2.147,0.3038,0.1204,0.08837,0.0671,0.09777,0.05791,0.02461,0.01218,0.07187,0.03209,0.2104,0.2172,
2.145,0.3065,0.1225,0.08786,0.06744,0.09766,0.05692,0.02373,0.01216,0.0718,0.03206,0.2113,0.2165,
2.145,0.2989,0.1223,0.08806,0.06749,0.09766,0.05692,0.02373,0.01216,0.0718,0.03206,0.2113,0.2165,
2.144,0.3055,0.1221,0.08819,0.06757,0.09766,0.05692,0.02373,0.01216,0.07251,0.03135,0.2113,0.2165,
2.141,0.3052,0.1219,0.08802,0.06769,0.09733,0.05608,0.02286,0.01217,0.07257,0.03137,0.2115,0.2185,
2.14,0.3234,0.1219,0.08789,0.06807,0.09657,0.05613,0.02331,0.01175,0.07317,0.03086,0.2117,0.2187,
2.14,0.3227,0.123,0.08782,0.06822,0.0961,0.05609,0.02329,0.01174,0.07312,0.03084,0.2126,0.2172,
2.15,0.3155,0.124,0.08774,0.06819,0.096,0.05496,0.02234,0.01173,0.07304,0.03789,0.2063,0.2178,
2.147,0.3027,0.1258,0.08775,0.06828,0.09513,0.05352,0.02197,0.01173,0.07303,0.03788,0.2073,0.2175,
2.147,0.3013,0.1273,0.08743,0.06857,0.09469,0.05349,0.02286,0.01082,0.07299,0.03783,0.2082,0.2158,
2.147,0.2912,0.1306,0.08727,0.06873,0.09347,0.05349,0.0234,0.01029,0.07389,0.03693,0.2094,0.2126,
2.147,0.2908,0.1306,0.08731,0.06893,0.0927,0.05354,0.02342,0.01029,0.07396,0.03696,0.2095,0.2127,
2.146,0.2918,0.1307,0.0873,0.06901,0.09229,0.0539,0.02308,0.0103,0.07399,0.03697,0.2096,0.2128,
2.142,0.3173,0.1292,0.08732,0.06907,0.0933,0.05385,0.02306,0.01029,0.0795,0.03135,0.2105,0.2126,
2.142,0.2746,0.1288,0.0876,0.06921,0.0933,0.05385,0.02306,0.01029,0.0795,0.03135,0.2105,0.2126,
2.144,0.277,0.1286,0.08749,0.06927,0.09283,0.05381,0.02304,0.0118,0.07793,0.03132,0.2114,0.2125,
2.145,0.2793,0.1284,0.08751,0.06948,0.09283,0.05381,0.02304,0.01233,0.07739,0.03132,0.2114,0.2125,
2.168,0.3298,0.1262,0.08793,0.0695,0.09433,0.05271,0.02305,0.05509,0.03467,0.03133,0.2115,0.2137,
2.168,0.3438,0.1262,0.08791,0.06959,0.09433,0.05271,0.02359,0.05509,0.03782,0.02764,0.2115,0.2137,
2.167,0.334,0.1253,0.08849,0.06982,0.09433,0.05271,0.02359,0.05616,0.0392,0.02519,0.2115,0.2137,
2.166,0.3359,0.1264,0.08815,0.06976,0.09361,0.05322,0.02315,0.05676,0.03871,0.02521,0.2128,0.2123,
2.184,0.328,0.126,0.08789,0.06974,0.09342,0.05311,0.02311,0.05664,0.03863,0.03501,0.2046,0.2119,
2.183,0.3298,0.1269,0.08782,0.06985,0.09332,0.05282,0.02266,0.05658,0.03948,0.03408,0.2054,0.2111,
2.18,0.3335,0.1266,0.08772,0.07008,0.09285,0.05225,0.02251,0.0585,0.03749,0.03406,0.2063,0.2117,
2.161,0.3286,0.1263,0.0879,0.07013,0.09285,0.06537,0.008853,0.05837,0.03838,0.03317,0.2063,0.2123,
2.155,0.297,0.1263,0.08785,0.07018,0.09285,0.06082,0.008853,0.05894,0.03781,0.03317,0.2063,0.2169,
2.152,0.2935,0.1257,0.08696,0.06848,0.09264,0.06096,0.008865,0.05907,0.03789,0.03324,0.2067,0.2195,
2.148,0.3083,0.1251,0.08693,0.0665,0.09321,0.05982,0.008865,0.05978,0.03875,0.03167,0.2067,0.2226,
2.147,0.3031,0.123,0.0869,0.06687,0.09416,0.05875,0.008874,0.05986,0.0388,0.0317,0.207,0.224,
2.147,0.304,0.124,0.08675,0.06687,0.09503,0.05869,0.008865,0.06122,0.03733,0.03167,0.2078,0.2218,
2.147,0.3022,0.1239,0.0867,0.06704,0.09464,0.05872,0.008869,0.06178,0.03682,0.03168,0.2079,0.2219,
2.147,0.3257,0.1236,0.08705,0.06708,0.09464,0.05872,0.008869,0.06178,0.03788,0.03062,0.2079,0.2219,
2.167,0.326,0.1207,0.0865,0.06744,0.09714,0.05877,0.04497,0.02627,0.03831,0.02971,0.2081,0.2221,
2.166,0.3304,0.1205,0.08609,0.06804,0.09714,0.05834,0.04611,0.0264,0.03734,0.02918,0.2081,0.2227,
2.164,0.3418,0.1198,0.08631,0.06823,0.09718,0.05636,0.04613,0.02641,0.03736,0.02919,0.2082,0.2248,
2.166,0.3399,0.1248,0.08611,0.06832,0.09707,0.05669,0.04578,0.02641,0.03789,0.02865,0.2092,0.2191,
2.167,0.3451,0.1278,0.08592,0.06847,0.0966,0.05665,0.04575,0.02639,0.03786,0.02862,0.2101,0.2157,
2.168,0.3546,0.1273,0.08608,0.06857,0.09664,0.05668,0.04577,0.02807,0.03621,0.02864,0.2102,0.2158,
2.167,0.3455,0.1273,0.08601,0.06865,0.09664,0.05668,0.04577,0.02807,0.03842,0.02642,0.2102,0.2158,
2.168,0.3425,0.1265,0.0861,0.06868,0.09728,0.05668,0.04577,0.0285,0.03799,0.02642,0.2102,0.2158,
2.168,0.3504,0.1255,0.08641,0.06871,0.09791,0.05668,0.04646,0.02781,0.03799,0.02642,0.2102,0.2158,
2.168,0.3468,0.1242,0.08652,0.06876,0.09907,0.05668,0.04646,0.02781,0.03799,0.02642,0.2102,0.2158,
2.168,0.3462,0.1273,0.08638,0.06895,0.09897,0.05618,0.04573,0.02778,0.03796,0.0264,0.2111,0.2133,
2.168,0.3561,0.1249,0.08742,0.06904,0.1002,0.05618,0.04573,0.0285,0.03778,0.02586,0.2111,0.2133,
2.168,0.3474,0.1237,0.0872,0.06907,0.1005,0.05628,0.04634,0.02801,0.03882,0.02491,0.2114,0.2137,
2.168,0.3464,0.1232,0.08718,0.06948,0.1002,0.05633,0.04681,0.0276,0.03885,0.02493,0.2116,0.2139,
2.166,0.3506,0.1231,0.08715,0.06969,0.09976,0.05635,0.04683,0.02762,0.04102,0.0228,0.2117,0.214,
2.166,0.3517,0.123,0.08721,0.06969,0.09976,0.05635,0.04762,0.02683,0.04102,0.0228,0.2117,0.214,
2.166,0.3527,0.123,0.08705,0.06975,0.1002,0.05631,0.04759,0.02681,0.04153,0.02224,0.2127,0.2129,
2.175,0.3569,0.1224,0.0869,0.06783,0.09993,0.05614,0.04744,0.02672,0.0414,0.02819,0.2091,0.214,
2.175,0.3573,0.1222,0.08689,0.06798,0.09993,0.05614,0.04744,0.02672,0.0414,0.02819,0.2091,0.214,
2.176,0.3576,0.1262,0.08675,0.0682,0.09945,0.0561,0.04826,0.02585,0.04137,0.02816,0.21,0.2096,
2.174,0.3451,0.1256,0.08668,0.06826,0.09939,0.05649,0.04781,0.02584,0.04419,0.0253,0.211,0.2095,
2.174,0.3396,0.1244,0.08763,0.06852,0.09939,0.05649,0.04834,0.0253,0.04419,0.0253,0.211,0.2095,
2.174,0.3035,0.1239,0.08784,0.06857,0.09907,0.05654,0.04891,0.02522,0.04433,0.02478,0.2111,0.2097,
2.172,0.3077,0.1237,0.088,0.06867,0.09871,0.05656,0.05,0.02416,0.04524,0.02389,0.2112,0.2098,
2.172,0.3108,0.1229,0.0883,0.06891,0.09875,0.05658,0.05003,0.02417,0.04579,0.02337,0.2113,0.2099,
2.171,0.3193,0.1203,0.08791,0.06953,0.1008,0.05549,0.05004,0.02417,0.04581,0.02337,0.2114,0.2111,
2.172,0.3356,0.1202,0.08799,0.06959,0.1008,0.05604,0.0495,0.0246,0.04538,0.02337,0.2114,0.2111,
2.173,0.3249,0.12,0.08799,0.06974,0.1008,0.05604,0.0495,0.02597,0.04402,0.02337,0.2114,0.2111,
2.175,0.3268,0.117,0.0883,0.06988,0.1028,0.05662,0.049,0.03807,0.03197,0.02339,0.2116,0.2113,
2.173,0.3353,0.1167,0.08829,0.06999,0.1027,0.05587,0.04852,0.03856,0.03141,0.02336,0.2124,0.2122,
2.173,0.3329,0.1167,0.08825,0.07003,0.1027,0.05641,0.04799,0.03856,0.03194,0.02283,0.2124,0.2122,
2.172,0.3347,0.116,0.08819,0.07021,0.1024,0.05696,0.04747,0.03858,0.03195,0.02283,0.2125,0.2129,
2.171,0.336,0.1158,0.08824,0.07034,0.1024,0.05696,0.04747,0.03858,0.03544,0.01934,0.2125,0.2129,
2.187,0.3331,0.1186,0.08834,0.07042,0.1023,0.0569,0.0519,0.0348,0.03582,0.02592,0.2056,0.2095,
2.184,0.3421,0.1178,0.08757,0.0709,0.1018,0.05694,0.05194,0.0447,0.02596,0.02594,0.2068,0.2096,
2.183,0.3478,0.1156,0.0877,0.071,0.1039,0.05694,0.05251,0.04573,0.02436,0.02594,0.2068,0.2096,
2.183,0.343,0.1153,0.0875,0.07113,0.1039,0.05697,0.05253,0.04575,0.02437,0.02595,0.2069,0.2097,
2.181,0.348,0.1147,0.08774,0.07118,0.1038,0.05579,0.05301,0.04517,0.02435,0.02592,0.2077,0.2106,
2.181,0.3463,0.1131,0.08785,0.07129,0.1049,0.05581,0.05357,0.04508,0.02393,0.02593,0.2078,0.2107,
2.181,0.3466,0.1118,0.08756,0.07177,0.1055,0.0564,0.05308,0.04512,0.02395,0.02595,0.208,0.2109,
2.181,0.3454,0.1115,0.08731,0.07197,0.1054,0.05634,0.05302,0.04508,0.02392,0.02592,0.2088,0.2107,
2.18,0.3653,0.1111,0.08778,0.07208,0.105,0.05637,0.05412,0.04474,0.02445,0.0247,0.2089,0.2108,
2.179,0.3881,0.1104,0.08816,0.07208,0.1044,0.05568,0.05464,0.0442,0.02444,0.02469,0.2099,0.2114,
2.177,0.3677,0.1073,0.08829,0.07228,0.1061,0.05465,0.05473,0.04427,0.02449,0.02473,0.2103,0.2129,
2.177,0.3756,0.1072,0.08824,0.07241,0.1061,0.05465,0.05473,0.04427,0.02502,0.0242,0.2103,0.2129,
2.173,0.3679,0.1049,0.08826,0.07253,0.1079,0.05405,0.05454,0.0465,0.02234,0.0239,0.2111,0.214,
2.173,0.373,0.1034,0.08824,0.07261,0.1093,0.05405,0.05454,0.0465,0.02234,0.0239,0.2111,0.214,
2.176,0.3814,0.1061,0.0881,0.07259,0.1087,0.05328,0.0549,0.04596,0.0223,0.02547,0.2113,0.2113,
2.175,0.3602,0.1056,0.088,0.0728,0.1084,0.05325,0.05487,0.04593,0.02228,0.02545,0.2122,0.2112,
2.175,0.3567,0.1054,0.08767,0.0733,0.1084,0.05325,0.0554,0.0454,0.02228,0.02545,0.2122,0.2112,
2.172,0.3585,0.1049,0.08778,0.0734,0.1085,0.05194,0.05543,0.04499,0.02272,0.02479,0.2123,0.2133,
2.173,0.3541,0.1046,0.08755,0.07391,0.1085,0.05194,0.05543,0.04499,0.02272,0.02479,0.2123,0.2133,
2.172,0.3552,0.1042,0.08792,0.07402,0.1082,0.05139,0.05532,0.04501,0.02362,0.02391,0.2124,0.2141,
2.172,0.3666,0.1039,0.08808,0.0742,0.1078,0.05141,0.05534,0.04503,0.02363,0.02391,0.2125,0.2142,
2.182,0.3591,0.1063,0.08798,0.07426,0.1076,0.0513,0.05522,0.04493,0.02411,0.028,0.2095,0.2108,
2.181,0.3551,0.1058,0.08821,0.07335,0.1067,0.05137,0.05595,0.04476,0.02372,0.02803,0.2097,0.2124,
2.181,0.3408,0.1046,0.08842,0.07359,0.1069,0.05175,0.05566,0.0448,0.02374,0.02806,0.2099,0.2126,
2.181,0.3339,0.1046,0.08827,0.07382,0.1065,0.05178,0.05569,0.04482,0.025,0.02682,0.21,0.2127,
2.178,0.3436,0.1046,0.08817,0.07399,0.1061,0.0518,0.06399,0.03656,0.025,0.02683,0.2101,0.2128,
2.175,0.359,0.1044,0.08787,0.07394,0.1059,0.05102,0.06445,0.03588,0.02495,0.02677,0.2118,0.213,
2.175,0.3675,0.1031,0.08818,0.07406,0.1066,0.05104,0.06448,0.0359,0.02496,0.02678,0.2119,0.2131,
2.175,0.3741,0.1024,0.08805,0.07421,0.1072,0.05104,0.06448,0.0359,0.02496,0.02678,0.2119,0.2131,
2.172,0.3658,0.1011,0.08777,0.07443,0.1078,0.04954,0.06456,0.03647,0.02535,0.02592,0.2122,0.2149,
2.172,0.3652,0.1011,0.08773,0.07451,0.1075,0.04956,0.06522,0.03585,0.02678,0.02449,0.2122,0.215,
2.171,0.3644,0.096,0.08788,0.0747,0.1122,0.05053,0.06425,0.03671,0.02592,0.02449,0.2122,0.215,
2.171,0.3669,0.09566,0.08768,0.07505,0.1116,0.05059,0.06521,0.03586,0.02686,0.0236,0.2125,0.2153,
2.171,0.3672,0.09494,0.08806,0.07515,0.1116,0.05061,0.06524,0.03588,0.02688,0.02361,0.2126,0.2154,
2.171,0.3754,0.09468,0.08833,0.07534,0.1108,0.05112,0.06484,0.03591,0.0269,0.02363,0.2128,0.2156,
2.155,0.3838,0.09404,0.08822,0.07519,0.1105,0.05047,0.08007,0.02073,0.02691,0.02364,0.2129,0.2173,
2.154,0.3417,0.09376,0.08836,0.07542,0.1101,0.05049,0.0801,0.02074,0.02782,0.02275,0.213,0.2174,
2.154,0.3376,0.09316,0.08821,0.07583,0.1096,0.05098,0.07978,0.02077,0.02893,0.02171,0.2133,0.2177,
2.174,0.3265,0.08816,0.08847,0.07582,0.1151,0.05095,0.08033,0.02015,0.02891,0.03177,0.2041,0.2162,
2.174,0.3252,0.08785,0.0887,0.076,0.1147,0.05098,0.08037,0.02016,0.02946,0.03125,0.2042,0.2163,
2.172,0.2991,0.08672,0.08868,0.07633,0.1152,0.04988,0.0804,0.02237,0.02727,0.03127,0.2043,0.2175,
2.172,0.3068,0.08659,0.08859,0.07672,0.1145,0.04992,0.08047,0.02238,0.02729,0.03128,0.2045,0.2177,
2.173,0.3432,0.08862,0.08842,0.07678,0.1144,0.05042,0.08037,0.02254,0.02655,0.03125,0.2053,0.2153,
2.172,0.2987,0.08838,0.08876,0.07691,0.1136,0.05046,0.08167,0.02133,0.02711,0.03074,0.2055,0.2155,
2.171,0.2969,0.08699,0.08875,0.07706,0.1146,0.05048,0.08225,0.02152,0.0264,0.03075,0.2056,0.2156,
2.171,0.2925,0.08684,0.08883,0.07735,0.1138,0.05053,0.08232,0.02154,0.02642,0.03078,0.2058,0.2158,
2.171,0.2931,0.08684,0.08827,0.07766,0.1135,0.05057,0.08239,0.02156,0.02645,0.0308,0.206,0.216,
2.171,0.295,0.08571,0.08829,0.07773,0.1145,0.05057,0.08239,0.02257,0.02674,0.0295,0.206,0.216,
2.172,0.2681,0.08709,0.08845,0.07785,0.1154,0.05054,0.08288,0.02202,0.02672,0.02949,0.2069,0.2127,
2.17,0.2757,0.08702,0.08833,0.07813,0.115,0.04944,0.08346,0.02149,0.02673,0.0295,0.207,0.2139,
2.167,0.2806,0.08589,0.08844,0.07826,0.1153,0.04802,0.08407,0.02095,0.02675,0.02952,0.2072,0.2156,
2.167,0.2771,0.08572,0.08829,0.07834,0.115,0.04834,0.08387,0.02097,0.02804,0.02828,0.2073,0.2158,
2.167,0.2581,0.08569,0.08818,0.07847,0.115,0.04834,0.08387,0.02169,0.02786,0.02774,0.2073,0.2158,
2.167,0.2693,0.08514,0.08843,0.07886,0.1135,0.04888,0.08363,0.02174,0.02946,0.02627,0.2078,0.2163,
2.168,0.2638,0.0869,0.08841,0.07894,0.1134,0.04883,0.08354,0.02172,0.02997,0.0257,0.2086,0.214,
2.168,0.2632,0.08684,0.08839,0.07911,0.113,0.04885,0.08358,0.02173,0.02998,0.02571,0.2087,0.2141,
2.167,0.2742,0.08643,0.08784,0.07913,0.113,0.04885,0.08356,0.02173,0.02998,0.02571,0.2097,0.214,
2.167,0.2875,0.08625,0.08772,0.07926,0.1125,0.04881,0.08351,0.02171,0.02996,0.02569,0.2107,0.2139,
2.166,0.2818,0.0859,0.08788,0.07918,0.1124,0.04974,0.08299,0.02115,0.02993,0.02566,0.2115,0.2137,
2.164,0.286,0.08517,0.08791,0.07928,0.1123,0.04903,0.08329,0.02079,0.02991,0.02564,0.2124,0.2142,
2.163,0.3035,0.08508,0.08758,0.07954,0.1118,0.049,0.08324,0.02078,0.02989,0.02563,0.2134,0.2141,
2.162,0.2829,0.08486,0.08741,0.07978,0.1113,0.04897,0.08318,0.02076,0.02987,0.02561,0.2143,0.214,
2.172,0.2804,0.0865,0.08733,0.07968,0.1105,0.04708,0.08326,0.02004,0.03033,0.03163,0.2102,0.2134,
2.174,0.3112,0.08626,0.08711,0.07976,0.1097,0.07627,0.05411,0.02004,0.03034,0.03164,0.2114,0.2134,
2.173,0.3117,0.0861,0.08673,0.0798,0.1092,0.07676,0.0536,0.02004,0.03033,0.03163,0.2124,0.2134,
2.172,0.3142,0.08595,0.08651,0.0799,0.1091,0.07721,0.05358,0.02102,0.02872,0.0316,0.2132,0.2132,
2.191,0.3119,0.08583,0.08614,0.08013,0.109,0.077,0.05298,0.021,0.02959,0.04221,0.2025,0.2136,
2.189,0.3139,0.08552,0.08602,0.08013,0.1084,0.07742,0.05235,0.02096,0.02954,0.04214,0.2042,0.2133,
2.189,0.3158,0.08551,0.08594,0.08031,0.108,0.07745,0.05272,0.02187,0.02831,0.04216,0.2043,0.2134,
2.182,0.3217,0.08523,0.08608,0.08028,0.1076,0.07643,0.05757,0.01703,0.02786,0.04212,0.2052,0.2146,
2.185,0.3175,0.09015,0.08577,0.08047,0.1074,0.0757,0.05691,0.017,0.03093,0.03891,0.2068,0.2099,
2.185,0.3161,0.09011,0.08575,0.08073,0.1066,0.07509,0.05696,0.01701,0.03198,0.03792,0.207,0.2108,
2.183,0.3161,0.08849,0.08554,0.08082,0.108,0.07459,0.0568,0.01686,0.03195,0.03788,0.2079,0.2113,
2.183,0.3219,0.08849,0.08547,0.08088,0.108,0.07459,0.0568,0.01686,0.03195,0.03788,0.2079,0.2113,
2.182,0.3195,0.0866,0.0855,0.08108,0.1097,0.07502,0.05637,0.01686,0.03195,0.03788,0.2079,0.2113,
2.182,0.3368,0.08634,0.08565,0.08127,0.1093,0.07505,0.05639,0.01687,0.03196,0.03789,0.2079,0.2113,
2.179,0.3326,0.08622,0.08569,0.08136,0.1093,0.07438,0.05847,0.01479,0.03196,0.03789,0.2079,0.212,
2.179,0.3394,0.08398,0.08564,0.08164,0.111,0.07495,0.05796,0.0158,0.03276,0.03613,0.208,0.2121,
2.179,0.3137,0.08392,0.08568,0.08181,0.1103,0.07501,0.05801,0.0158,0.03332,0.03561,0.2082,0.2123,
2.178,0.3185,0.08114,0.08577,0.08197,0.1128,0.07598,0.05704,0.0158,0.03332,0.03561,0.2082,0.2123,
2.178,0.3223,0.081,0.08574,0.08215,0.1128,0.07598,0.05704,0.0158,0.03332,0.03561,0.2082,0.2123,
2.178,0.3252,0.08094,0.08565,0.08229,0.1128,0.07598,0.05704,0.0158,0.0343,0.03463,0.2082,0.2123,
2.177,0.3221,0.07992,0.08571,0.08241,0.1125,0.07653,0.05652,0.0158,0.03431,0.03464,0.2093,0.2124,
2.174,0.3276,0.0779,0.08527,0.08245,0.1136,0.07543,0.05642,0.01577,0.03425,0.03457,0.2111,0.2133,
2.174,0.3287,0.07747,0.0851,0.08272,0.1136,0.07546,0.05645,0.01577,0.03426,0.03459,0.2112,0.2134,
2.175,0.3301,0.08132,0.08468,0.08283,0.1132,0.07593,0.05703,0.0147,0.03426,0.03458,0.2122,0.2093,
2.174,0.3239,0.08069,0.08465,0.08299,0.1124,0.076,0.05742,0.01436,0.03428,0.0346,0.2124,0.2102,
2.182,0.3464,0.08066,0.08458,0.08302,0.1116,0.07598,0.05741,0.01478,0.03384,0.03953,0.2085,0.2101,
2.184,0.3279,0.08047,0.0846,0.08319,0.1116,0.07585,0.05741,0.02929,0.01879,0.03953,0.2085,0.2108,
2.183,0.3152,0.07774,0.08466,0.0836,0.113,0.07594,0.0582,0.02861,0.02002,0.03836,0.2087,0.2111,
2.181,0.3121,0.07592,0.08489,0.08376,0.1139,0.07489,0.05825,0.02863,0.02004,0.0384,0.2089,0.2124,
2.181,0.3115,0.07572,0.08505,0.08392,0.1135,0.07493,0.05828,0.02865,0.02005,0.03842,0.209,0.2125,
2.181,0.3109,0.07565,0.08503,0.0841,0.1131,0.07496,0.0583,0.02866,0.02006,0.03843,0.2091,0.2126,
2.181,0.313,0.07547,0.08495,0.08411,0.113,0.07488,0.05824,0.02906,0.02039,0.0376,0.2099,0.2124,
2.179,0.3134,0.07393,0.08501,0.08418,0.1144,0.0743,0.05771,0.03031,0.01914,0.0376,0.2099,0.2135,
2.179,0.3307,0.07359,0.0851,0.08417,0.1143,0.07369,0.05751,0.03028,0.02226,0.03443,0.2108,0.2139,
2.178,0.3342,0.07257,0.08522,0.08433,0.115,0.07369,0.05808,0.0297,0.02226,0.03443,0.2108,0.2139,
2.178,0.3331,0.07107,0.08537,0.08441,0.116,0.07372,0.05811,0.02972,0.02227,0.03444,0.2109,0.214,
2.179,0.3445,0.07125,0.08533,0.08452,0.116,0.07424,0.05756,0.02971,0.02925,0.02745,0.2119,0.2128,
2.194,0.338,0.07089,0.0852,0.0845,0.1158,0.07408,0.05744,0.02965,0.02919,0.03637,0.2046,0.2123,
2.194,0.3406,0.07063,0.08522,0.0845,0.1157,0.07401,0.05738,0.02962,0.02916,0.03633,0.2054,0.2121,
2.181,0.3438,0.07064,0.08534,0.08456,0.1149,0.09475,0.03608,0.03035,0.02935,0.03546,0.2056,0.213,
2.165,0.3405,0.07046,0.08557,0.08477,0.1138,0.1051,0.02431,0.03039,0.02993,0.03497,0.2059,0.2148,
2.166,0.34,0.07391,0.08535,0.08414,0.1137,0.1033,0.02591,0.03251,0.02674,0.03404,0.2067,0.2137,
2.166,0.3574,0.07376,0.08546,0.08418,0.1137,0.1033,0.02591,0.03251,0.02826,0.03252,0.2067,0.2137,
2.166,0.362,0.07221,0.08542,0.08446,0.1148,0.1033,0.02592,0.03253,0.02827,0.03254,0.2068,0.2138,
2.164,0.3632,0.07215,0.08542,0.0846,0.1144,0.1015,0.02593,0.03253,0.02962,0.0312,0.2069,0.2158,
2.164,0.3517,0.07204,0.08545,0.08468,0.1144,0.1015,0.02593,0.03296,0.02919,0.0312,0.2069,0.2158,
2.155,0.3585,0.07098,0.08558,0.08475,0.115,0.09233,0.02551,0.03298,0.0292,0.03122,0.2069,0.2255,
2.154,0.3546,0.07236,0.08564,0.08476,0.1145,0.08959,0.02549,0.03296,0.02918,0.03119,0.2079,0.2265,
2.157,0.3535,0.07656,0.08558,0.08482,0.1144,0.08929,0.02501,0.03292,0.02915,0.03116,0.2087,0.2225,
2.159,0.3798,0.07897,0.08524,0.08498,0.1142,0.08919,0.02567,0.0322,0.02912,0.03113,0.2095,0.2197,
2.156,0.4244,0.07768,0.08534,0.08505,0.1142,0.08652,0.02601,0.03265,0.02834,0.03113,0.2095,0.2235,
2.153,0.4059,0.07745,0.08559,0.08528,0.1132,0.08351,0.02604,0.03268,0.02837,0.03116,0.2098,0.2269,
2.153,0.4071,0.07749,0.08558,0.08542,0.1125,0.08356,0.02641,0.03237,0.0284,0.03119,0.21,0.2272,
2.153,0.3956,0.07859,0.08549,0.08556,0.1122,0.08303,0.02628,0.03238,0.0284,0.0312,0.2111,0.2258,
2.153,0.3967,0.07951,0.08542,0.08561,0.112,0.0834,0.0258,0.03334,0.02737,0.03116,0.2119,0.2244,
2.15,0.3991,0.07931,0.08548,0.08464,0.112,0.08282,0.02526,0.03334,0.02737,0.03116,0.2119,0.2266,
2.166,0.3564,0.08386,0.08532,0.08475,0.1115,0.08268,0.02522,0.03328,0.03038,0.03424,0.2075,0.2213,
2.165,0.36,0.08346,0.08564,0.08483,0.1115,0.08201,0.02522,0.03328,0.03038,0.03424,0.2075,0.222,
2.165,0.3582,0.08253,0.08571,0.08496,0.1116,0.08208,0.02524,0.03373,0.03131,0.03295,0.2077,0.2222,
2.154,0.3571,0.08248,0.08573,0.08508,0.1113,0.081,0.04633,0.01267,0.03132,0.03296,0.2078,0.2234,
2.155,0.342,0.08566,0.08577,0.08499,0.1112,0.08181,0.04604,0.012,0.03182,0.03239,0.2086,0.2198,
2.153,0.3524,0.08546,0.08591,0.08505,0.1112,0.07913,0.04604,0.012,0.03236,0.03185,0.2086,0.2224,
2.15,0.3556,0.08531,0.0859,0.0852,0.1112,0.07735,0.04604,0.012,0.03558,0.02863,0.2086,0.2242,
2.15,0.3588,0.08526,0.08594,0.08523,0.1112,0.07735,0.04604,0.012,0.03612,0.02809,0.2086,0.2242,
2.149,0.3606,0.08644,0.08594,0.08521,0.1115,0.0758,0.04564,0.01186,0.0361,0.02807,0.2095,0.2239,
2.157,0.351,0.09924,0.08561,0.08503,0.1112,0.07357,0.0455,0.01271,0.03509,0.02798,0.212,0.2121,
2.179,0.3426,0.1009,0.08555,0.08514,0.1111,0.07149,0.04545,0.0127,0.03506,0.04103,0.1997,0.2119,
2.178,0.338,0.1007,0.08565,0.08518,0.1111,0.07083,0.04545,0.0127,0.03506,0.04103,0.1997,0.2125,
2.177,0.3473,0.1007,0.08581,0.0852,0.1107,0.06975,0.04547,0.01269,0.03507,0.04104,0.1998,0.2137,
2.177,0.3464,0.1006,0.08539,0.08548,0.1104,0.06913,0.04551,0.01333,0.03545,0.0401,0.2,0.2146,
2.181,0.3445,0.1052,0.08527,0.08548,0.1103,0.06906,0.0458,0.01422,0.03417,0.04006,0.2008,0.2096,
2.181,0.3449,0.1051,0.08525,0.08556,0.1103,0.06906,0.0458,0.01475,0.03804,0.03566,0.2008,0.2096,
2.179,0.346,0.1028,0.08512,0.0854,0.1118,0.06775,0.04566,0.01577,0.03686,0.03556,0.2032,0.2101,
2.178,0.3441,0.1015,0.08536,0.08551,0.1113,0.06833,0.04516,0.01578,0.03689,0.03558,0.2044,0.2102,
2.178,0.3418,0.09954,0.08547,0.08558,0.1125,0.06937,0.04422,0.01579,0.03745,0.03508,0.2046,0.2104,
2.177,0.3627,0.09762,0.08538,0.08577,0.114,0.0694,0.04424,0.0158,0.03837,0.03419,0.2047,0.2105,
2.177,0.3355,0.09762,0.08536,0.08589,0.1137,0.0697,0.04433,0.01546,0.03839,0.0342,0.2048,0.2106,
2.175,0.3424,0.1005,0.08502,0.0857,0.1133,0.06749,0.04419,0.01542,0.03827,0.03409,0.2072,0.2087,
2.175,0.3712,0.1005,0.08488,0.08584,0.1133,0.06856,0.0437,0.01528,0.03785,0.03409,0.2072,0.2087,
2.174,0.3594,0.09922,0.08494,0.08588,0.1146,0.06979,0.04308,0.01518,0.03842,0.03299,0.2072,0.2087,
2.171,0.3506,0.09775,0.08488,0.08578,0.1147,0.06961,0.04296,0.01514,0.03885,0.03237,0.2098,0.2082,
2.171,0.3378,0.09775,0.08488,0.08578,0.1147,0.06961,0.04296,0.01514,0.03885,0.03237,0.2098,0.2082,
2.171,0.3631,0.09775,0.08493,0.08581,0.1144,0.06963,0.04298,0.01515,0.03886,0.03238,0.2099,0.2083,
2.171,0.3579,0.09674,0.08459,0.0862,0.1145,0.06973,0.04304,0.01517,0.03892,0.03242,0.2101,0.2085,
2.18,0.3384,0.0964,0.0848,0.08626,0.1137,0.06971,0.04303,0.01517,0.03889,0.03745,0.2061,0.2085,
2.178,0.3345,0.09459,0.08475,0.0863,0.1148,0.06834,0.043,0.01558,0.03845,0.03743,0.207,0.2097,
2.178,0.3364,0.0944,0.08491,0.08633,0.1148,0.06834,0.043,0.01558,0.03933,0.03655,0.207,0.2097,
2.177,0.3295,0.09398,0.08526,0.08582,0.1145,0.06837,0.04302,0.01559,0.03935,0.03656,0.2071,0.2104,
2.177,0.3342,0.09372,0.08489,0.0859,0.1142,0.06823,0.04293,0.01732,0.0375,0.03649,0.2088,0.21,
2.173,0.3427,0.09327,0.08493,0.08541,0.114,0.0652,0.04297,0.01733,0.03752,0.03651,0.2089,0.2139,
2.173,0.3512,0.09191,0.08458,0.08588,0.1147,0.06525,0.04301,0.01735,0.03755,0.03654,0.2091,0.2141,
2.17,0.3439,0.09063,0.08475,0.08258,0.1153,0.06528,0.04356,0.01824,0.03616,0.03656,0.2092,0.2177,
2.169,0.3942,0.08945,0.08468,0.08291,0.1157,0.06534,0.04359,0.01825,0.03619,0.03659,0.2094,0.2179,
2.166,0.3437,0.08563,0.0846,0.08306,0.1189,0.0634,0.04363,0.01827,0.03622,0.03662,0.2096,0.2201,
2.17,0.3336,0.09103,0.08454,0.08304,0.1184,0.06336,0.0436,0.01826,0.0362,0.0366,0.2105,0.2144,
2.178,0.335,0.09515,0.0844,0.08308,0.119,0.06219,0.04356,0.01824,0.03713,0.03869,0.2082,0.2103,
2.177,0.3345,0.09545,0.08449,0.08316,0.1186,0.06151,0.04355,0.01824,0.03711,0.03868,0.2092,0.21,
2.176,0.3284,0.09568,0.08393,0.08262,0.1192,0.0602,0.04356,0.01967,0.03569,0.03869,0.2103,0.2104,
2.194,0.3376,0.09518,0.08383,0.08261,0.1191,0.06016,0.04353,0.01966,0.03861,0.04763,0.1994,0.2103,
2.192,0.3295,0.09489,0.08332,0.08257,0.1189,0.06007,0.04431,0.01878,0.03972,0.0464,0.201,0.21,
2.191,0.3342,0.09476,0.08306,0.08295,0.1189,0.06007,0.04574,0.01735,0.0406,0.04551,0.201,0.21,
2.191,0.338,0.09427,0.08314,0.08321,0.1183,0.06014,0.0458,0.01737,0.04161,0.0446,0.2013,0.2102,
2.191,0.3288,0.09412,0.08307,0.08347,0.118,0.06017,0.04635,0.01685,0.04163,0.04462,0.2014,0.2103,
2.188,0.3234,0.094,0.08321,0.08399,0.1158,0.06032,0.04982,0.01425,0.04101,0.04473,0.2019,0.2109,
2.187,0.3147,0.0933,0.08308,0.08438,0.1152,0.06042,0.04991,0.01428,0.04107,0.0448,0.2023,0.2113,
2.183,0.3256,0.09413,0.08281,0.08455,0.1148,0.05968,0.05257,0.01154,0.04102,0.04475,0.2041,0.21,
2.182,0.3322,0.09332,0.08293,0.08479,0.1141,0.05973,0.05261,0.01155,0.04104,0.04479,0.2043,0.2109,
2.182,0.3445,0.09322,0.08293,0.08474,0.1136,0.0597,0.05258,0.01155,0.04638,0.0394,0.2052,0.2107,
2.191,0.3382,0.09277,0.0832,0.08485,0.1135,0.05853,0.05253,0.03294,0.02711,0.03717,0.206,0.2114,
2.191,0.3498,0.09225,0.08318,0.08506,0.1135,0.05898,0.05213,0.03296,0.02712,0.03719,0.2061,0.2115,
2.19,0.3384,0.09134,0.08289,0.08519,0.114,0.05952,0.0532,0.03146,0.02715,0.03722,0.2063,0.2117,
2.19,0.338,0.09106,0.08261,0.08528,0.1134,0.05962,0.05329,0.03152,0.02883,0.03564,0.2066,0.2121,
2.167,0.3572,0.09106,0.08266,0.08462,0.1127,0.09121,0.02223,0.03112,0.02974,0.03478,0.2068,0.2131,
2.165,0.3608,0.08937,0.08243,0.08493,0.1143,0.08988,0.02223,0.03112,0.02974,0.03478,0.2068,0.2144,
2.164,0.3647,0.08936,0.08204,0.08543,0.1139,0.08859,0.02224,0.03156,0.02933,0.0348,0.2069,0.2159,
2.162,0.3709,0.08915,0.08224,0.08561,0.1132,0.08622,0.02226,0.03159,0.02989,0.03429,0.2071,0.2185,
2.164,0.3757,0.09205,0.0823,0.08552,0.113,0.08617,0.02224,0.03157,0.02987,0.03427,0.208,0.215,
2.164,0.3762,0.08837,0.08244,0.08556,0.1162,0.0862,0.02225,0.03201,0.03298,0.03076,0.2081,0.2151,
2.163,0.3708,0.08831,0.08208,0.08595,0.1152,0.08636,0.02229,0.03207,0.03357,0.03028,0.2085,0.2155,
2.163,0.4264,0.08941,0.082,0.08607,0.1152,0.08478,0.02229,0.03206,0.03357,0.03028,0.2095,0.2149,
2.163,0.4177,0.08927,0.08199,0.08623,0.1152,0.08478,0.02282,0.03153,0.03357,0.03028,0.2095,0.2149,
2.163,0.3947,0.08952,0.0819,0.08632,0.1161,0.08406,0.02281,0.03151,0.03355,0.03026,0.2104,0.2136,
2.163,0.3964,0.08939,0.08203,0.08645,0.1154,0.08414,0.02283,0.03154,0.03358,0.03029,0.2106,0.2138,
2.165,0.3738,0.09306,0.08186,0.08648,0.1149,0.08345,0.02317,0.03119,0.03356,0.03028,0.2116,0.2104,
2.166,0.3671,0.091,0.08162,0.08633,0.1157,0.08439,0.02214,0.03116,0.03353,0.03255,0.2113,0.2103,
2.165,0.3696,0.08989,0.08141,0.08646,0.1167,0.08376,0.02215,0.03189,0.03385,0.03156,0.2113,0.211,
2.192,0.3616,0.08936,0.08125,0.08613,0.1158,0.08344,0.02207,0.03177,0.03372,0.04902,0.1972,0.2102,
2.191,0.3579,0.08919,0.08126,0.08622,0.115,0.08277,0.02206,0.03257,0.03291,0.04902,0.1982,0.2109,
2.183,0.4084,0.08887,0.08074,0.08615,0.1141,0.08247,0.04135,0.01388,0.03265,0.0482,0.2014,0.2101,
2.183,0.3742,0.08874,0.08083,0.08619,0.1141,0.08247,0.04135,0.01388,0.03362,0.04723,0.2014,0.2101,
2.183,0.353,0.08861,0.08084,0.08633,0.1133,0.08258,0.04174,0.01355,0.03526,0.0457,0.2017,0.2104,
2.182,0.3595,0.08861,0.08071,0.08646,0.1133,0.08245,0.04121,0.01409,0.03473,0.0457,0.2017,0.2111,
2.183,0.3646,0.09041,0.08035,0.08663,0.113,0.08077,0.04126,0.01488,0.03506,0.04469,0.203,0.21,
2.181,0.3733,0.09008,0.08036,0.08669,0.1128,0.07892,0.04156,0.01531,0.03424,0.04464,0.2038,0.2116,
2.181,0.373,0.08754,0.08013,0.08719,0.1146,0.07899,0.04159,0.01532,0.03516,0.0438,0.2039,0.2118,
2.182,0.3976,0.08935,0.08046,0.0871,0.114,0.07886,0.04153,0.0153,0.03616,0.04266,0.2057,0.209,
2.181,0.3827,0.08926,0.08042,0.08743,0.1132,0.07827,0.04156,0.01531,0.0362,0.0427,0.2058,0.2098,
2.18,0.3792,0.08896,0.08061,0.08772,0.1125,0.07722,0.0416,0.01532,0.03746,0.04149,0.206,0.2111,
2.18,0.3714,0.08895,0.0807,0.08775,0.1121,0.07725,0.04162,0.01533,0.03747,0.04151,0.2061,0.2112,
2.18,0.3671,0.08894,0.08076,0.08804,0.1099,0.07682,0.04174,0.01538,0.03757,0.04163,0.2068,0.2125,
2.178,0.3703,0.08903,0.08067,0.0883,0.1088,0.07491,0.0418,0.01618,0.03682,0.04168,0.207,0.2148,
2.181,0.3633,0.09556,0.08033,0.08816,0.108,0.07463,0.04164,0.01612,0.03668,0.04153,0.2104,0.207,
2.181,0.362,0.09434,0.08033,0.08845,0.1086,0.07466,0.04166,0.01613,0.0367,0.04155,0.2105,0.2071,
2.181,0.3685,0.09428,0.08031,0.08852,0.1086,0.07466,0.04166,0.01613,0.0367,0.04155,0.2105,0.2071,
2.179,0.3737,0.0942,0.08039,0.08864,0.1082,0.07269,0.04225,0.01557,0.03768,0.04058,0.2106,0.2092,
2.179,0.3746,0.09289,0.08027,0.0888,0.1084,0.07282,0.04232,0.01602,0.03732,0.04065,0.211,0.2095,
2.175,0.3788,0.09132,0.08028,0.08707,0.1092,0.0721,0.04229,0.01601,0.0373,0.04063,0.2119,0.2118,
2.175,0.3837,0.09042,0.08025,0.08722,0.11,0.0721,0.04229,0.01601,0.0373,0.04063,0.2119,0.2118,
2.175,0.4033,0.09023,0.08018,0.08748,0.11,0.07143,0.04229,0.01601,0.0373,0.04063,0.2119,0.2125,
2.197,0.3658,0.09281,0.07991,0.08767,0.1092,0.07142,0.04229,0.01661,0.03669,0.05482,0.1987,0.2098,
2.196,0.3697,0.09273,0.07913,0.08774,0.1088,0.07145,0.04283,0.01608,0.0367,0.05484,0.1998,0.2099,
2.195,0.3773,0.09239,0.07908,0.08738,0.108,0.07143,0.04283,0.01608,0.03669,0.05483,0.2008,0.2106,
2.195,0.3754,0.09231,0.07904,0.0875,0.108,0.07143,0.04283,0.01608,0.03669,0.05483,0.2008,0.2106,
2.195,0.3761,0.09181,0.07896,0.08761,0.1084,0.07143,0.04283,0.01608,0.03669,0.05483,0.2008,0.2106,
2.193,0.3764,0.09149,0.07889,0.08778,0.1081,0.07083,0.04392,0.01584,0.03591,0.05488,0.201,0.2114,
2.19,0.3609,0.09129,0.07865,0.08757,0.1081,0.0686,0.04392,0.01584,0.03591,0.05488,0.201,0.2143,
2.19,0.3697,0.09128,0.07859,0.08776,0.1077,0.06863,0.04394,0.01585,0.03592,0.0549,0.201,0.2144,
2.192,0.3797,0.09277,0.07828,0.08773,0.1073,0.06862,0.04393,0.01585,0.03778,0.05302,0.202,0.2127,
