entropy,entropyInd,RabA,RabB,RabC,RabD,RabE,RabF,RabG,RabH,RabI,RabL,xER,xPM,
2.225,0.4954,0.1079,0.06387,0.06125,0.09702,0.07608,0.01666,0.04822,0.03093,0.03384,0.0357,0.2124,0.2162,
2.225,0.495,0.1076,0.06384,0.06131,0.09674,0.07615,0.01667,0.04824,0.03095,0.03386,0.03573,0.2126,0.2163,
2.229,0.4878,0.1111,0.06363,0.06111,0.09643,0.0759,0.01662,0.04809,0.03085,0.03607,0.03562,0.2128,0.2118,
2.229,0.492,0.1106,0.06361,0.0611,0.09605,0.07587,0.01662,0.04807,0.03084,0.03606,0.0356,0.2138,0.2118,
2.228,0.4923,0.1106,0.06362,0.06111,0.09552,0.0759,0.01658,0.0481,0.03085,0.03607,0.03563,0.214,0.212,
2.232,0.4909,0.1104,0.06348,0.05988,0.09532,0.07462,0.01655,0.048,0.03079,0.04043,0.03553,0.2112,0.2138,
2.232,0.4855,0.1105,0.06344,0.0599,0.09501,0.07466,0.01656,0.04802,0.0308,0.04045,0.03555,0.2113,0.2138,
2.232,0.4662,0.1105,0.06346,0.05991,0.09468,0.07469,0.01656,0.04804,0.0308,0.04045,0.03556,0.2114,0.2139,
2.232,0.4656,0.1106,0.06349,0.05994,0.09398,0.07475,0.01658,0.04806,0.03083,0.04049,0.03558,0.2116,0.2141,
2.231,0.47,0.1101,0.06345,0.05991,0.09392,0.0747,0.01657,0.04803,0.03081,0.04046,0.03556,0.2125,0.214,
2.23,0.4712,0.1086,0.06345,0.05991,0.09392,0.0747,0.01657,0.04803,0.03081,0.04046,0.03556,0.2125,0.2154,
2.233,0.4668,0.1139,0.06338,0.05984,0.09382,0.07462,0.01655,0.04798,0.03077,0.04042,0.03552,0.2134,0.2098,
2.248,0.4596,0.1138,0.06332,0.05978,0.09372,0.07454,0.01653,0.04793,0.03074,0.0508,0.03549,0.2038,0.2096,
2.248,0.4507,0.1128,0.06334,0.05983,0.09379,0.07462,0.01655,0.04799,0.03078,0.05086,0.03553,0.2041,0.2099,
2.247,0.443,0.1124,0.06324,0.05976,0.09367,0.07456,0.01654,0.04796,0.03076,0.05082,0.03551,0.205,0.2098,
2.247,0.4291,0.1123,0.06295,0.05966,0.09338,0.07465,0.01656,0.04803,0.0308,0.05089,0.03554,0.2052,0.21,
2.246,0.4311,0.1118,0.06292,0.05964,0.09303,0.07462,0.01656,0.04801,0.03079,0.05088,0.03553,0.2062,0.21,
2.245,0.4256,0.1115,0.06279,0.05952,0.09284,0.07446,0.01652,0.04791,0.03073,0.05077,0.03545,0.2079,0.2096,
2.245,0.4344,0.1116,0.06281,0.05954,0.09251,0.07449,0.01653,0.04793,0.03073,0.05078,0.03546,0.208,0.2097,
2.243,0.4259,0.1116,0.06281,0.05954,0.09251,0.07404,0.01642,0.04779,0.03055,0.05056,0.03546,0.208,0.2108,
2.241,0.4318,0.1114,0.06283,0.05956,0.0921,0.0725,0.01643,0.04783,0.03058,0.05059,0.03544,0.2082,0.2126,
2.24,0.4263,0.1113,0.06276,0.0595,0.09201,0.07242,0.01641,0.04778,0.03055,0.05054,0.03541,0.209,0.2124,
2.24,0.4287,0.1113,0.06276,0.0595,0.09201,0.07242,0.01641,0.04778,0.03055,0.05054,0.03541,0.209,0.2124,
2.24,0.4288,0.1113,0.06276,0.0595,0.09201,0.07242,0.01641,0.04778,0.03055,0.05054,0.03541,0.209,0.2124,
2.24,0.441,0.111,0.0627,0.05946,0.09188,0.07236,0.0164,0.04775,0.03053,0.0505,0.03533,0.2099,0.2122,
2.24,0.41,0.111,0.0627,0.05946,0.09188,0.07236,0.0164,0.04775,0.03053,0.0505,0.03533,0.2099,0.2122,
2.238,0.4108,0.1109,0.06263,0.0594,0.09178,0.07111,0.01638,0.0477,0.03049,0.05045,0.0353,0.2107,0.2132,
2.237,0.4135,0.1109,0.06265,0.05942,0.09145,0.07113,0.01638,0.0477,0.0305,0.05047,0.03531,0.2108,0.2133,
2.236,0.4369,0.1104,0.06241,0.05933,0.0913,0.07102,0.01636,0.04762,0.03045,0.05038,0.03525,0.2126,0.2129,
2.253,0.389,0.1103,0.06234,0.05926,0.0912,0.07094,0.01634,0.04757,0.03042,0.06431,0.03521,0.1994,0.2127,
2.252,0.3768,0.1101,0.06221,0.05924,0.09124,0.06963,0.01635,0.04759,0.03043,0.06434,0.03522,0.1995,0.2141,
2.25,0.3781,0.1048,0.06209,0.05935,0.09624,0.06814,0.01622,0.04761,0.03044,0.06437,0.03525,0.1996,0.2159,
2.25,0.3802,0.1062,0.062,0.0594,0.09614,0.06807,0.0162,0.0481,0.02988,0.0643,0.03523,0.2004,0.2141,
2.25,0.3861,0.1059,0.06231,0.05941,0.09583,0.0673,0.01676,0.04713,0.02989,0.06433,0.03525,0.2005,0.2154,
2.249,0.3922,0.1049,0.06252,0.05953,0.09591,0.06736,0.01678,0.04896,0.02902,0.06349,0.03529,0.2007,0.2156,
2.249,0.402,0.09995,0.06236,0.05972,0.1005,0.06522,0.01603,0.04869,0.03698,0.05556,0.03531,0.2008,0.2189,
2.25,0.3997,0.1022,0.06226,0.05969,0.1004,0.06403,0.01602,0.04864,0.03784,0.05461,0.03527,0.2016,0.2174,
2.249,0.4107,0.1016,0.06277,0.05975,0.1004,0.06484,0.01574,0.04854,0.03741,0.05461,0.0353,0.2016,0.2174,
2.251,0.4081,0.104,0.06298,0.05979,0.101,0.06349,0.0168,0.04744,0.03738,0.05458,0.03531,0.2025,0.2148,
2.252,0.4114,0.1068,0.06318,0.0599,0.1009,0.06343,0.01665,0.04685,0.03877,0.0531,0.03528,0.2033,0.2119,
2.252,0.4172,0.1066,0.06328,0.06004,0.1009,0.06276,0.01665,0.04685,0.04127,0.0506,0.0353,0.2033,0.2125,
2.252,0.417,0.1066,0.06322,0.06016,0.1003,0.06335,0.01663,0.04635,0.04183,0.05011,0.03533,0.2035,0.2127,
2.253,0.4153,0.1092,0.06311,0.06016,0.1,0.06258,0.01714,0.04574,0.04176,0.05003,0.03528,0.2052,0.2098,
2.253,0.4262,0.1087,0.0635,0.06027,0.1,0.06258,0.01714,0.04574,0.04319,0.0486,0.03528,0.2052,0.2098,
2.253,0.4175,0.1064,0.0637,0.06036,0.09995,0.06264,0.01758,0.04536,0.04412,0.04775,0.03534,0.2053,0.2115,
2.253,0.4163,0.1103,0.06351,0.06047,0.09953,0.06119,0.01757,0.04533,0.04408,0.04772,0.03532,0.2063,0.2087,
2.253,0.4172,0.1097,0.06369,0.06055,0.09927,0.06124,0.01758,0.04535,0.04412,0.04776,0.03538,0.2064,0.2089,
2.251,0.4187,0.1081,0.06367,0.06073,0.09927,0.06078,0.01747,0.0452,0.04519,0.04607,0.0354,0.2064,0.2117,
2.251,0.4194,0.1068,0.06373,0.06069,0.09998,0.06083,0.01802,0.0447,0.04522,0.04611,0.03545,0.2066,0.2119,
2.25,0.4177,0.1068,0.06373,0.06068,0.09981,0.06057,0.01843,0.04409,0.04512,0.04597,0.03548,0.2067,0.2126,
2.249,0.4197,0.1066,0.06366,0.06068,0.09971,0.06104,0.01788,0.04552,0.04712,0.04239,0.03546,0.2075,0.2124,
2.249,0.4251,0.1066,0.06337,0.06097,0.09971,0.06104,0.01841,0.04552,0.04659,0.04239,0.03546,0.2075,0.2124,
2.249,0.4276,0.1052,0.06317,0.06117,0.09957,0.06118,0.01845,0.04618,0.04613,0.04248,0.03555,0.208,0.2129,
2.249,0.4269,0.1051,0.06327,0.06115,0.09957,0.06118,0.01845,0.04618,0.04738,0.04123,0.03556,0.208,0.2129,
2.248,0.438,0.1043,0.06384,0.06122,0.09947,0.06165,0.0179,0.04613,0.04954,0.03898,0.03554,0.2088,0.2127,
2.247,0.4385,0.1035,0.06427,0.06133,0.09905,0.06161,0.01788,0.0461,0.0495,0.03896,0.03553,0.2097,0.2125,
2.244,0.4369,0.1034,0.06425,0.06143,0.09905,0.06045,0.01777,0.04554,0.04933,0.03875,0.03554,0.2097,0.2148,
2.242,0.4413,0.1052,0.06409,0.06154,0.09895,0.05931,0.01732,0.04602,0.05058,0.03687,0.0355,0.2106,0.214,
2.239,0.4427,0.105,0.0642,0.06164,0.09859,0.05966,0.01629,0.04587,0.05147,0.03579,0.03554,0.2107,0.2152,
2.238,0.4422,0.1049,0.06415,0.06171,0.09813,0.05917,0.0168,0.04526,0.05298,0.03434,0.03562,0.2109,0.2161,
2.238,0.4563,0.1047,0.06414,0.06186,0.09813,0.05917,0.0168,0.04526,0.05298,0.03434,0.03563,0.2109,0.2161,
2.24,0.4491,0.1087,0.06401,0.06183,0.09803,0.05911,0.01713,0.04487,0.05293,0.03431,0.03561,0.2117,0.2118,
2.237,0.457,0.108,0.06408,0.06189,0.09797,0.05709,0.01698,0.04527,0.053,0.03375,0.03559,0.2126,0.2138,
2.235,0.4547,0.1074,0.06435,0.06194,0.09801,0.05728,0.01615,0.04529,0.0541,0.03269,0.03563,0.2127,0.2145,
2.237,0.4591,0.1072,0.06452,0.06193,0.09801,0.05728,0.04212,0.01931,0.05517,0.03162,0.03564,0.2127,0.2145,
2.235,0.4722,0.107,0.0644,0.0622,0.09801,0.05572,0.04212,0.01931,0.05517,0.03162,0.03564,0.2127,0.2161,
2.234,0.4714,0.1047,0.06421,0.06238,0.0998,0.05523,0.04202,0.01976,0.05478,0.03165,0.03567,0.2129,0.2169,
2.234,0.4765,0.1046,0.06415,0.0625,0.0998,0.05523,0.04202,0.02101,0.05603,0.02915,0.03568,0.2129,0.2169,
2.257,0.4718,0.1064,0.06414,0.06249,0.1003,0.05448,0.04155,0.02098,0.05597,0.04216,0.03566,0.2007,0.2152,
2.257,0.4581,0.105,0.06411,0.06265,0.1015,0.05448,0.04208,0.02045,0.05597,0.04216,0.03568,0.2007,0.2152,
2.257,0.4595,0.1082,0.06388,0.06251,0.1013,0.05397,0.04191,0.02028,0.05589,0.04209,0.03564,0.2024,0.2119,
2.258,0.4663,0.1077,0.0643,0.06258,0.101,0.05433,0.04158,0.02172,0.05448,0.04211,0.03566,0.2025,0.212,
2.261,0.4718,0.1071,0.06422,0.06264,0.1011,0.05438,0.04162,0.02556,0.05195,0.0409,0.03571,0.2027,0.2122,
2.261,0.4824,0.107,0.06429,0.06263,0.1011,0.05438,0.04162,0.02556,0.05195,0.0409,0.03572,0.2027,0.2122,
2.261,0.4697,0.107,0.06412,0.06278,0.1011,0.05438,0.04162,0.02609,0.05142,0.0409,0.03574,0.2027,0.2122,
2.262,0.4658,0.1067,0.064,0.06289,0.1009,0.0544,0.04166,0.02654,0.05103,0.04093,0.03577,0.2028,0.2124,
2.261,0.4707,0.1062,0.064,0.0629,0.1007,0.05429,0.04157,0.0272,0.05021,0.04085,0.03571,0.2045,0.212,
2.263,0.4715,0.1059,0.06433,0.06289,0.1007,0.05429,0.04157,0.04538,0.03203,0.04085,0.03571,0.2045,0.212,
2.263,0.4779,0.1057,0.06416,0.06301,0.1002,0.05425,0.04154,0.04535,0.03201,0.04082,0.03571,0.2054,0.2118,
2.263,0.4787,0.1056,0.06417,0.06306,0.1002,0.05425,0.04154,0.04535,0.03201,0.04082,0.03572,0.2054,0.2118,
2.262,0.4806,0.1053,0.06431,0.06298,0.1001,0.0542,0.0415,0.04573,0.03208,0.04025,0.0357,0.2062,0.2116,
2.26,0.4876,0.1005,0.06426,0.06307,0.1049,0.05286,0.0415,0.04573,0.03208,0.04025,0.03572,0.2062,0.213,
2.262,0.4804,0.1036,0.06419,0.06317,0.1049,0.05283,0.04148,0.04641,0.03479,0.03673,0.03571,0.2071,0.2092,
2.26,0.4852,0.1036,0.06419,0.06319,0.1046,0.05158,0.04156,0.04609,0.03481,0.03675,0.0356,0.2072,0.2108,
2.26,0.4847,0.1035,0.0643,0.06317,0.1046,0.05158,0.04156,0.04609,0.03534,0.03621,0.03562,0.2072,0.2108,
2.258,0.4866,0.1028,0.06441,0.06317,0.1046,0.05018,0.04154,0.04606,0.03532,0.03619,0.0356,0.2081,0.212,
2.257,0.4875,0.1028,0.06444,0.06316,0.1046,0.05061,0.04154,0.04617,0.03479,0.03619,0.0356,0.2081,0.212,
2.257,0.4907,0.1023,0.06437,0.06332,0.1043,0.05058,0.04151,0.04657,0.03434,0.03617,0.0356,0.209,0.2119,
2.255,0.4839,0.104,0.06435,0.06327,0.1041,0.04916,0.04149,0.04654,0.03432,0.03615,0.03555,0.2099,0.2111,
2.254,0.4864,0.1037,0.06446,0.06351,0.1041,0.048,0.04149,0.04654,0.03432,0.03615,0.03556,0.2099,0.2123,
2.252,0.4902,0.1029,0.06459,0.06347,0.1042,0.04714,0.04105,0.04658,0.03435,0.03618,0.03559,0.2101,0.2138,
2.252,0.494,0.1032,0.06459,0.06348,0.104,0.04713,0.04193,0.04569,0.03488,0.03564,0.03557,0.2111,0.2128,
2.252,0.495,0.1023,0.06464,0.06363,0.1041,0.04849,0.04065,0.04573,0.03491,0.03567,0.03561,0.2113,0.2129,
2.252,0.4975,0.1021,0.06482,0.06364,0.1038,0.04851,0.04144,0.04498,0.03492,0.03569,0.03564,0.2114,0.213,
2.233,0.4827,0.1012,0.06475,0.06376,0.1044,0.0729,0.01708,0.045,0.03493,0.0357,0.03556,0.2115,0.2131,
2.233,0.4681,0.1009,0.06487,0.06377,0.1045,0.07294,0.01709,0.04502,0.03495,0.03572,0.03545,0.2116,0.2132,
2.241,0.4614,0.1031,0.06481,0.06376,0.1044,0.07286,0.01707,0.04497,0.03491,0.03952,0.03543,0.2086,0.2106,
2.241,0.4642,0.1022,0.06494,0.0639,0.104,0.07288,0.01707,0.04499,0.03492,0.03954,0.03546,0.2087,0.2114,
2.24,0.4687,0.09947,0.0652,0.064,0.1041,0.07292,0.01742,0.04466,0.03618,0.03831,0.03549,0.2088,0.2135,
2.239,0.4792,0.1003,0.06501,0.06405,0.104,0.07175,0.01821,0.04357,0.03615,0.03827,0.03546,0.2096,0.2137,
2.242,0.4714,0.1052,0.06494,0.06396,0.1039,0.07167,0.01862,0.04435,0.03487,0.03823,0.03545,0.2104,0.2084,
2.242,0.4729,0.1047,0.06499,0.06407,0.1039,0.0717,0.01862,0.04436,0.03541,0.03771,0.03546,0.2105,0.2085,
2.243,0.4725,0.104,0.06532,0.06392,0.1037,0.07198,0.01816,0.04427,0.03702,0.03774,0.03541,0.2104,0.208,
2.243,0.4644,0.104,0.06513,0.06389,0.1034,0.07204,0.0187,0.04477,0.03694,0.03688,0.03543,0.2106,0.2082,
2.243,0.5279,0.1036,0.06496,0.06401,0.1035,0.07207,0.01871,0.04557,0.03618,0.0369,0.03547,0.2107,0.2083,
2.242,0.5233,0.1033,0.0651,0.06399,0.1031,0.07249,0.01941,0.04368,0.03615,0.03687,0.03546,0.2116,0.2089,
2.24,0.511,0.1033,0.065,0.06406,0.1031,0.07299,0.01824,0.04368,0.03615,0.03687,0.03549,0.2116,0.2095,
2.239,0.5221,0.1017,0.06512,0.06421,0.1028,0.07309,0.01827,0.04459,0.03828,0.03398,0.03554,0.2119,0.2105,
2.245,0.4615,0.1002,0.06504,0.06433,0.1037,0.07304,0.01825,0.04456,0.03826,0.03778,0.03552,0.209,0.2103,
2.245,0.4706,0.09982,0.06523,0.06444,0.1037,0.07304,0.01825,0.04456,0.04025,0.03579,0.03556,0.209,0.2103,
2.244,0.4645,0.09967,0.06529,0.06452,0.1037,0.07261,0.01857,0.04443,0.03983,0.03579,0.03557,0.209,0.211,
2.244,0.4653,0.09942,0.06554,0.0645,0.1037,0.07261,0.01857,0.04443,0.03983,0.03579,0.03559,0.209,0.211,
2.243,0.4675,0.0991,0.0654,0.06475,0.1033,0.07265,0.01835,0.04384,0.0398,0.03576,0.03558,0.2099,0.2115,
2.245,0.477,0.1016,0.06526,0.06493,0.1039,0.07181,0.04093,0.02097,0.0412,0.03413,0.03552,0.211,0.2087,
2.253,0.4754,0.1014,0.06496,0.06514,0.1035,0.07176,0.04187,0.02043,0.04075,0.03928,0.0355,0.2068,0.2086,
2.252,0.4748,0.1007,0.06561,0.0652,0.1032,0.07213,0.04211,0.02039,0.04656,0.03297,0.03552,0.2069,0.2087,
2.25,0.4781,0.09732,0.06562,0.06516,0.1061,0.07207,0.04208,0.02037,0.04706,0.03242,0.0355,0.2078,0.2086,
2.25,0.484,0.09716,0.06578,0.06514,0.1061,0.07303,0.04169,0.0198,0.04706,0.03242,0.03552,0.2078,0.2086,
2.247,0.4837,0.09706,0.0655,0.06526,0.106,0.07154,0.04165,0.01978,0.04701,0.03238,0.03549,0.2086,0.2098,
2.246,0.4879,0.09687,0.06547,0.06526,0.1055,0.07202,0.04109,0.01977,0.04786,0.03148,0.0355,0.2095,0.2096,
2.25,0.4917,0.09639,0.06561,0.06511,0.1053,0.07187,0.041,0.01972,0.04882,0.03356,0.03544,0.208,0.2092,
2.248,0.4917,0.09622,0.06563,0.06526,0.1053,0.07187,0.04134,0.02009,0.04918,0.0325,0.03412,0.208,0.2105,
2.246,0.4912,0.09516,0.0655,0.06544,0.1063,0.07094,0.04107,0.02009,0.04918,0.0325,0.03413,0.208,0.2117,
2.244,0.4889,0.09614,0.06489,0.06507,0.1064,0.0709,0.04104,0.01998,0.04919,0.0325,0.03303,0.2091,0.2118,
2.242,0.4883,0.09614,0.06478,0.06517,0.1064,0.07019,0.04086,0.02018,0.04982,0.03144,0.03305,0.2091,0.2129,
2.242,0.4906,0.09616,0.06479,0.06519,0.1057,0.07025,0.0409,0.02018,0.04986,0.03147,0.03309,0.2092,0.2131,
2.254,0.4847,0.09861,0.06472,0.06505,0.1055,0.06812,0.04081,0.02103,0.04888,0.03872,0.03301,0.2036,0.212,
2.254,0.4893,0.09848,0.06475,0.06518,0.1052,0.06815,0.04162,0.02148,0.04751,0.03821,0.03303,0.2037,0.2127,
2.248,0.4985,0.09789,0.0647,0.06522,0.1058,0.07671,0.0334,0.02114,0.04751,0.03821,0.03303,0.2037,0.2127,
2.248,0.4931,0.09774,0.0648,0.06525,0.1058,0.07671,0.0334,0.02167,0.0484,0.03679,0.03304,0.2037,0.2127,
2.248,0.4972,0.09768,0.06473,0.06537,0.1058,0.07705,0.03306,0.02167,0.0484,0.03679,0.03305,0.2037,0.2127,
2.247,0.4914,0.09752,0.06484,0.06541,0.1058,0.07785,0.03226,0.02167,0.0484,0.03679,0.03307,0.2037,0.2127,
2.249,0.4855,0.1007,0.06497,0.06538,0.1051,0.07783,0.03225,0.02165,0.04838,0.03678,0.03307,0.2047,0.2092,
2.249,0.4714,0.1007,0.06493,0.06545,0.1051,0.07783,0.03225,0.02165,0.04838,0.03678,0.03309,0.2047,0.2092,
2.247,0.473,0.1004,0.06478,0.06548,0.1045,0.07804,0.03186,0.0216,0.0483,0.03672,0.03304,0.2064,0.2089,
2.248,0.4835,0.1001,0.06493,0.06556,0.1045,0.07804,0.03186,0.0216,0.0483,0.03672,0.03304,0.2064,0.2089,
2.246,0.4865,0.09807,0.06464,0.06553,0.1057,0.078,0.03237,0.02148,0.0489,0.03564,0.03291,0.2073,0.2094,
2.244,0.481,0.09786,0.06453,0.06542,0.1052,0.07786,0.03231,0.02145,0.04882,0.03558,0.03286,0.209,0.2091,
2.243,0.4845,0.09692,0.06453,0.06542,0.1058,0.078,0.03169,0.02175,0.04842,0.0356,0.0329,0.2091,0.2098,
2.267,0.4744,0.09198,0.06424,0.06544,0.1103,0.07785,0.03205,0.02226,0.04734,0.05159,0.03285,0.1946,0.2094,
2.266,0.4791,0.09192,0.06406,0.06565,0.1103,0.07852,0.03137,0.02269,0.04691,0.05159,0.03287,0.1946,0.2094,
2.264,0.4817,0.09163,0.06415,0.06562,0.1102,0.07765,0.03089,0.02266,0.04687,0.05154,0.03286,0.1954,0.2105,
2.264,0.4849,0.09139,0.06424,0.06574,0.1102,0.07821,0.03075,0.02224,0.04687,0.05154,0.03287,0.1954,0.2105,
2.264,0.4753,0.09046,0.06449,0.06586,0.11,0.0783,0.03079,0.02296,0.04622,0.0516,0.03291,0.1957,0.2107,
2.265,0.5041,0.09209,0.06428,0.06615,0.1095,0.07852,0.0305,0.02294,0.04868,0.04908,0.0329,0.1966,0.2088,
2.265,0.4827,0.09298,0.06439,0.06619,0.1096,0.07706,0.03041,0.02395,0.04744,0.04909,0.03291,0.1976,0.2084,
2.265,0.4864,0.09199,0.06432,0.06624,0.1103,0.07698,0.03038,0.02476,0.04655,0.04904,0.0329,0.1984,0.2081,
2.265,0.4852,0.09182,0.0643,0.06642,0.1103,0.07698,0.03038,0.02476,0.04655,0.04904,0.03291,0.1984,0.2081,
2.263,0.4882,0.09145,0.06421,0.06619,0.11,0.07675,0.03029,0.02469,0.04641,0.04889,0.03284,0.2008,0.2075,
2.262,0.4897,0.09137,0.06413,0.06632,0.11,0.07648,0.03079,0.02405,0.04727,0.0478,0.03286,0.2008,0.2082,
2.262,0.4827,0.09144,0.0631,0.06657,0.1101,0.07655,0.03123,0.02407,0.04689,0.04784,0.03291,0.201,0.2084,
2.259,0.4837,0.08993,0.06348,0.06657,0.1104,0.0765,0.03138,0.02339,0.04676,0.04768,0.03295,0.2012,0.2097,
2.258,0.4845,0.08979,0.06354,0.06664,0.1104,0.07529,0.03138,0.02339,0.04676,0.04768,0.03295,0.2012,0.2109,
2.258,0.4868,0.0936,0.06352,0.06649,0.11,0.0759,0.03017,0.02324,0.04655,0.0476,0.03292,0.2029,0.2071,
2.258,0.4858,0.09332,0.06345,0.06657,0.1091,0.07588,0.03017,0.02323,0.04656,0.04761,0.03293,0.204,0.2072,
2.256,0.4918,0.0901,0.06331,0.06667,0.1118,0.07608,0.02988,0.02321,0.04653,0.04758,0.03292,0.2049,0.2071,
2.256,0.5034,0.09001,0.06332,0.06674,0.1118,0.07635,0.02961,0.02321,0.0474,0.04671,0.03293,0.2049,0.2071,
2.255,0.502,0.08904,0.06348,0.06675,0.1117,0.07603,0.02954,0.0231,0.04834,0.04589,0.03298,0.2052,0.208,
2.254,0.5036,0.08884,0.06358,0.06669,0.1112,0.07598,0.02986,0.02345,0.04963,0.04384,0.03297,0.2061,0.2079,
2.253,0.5308,0.08866,0.06335,0.06664,0.111,0.07609,0.0302,0.02273,0.05005,0.04323,0.03292,0.2077,0.2074,
2.252,0.519,0.08855,0.06339,0.06669,0.111,0.07609,0.03186,0.0215,0.04963,0.04323,0.03294,0.2077,0.2074,
2.256,0.5012,0.08834,0.06323,0.06662,0.1108,0.07605,0.03184,0.02148,0.0496,0.0458,0.0329,0.206,0.2073,
2.255,0.5082,0.08822,0.06336,0.0666,0.1108,0.07605,0.03184,0.02148,0.05326,0.04215,0.03292,0.206,0.2073,
2.251,0.5021,0.08814,0.06332,0.06661,0.1104,0.0752,0.03122,0.02111,0.05282,0.04196,0.03295,0.2062,0.2101,
2.251,0.4957,0.08812,0.06324,0.06676,0.11,0.07523,0.03123,0.02112,0.05406,0.04075,0.03297,0.2063,0.2102,
2.249,0.5011,0.08962,0.06324,0.067,0.1099,0.07331,0.03078,0.02099,0.05388,0.04071,0.03295,0.2071,0.2105,
2.247,0.502,0.09107,0.0633,0.06693,0.1108,0.07087,0.03076,0.02098,0.05437,0.04016,0.03292,0.208,0.2098,
2.247,0.5012,0.09102,0.06321,0.06706,0.1108,0.07053,0.03068,0.02087,0.05424,0.04016,0.03293,0.208,0.2105,
2.265,0.4915,0.09249,0.06312,0.06708,0.1106,0.07043,0.03066,0.0217,0.05337,0.05124,0.03288,0.1978,0.2086,
2.264,0.4905,0.09244,0.06312,0.06712,0.1106,0.07043,0.03136,0.021,0.05433,0.05028,0.03289,0.1978,0.2086,
2.259,0.4845,0.09394,0.06289,0.06717,0.11,0.06575,0.03214,0.01999,0.0558,0.04878,0.03288,0.1988,0.2119,
2.259,0.4875,0.09336,0.06308,0.06715,0.1098,0.06579,0.03216,0.02,0.05584,0.04883,0.03292,0.199,0.2121,
2.258,0.4873,0.09323,0.06275,0.06724,0.1099,0.06582,0.03217,0.02001,0.0573,0.04741,0.03295,0.1991,0.2122,
2.257,0.489,0.09314,0.06277,0.06729,0.1099,0.06464,0.03217,0.02001,0.0573,0.04741,0.03297,0.1991,0.2133,
2.257,0.4859,0.09309,0.06277,0.06734,0.1099,0.06464,0.03217,0.02043,0.05688,0.04741,0.03298,0.1991,0.2133,
2.256,0.5048,0.09401,0.063,0.06731,0.1098,0.0646,0.03305,0.02036,0.06351,0.03989,0.03298,0.2,0.2115,
2.256,0.485,0.09334,0.06284,0.06746,0.1099,0.06499,0.03316,0.01996,0.06356,0.03993,0.03302,0.2001,0.2117,
2.253,0.4884,0.09332,0.0628,0.06757,0.1096,0.0639,0.03305,0.01997,0.06516,0.03837,0.03306,0.2002,0.213,
2.252,0.4911,0.09332,0.06273,0.06763,0.1096,0.0639,0.03305,0.01997,0.06702,0.03652,0.03306,0.2002,0.213,
2.252,0.494,0.09477,0.06264,0.06764,0.1091,0.06386,0.03302,0.01995,0.06855,0.03492,0.03307,0.2011,0.2114,
2.251,0.4952,0.09614,0.06257,0.06756,0.109,0.0631,0.03235,0.02036,0.06809,0.0349,0.03305,0.202,0.2109,
2.251,0.498,0.0946,0.06263,0.06757,0.1099,0.06314,0.03238,0.02107,0.06745,0.03493,0.03309,0.2022,0.2111,
2.252,0.4937,0.09608,0.06284,0.0675,0.1098,0.0631,0.03236,0.02106,0.06869,0.03363,0.03305,0.2031,0.2089,
2.251,0.4955,0.096,0.06281,0.0676,0.1098,0.06355,0.03191,0.02106,0.06869,0.03363,0.03307,0.2031,0.2089,
2.251,0.5012,0.0959,0.06262,0.06767,0.1098,0.06428,0.03122,0.02107,0.06872,0.03364,0.03296,0.2032,0.209,
2.252,0.4976,0.0986,0.06258,0.06792,0.1094,0.06423,0.0312,0.02105,0.06868,0.03362,0.03295,0.2041,0.2058,
2.253,0.5,0.0985,0.06262,0.06797,0.1094,0.06423,0.03176,0.02119,0.06798,0.03362,0.03296,0.2041,0.2058,
2.252,0.5024,0.0977,0.0627,0.06802,0.1094,0.0645,0.03149,0.02119,0.06798,0.03362,0.03297,0.2041,0.2064,
2.25,0.5025,0.09645,0.06275,0.06812,0.1094,0.0645,0.03149,0.02119,0.07007,0.03152,0.03299,0.2041,0.2075,
2.26,0.5485,0.09625,0.06273,0.06802,0.1091,0.06445,0.03181,0.05796,0.03291,0.0315,0.03299,0.205,0.2074,
2.258,0.5402,0.09494,0.06289,0.06805,0.1091,0.06379,0.03181,0.05796,0.03291,0.0315,0.03302,0.205,0.2091,
2.253,0.5454,0.09315,0.06266,0.06824,0.1105,0.06016,0.03177,0.05799,0.035,0.02944,0.03307,0.205,0.2129,
2.253,0.551,0.09279,0.06267,0.06842,0.1102,0.06021,0.0318,0.05804,0.03502,0.02946,0.03308,0.2052,0.2131,
2.255,0.5642,0.09289,0.06279,0.0686,0.1084,0.06033,0.03436,0.05566,0.03509,0.02953,0.03316,0.2057,0.2136,
2.254,0.5395,0.09268,0.06255,0.06864,0.108,0.06036,0.03439,0.05572,0.03513,0.02956,0.03318,0.2059,0.2139,
2.256,0.5376,0.09624,0.06266,0.06859,0.1079,0.05964,0.03435,0.05619,0.03457,0.02953,0.03316,0.2068,0.2104,
2.255,0.541,0.09569,0.06283,0.06866,0.1079,0.05967,0.0349,0.05688,0.03339,0.02954,0.0332,0.2068,0.2105,
2.254,0.5364,0.09536,0.0627,0.06871,0.1075,0.0592,0.03438,0.05695,0.03343,0.02958,0.03318,0.2071,0.2119,
2.252,0.5488,0.09522,0.06265,0.0689,0.1075,0.0585,0.03454,0.05721,0.03405,0.02815,0.03319,0.2071,0.213,
2.246,0.5454,0.09474,0.06244,0.06896,0.1073,0.05629,0.03398,0.05695,0.03385,0.02805,0.0332,0.2074,0.2168,
2.246,0.53,0.09466,0.06245,0.06903,0.1073,0.05629,0.03398,0.05695,0.03438,0.02752,0.03321,0.2074,0.2168,
2.246,0.5293,0.09455,0.06248,0.0691,0.1073,0.05663,0.03365,0.05695,0.03535,0.02656,0.03322,0.2074,0.2168,
2.246,0.5234,0.09617,0.06247,0.06907,0.1072,0.05729,0.03289,0.05689,0.03531,0.02653,0.03321,0.2082,0.2148,
2.245,0.5153,0.09576,0.06253,0.06918,0.1071,0.05697,0.03282,0.05681,0.03519,0.02654,0.03322,0.2083,0.2155,
2.246,0.5098,0.09957,0.06267,0.06908,0.1069,0.05585,0.03281,0.05756,0.03441,0.02653,0.03319,0.2093,0.2121,
2.247,0.5077,0.1026,0.0624,0.06933,0.1068,0.07494,0.01429,0.05683,0.03437,0.03646,0.03316,0.2002,0.2086,
2.244,0.4983,0.1019,0.06267,0.06927,0.1064,0.0754,0.01316,0.05682,0.03437,0.03646,0.0332,0.2012,0.2092,
2.244,0.5027,0.1018,0.06248,0.0695,0.1064,0.0754,0.01316,0.05682,0.03584,0.03498,0.03321,0.2012,0.2092,
2.243,0.4992,0.1014,0.06261,0.06951,0.1064,0.0751,0.01308,0.05674,0.03669,0.03403,0.03322,0.2012,0.21,
2.241,0.5,0.1012,0.06276,0.06951,0.1064,0.07336,0.01301,0.05666,0.03658,0.0339,0.03323,0.2012,0.2121,
2.24,0.5029,0.1009,0.06296,0.06957,0.1064,0.0727,0.01301,0.05708,0.03616,0.0339,0.03324,0.2012,0.2128,
2.24,0.5064,0.1009,0.063,0.06958,0.1061,0.07273,0.01354,0.0571,0.03565,0.03392,0.03326,0.2013,0.2129,
2.24,0.5086,0.1011,0.06342,0.06965,0.1059,0.07323,0.01299,0.05707,0.03563,0.0339,0.03325,0.2022,0.2116,
2.239,0.5029,0.1009,0.06369,0.06962,0.1059,0.07392,0.0123,0.05759,0.0351,0.0339,0.03327,0.2022,0.2116,
2.242,0.5054,0.1053,0.06396,0.06948,0.1057,0.07377,0.01329,0.05689,0.03461,0.03383,0.03321,0.2038,0.2061,
2.242,0.5106,0.1049,0.06399,0.06933,0.1051,0.07377,0.01385,0.05686,0.0366,0.03132,0.0332,0.2049,0.2061,
2.239,0.5123,0.1021,0.0641,0.06924,0.1075,0.07129,0.01383,0.05681,0.03656,0.03129,0.03319,0.2057,0.2083,
2.239,0.5101,0.1012,0.06415,0.0693,0.1083,0.07129,0.01383,0.05681,0.03656,0.03129,0.03319,0.2057,0.2083,
2.238,0.512,0.09976,0.06403,0.06927,0.1095,0.07121,0.01382,0.05675,0.03653,0.03126,0.03316,0.2065,0.2081,
2.237,0.5158,0.09942,0.06404,0.06921,0.1091,0.0712,0.01381,0.05752,0.03626,0.03073,0.0331,0.2075,0.2081,
2.236,0.5165,0.09902,0.06408,0.06871,0.1091,0.07167,0.01389,0.05702,0.03627,0.03074,0.03307,0.2076,0.2088,
2.238,0.5268,0.1043,0.06397,0.06868,0.1089,0.0704,0.01388,0.05738,0.03581,0.03071,0.03304,0.2085,0.2045,
2.238,0.5229,0.1013,0.06423,0.06869,0.1113,0.07042,0.01444,0.05761,0.03506,0.03072,0.03306,0.2086,0.2046,
2.231,0.5232,0.1012,0.06436,0.06862,0.1111,0.06978,0.01486,0.06619,0.02609,0.03073,0.03308,0.2086,0.2053,
2.249,0.5511,0.1011,0.0644,0.06865,0.1111,0.06978,0.04354,0.03752,0.02609,0.03073,0.03308,0.2086,0.2053,
2.249,0.555,0.101,0.06455,0.06866,0.1111,0.06978,0.04354,0.03846,0.02567,0.03021,0.0331,0.2086,0.2053,
2.249,0.556,0.1006,0.06482,0.06874,0.1111,0.06978,0.0441,0.0379,0.02567,0.03021,0.0331,0.2086,0.2053,
2.257,0.5527,0.1004,0.06477,0.06873,0.111,0.06861,0.04447,0.03744,0.02564,0.03574,0.03308,0.2039,0.2062,
2.257,0.5547,0.1004,0.06468,0.06887,0.1107,0.0697,0.04343,0.03746,0.02617,0.03523,0.03311,0.204,0.2063,
2.256,0.5252,0.1,0.06467,0.06901,0.1106,0.06963,0.04338,0.03742,0.02764,0.0337,0.03309,0.2048,0.2061,
2.256,0.5286,0.09837,0.06469,0.06908,0.1121,0.06963,0.04338,0.03742,0.02764,0.0337,0.0331,0.2048,0.2061,
2.256,0.5348,0.09719,0.06482,0.06914,0.1128,0.06966,0.04457,0.03627,0.02861,0.03275,0.03312,0.2049,0.2061,
2.253,0.5339,0.0962,0.06464,0.06916,0.1136,0.06943,0.04392,0.03681,0.02758,0.03259,0.0331,0.2057,0.2072,
2.253,0.561,0.09599,0.06486,0.06914,0.1136,0.0697,0.04399,0.03648,0.02758,0.03259,0.03312,0.2057,0.2072,
2.252,0.5542,0.09585,0.06493,0.06918,0.1136,0.06928,0.04389,0.03687,0.02706,0.03259,0.03313,0.2057,0.2079,
2.251,0.534,0.09446,0.06522,0.06927,0.1146,0.07042,0.04308,0.03654,0.02706,0.03259,0.03314,0.2057,0.2079,
2.25,0.5346,0.09433,0.06507,0.06931,0.1145,0.0708,0.04259,0.03692,0.02661,0.03256,0.03311,0.2065,0.2077,
2.249,0.508,0.09485,0.0647,0.06947,0.1157,0.06891,0.04258,0.03691,0.02661,0.03255,0.03308,0.2075,0.2072,
2.248,0.4899,0.09313,0.06469,0.06972,0.1163,0.06834,0.04264,0.03748,0.02611,0.03259,0.03307,0.2078,0.2081,
2.248,0.481,0.093,0.06459,0.06965,0.1158,0.06858,0.04236,0.03747,0.0261,0.03317,0.03306,0.2082,0.2081,
2.246,0.4798,0.09283,0.0647,0.0697,0.1155,0.06778,0.04211,0.03832,0.02527,0.03319,0.03307,0.2083,0.2092,
2.255,0.4723,0.094,0.0646,0.06975,0.1151,0.06773,0.04208,0.03829,0.02526,0.03813,0.03306,0.2042,0.2077,
2.256,0.473,0.09395,0.06456,0.06983,0.1151,0.06773,0.04208,0.03829,0.02526,0.03813,0.03307,0.2042,0.2077,
2.257,0.4803,0.09328,0.06456,0.06999,0.1153,0.06776,0.0421,0.03831,0.03005,0.03337,0.03309,0.2043,0.2078,
2.255,0.4802,0.0926,0.06441,0.07013,0.1153,0.06722,0.04196,0.03814,0.02984,0.03337,0.03312,0.2043,0.2095,
2.253,0.4783,0.09559,0.06439,0.06999,0.1148,0.06516,0.04225,0.03757,0.02968,0.03318,0.03309,0.2061,0.2083,
2.253,0.4702,0.09787,0.06455,0.0699,0.1146,0.06483,0.04214,0.03745,0.02955,0.03302,0.03308,0.2069,0.2061,
2.243,0.4836,0.09628,0.0651,0.06955,0.1157,0.06108,0.04146,0.04197,0.02399,0.03291,0.03301,0.2069,0.2121,
2.241,0.4611,0.09487,0.06531,0.0696,0.1165,0.06058,0.04168,0.04326,0.0224,0.03293,0.03303,0.207,0.2128,
2.221,0.4612,0.09437,0.06553,0.06962,0.1163,0.08273,0.01961,0.04449,0.02119,0.03295,0.03306,0.2071,0.213,
2.226,0.4621,0.09489,0.06522,0.06978,0.117,0.08154,0.01959,0.04444,0.02213,0.03472,0.03306,0.2052,0.2124,
2.227,0.4592,0.09736,0.06528,0.06974,0.1166,0.08191,0.01972,0.04386,0.02212,0.0347,0.033,0.2061,0.2096,
2.227,0.4594,0.09678,0.06567,0.06984,0.1162,0.08133,0.0204,0.04322,0.02213,0.03473,0.03304,0.2063,0.2104,
2.226,0.4606,0.09616,0.06555,0.06999,0.1166,0.08083,0.02022,0.04323,0.02265,0.0342,0.03307,0.2064,0.2112,
2.242,0.4522,0.1015,0.06522,0.07003,0.1163,0.08137,0.01947,0.04356,0.02218,0.0427,0.03303,0.1994,0.2052,
2.24,0.4575,0.0993,0.06557,0.07016,0.118,0.08162,0.01889,0.04424,0.02131,0.04257,0.03304,0.1994,0.2059,
2.239,0.4572,0.09918,0.06557,0.07035,0.1177,0.08131,0.01881,0.04415,0.02119,0.04259,0.03306,0.1995,0.2066,
2.24,0.4568,0.09901,0.06564,0.07042,0.1177,0.08158,0.01854,0.04415,0.02249,0.04128,0.03308,0.1995,0.2066,
2.239,0.4599,0.09891,0.06567,0.07048,0.1174,0.08108,0.01965,0.04276,0.0234,0.03993,0.03309,0.1996,0.208,
2.239,0.4676,0.09875,0.06556,0.07064,0.117,0.08148,0.01933,0.0428,0.02453,0.03885,0.03314,0.1998,0.2082,
2.238,0.475,0.09867,0.06564,0.07062,0.117,0.08012,0.01968,0.04229,0.02442,0.03872,0.03315,0.1998,0.2099,
2.238,0.4759,0.0982,0.06602,0.07071,0.117,0.08012,0.0201,0.04188,0.02442,0.03872,0.03316,0.1998,0.2099,
2.239,0.4779,0.09811,0.0661,0.07069,0.1167,0.08015,0.02044,0.04155,0.02626,0.03691,0.03317,0.1999,0.21,
2.237,0.4725,0.09616,0.06618,0.07074,0.1186,0.07912,0.02054,0.04072,0.02668,0.03625,0.03318,0.1999,0.212,
2.236,0.4763,0.09513,0.06604,0.07087,0.1196,0.07912,0.02106,0.04061,0.02626,0.03625,0.03319,0.1999,0.212,
2.236,0.4834,0.09561,0.06596,0.0709,0.1206,0.0796,0.02052,0.04059,0.02624,0.03623,0.03317,0.2008,0.2098,
2.235,0.4743,0.09521,0.06574,0.07088,0.1202,0.07937,0.02048,0.04055,0.02616,0.03629,0.03319,0.2011,0.2108,
2.235,0.4819,0.0952,0.0657,0.07101,0.1198,0.07941,0.02049,0.04057,0.02617,0.03631,0.03321,0.2012,0.2109,
2.235,0.4851,0.09493,0.06553,0.07117,0.1198,0.07986,0.02008,0.04059,0.03032,0.03219,0.03322,0.2013,0.211,
2.237,0.4862,0.09739,0.06537,0.07111,0.1202,0.07982,0.02006,0.04057,0.0303,0.03217,0.03321,0.2022,0.2076,
2.238,0.4842,0.0973,0.06534,0.07104,0.1198,0.07943,0.03704,0.02336,0.03015,0.03215,0.03322,0.2031,0.2081,
2.237,0.4919,0.09709,0.06539,0.07015,0.1198,0.07943,0.03704,0.02336,0.03015,0.03215,0.03322,0.2031,0.2092,
2.235,0.4871,0.09679,0.06536,0.0702,0.1198,0.07794,0.0374,0.02303,0.03015,0.03216,0.03325,0.2032,0.2108,
2.235,0.4891,0.09674,0.0654,0.07019,0.1198,0.07821,0.03713,0.02303,0.03178,0.03053,0.03327,0.2032,0.2108,
2.231,0.4892,0.0977,0.06537,0.0701,0.1193,0.07818,0.03787,0.02227,0.0323,0.03,0.03135,0.2041,0.2114,
2.231,0.4672,0.101,0.06537,0.07003,0.1187,0.07719,0.03759,0.02223,0.03225,0.02995,0.03131,0.2059,0.2085,
2.231,0.4562,0.09933,0.06542,0.07003,0.12,0.07763,0.03718,0.02223,0.03226,0.02996,0.03134,0.2059,0.2086,
2.227,0.4625,0.1008,0.06536,0.07003,0.1196,0.07766,0.03699,0.02167,0.03224,0.02994,0.03002,0.2069,0.2089,
2.227,0.4644,0.1001,0.06562,0.07003,0.1197,0.07769,0.037,0.02168,0.03225,0.02995,0.03005,0.2069,0.2089,
2.226,0.4654,0.09901,0.06586,0.07014,0.1202,0.0772,0.0375,0.02108,0.03226,0.02997,0.03007,0.207,0.2097,
2.226,0.4678,0.09874,0.06542,0.07046,0.121,0.07749,0.03714,0.02107,0.03224,0.02995,0.03006,0.2079,0.2085,
2.226,0.4729,0.09786,0.06595,0.07049,0.1211,0.07752,0.03716,0.02149,0.03347,0.02833,0.03007,0.208,0.2085,
2.236,0.465,0.101,0.06619,0.07045,0.1217,0.07751,0.03715,0.02148,0.03346,0.03179,0.03007,0.2056,0.2036,
2.235,0.471,0.1009,0.06621,0.07052,0.1217,0.078,0.03666,0.02201,0.03639,0.02835,0.03008,0.2056,0.2036,
2.232,0.4726,0.09894,0.06627,0.07048,0.1233,0.07736,0.03648,0.02181,0.03665,0.02753,0.03006,0.2064,0.2048,
2.231,0.475,0.09837,0.06647,0.07058,0.1231,0.07755,0.03651,0.02145,0.03662,0.0275,0.03005,0.2072,0.2046,
2.23,0.4781,0.09825,0.06653,0.07062,0.1231,0.07637,0.03684,0.02112,0.03662,0.0275,0.03008,0.2072,0.2057,
2.226,0.4787,0.09821,0.06656,0.0707,0.1228,0.07852,0.03412,0.02097,0.03644,0.02727,0.03009,0.2073,0.207,
2.226,0.4694,0.09791,0.06616,0.07095,0.1227,0.07859,0.03415,0.02099,0.03647,0.02729,0.03011,0.2075,0.2072,
2.225,0.4713,0.09781,0.06622,0.07113,0.122,0.07899,0.03385,0.02101,0.03777,0.02605,0.03015,0.2077,0.2074,
2.235,0.4716,0.09546,0.06611,0.07112,0.1238,0.0812,0.03156,0.02099,0.03774,0.03308,0.03014,0.2015,0.2073,
2.232,0.4762,0.09272,0.06606,0.07121,0.1265,0.0812,0.03654,0.01601,0.03774,0.03308,0.03015,0.2015,0.2073,
2.232,0.4837,0.09222,0.06645,0.07131,0.1265,0.08162,0.03612,0.01601,0.03774,0.03308,0.03016,0.2015,0.2073,
2.21,0.5013,0.09213,0.06627,0.07133,0.1261,0.09906,0.01861,0.01641,0.03782,0.03254,0.03015,0.2024,0.2071,
2.209,0.4969,0.09199,0.06621,0.07153,0.1261,0.0994,0.01828,0.01641,0.03782,0.03254,0.03015,0.2024,0.2071,
2.209,0.4984,0.09184,0.06642,0.07155,0.1258,0.0997,0.01862,0.0158,0.03783,0.03255,0.03016,0.2025,0.2072,
2.209,0.4979,0.09122,0.06621,0.07156,0.1258,0.09969,0.01862,0.01669,0.03694,0.03254,0.03007,0.2035,0.2072,
2.209,0.506,0.09519,0.06614,0.07154,0.1255,0.09742,0.01858,0.01665,0.03773,0.03161,0.03002,0.2051,0.2045,
2.207,0.5011,0.09484,0.0664,0.07163,0.1255,0.09622,0.01858,0.01665,0.04198,0.02736,0.03003,0.2051,0.2057,
2.211,0.5105,0.09474,0.06627,0.07161,0.1254,0.09581,0.01883,0.02589,0.03209,0.02733,0.03001,0.2059,0.2061,
2.211,0.5013,0.09438,0.06629,0.07169,0.1254,0.09585,0.01884,0.0259,0.0321,0.02734,0.03003,0.206,0.2062,
