entropy,entropyInd,RabA,RabB,RabC,RabD,RabE,RabF,RabG,RabH,RabI,xER,xPM,
2.178,0.3355,0.106,0.0907,0.0685,0.1252,0.05449,0.03938,0.03062,0.03407,0.03502,0.2066,0.2094,
2.177,0.3421,0.1045,0.09074,0.06852,0.1248,0.05451,0.03939,0.03063,0.03408,0.03503,0.2067,0.2111,
2.177,0.3364,0.1046,0.09049,0.06858,0.1238,0.05459,0.03946,0.03067,0.03413,0.03508,0.2071,0.2114,
2.177,0.3413,0.1058,0.09043,0.06853,0.1234,0.05455,0.03943,0.03065,0.03411,0.03505,0.208,0.2101,
2.175,0.343,0.1061,0.09037,0.06848,0.1229,0.05341,0.03941,0.03063,0.03409,0.03503,0.2089,0.2107,
2.178,0.3344,0.1094,0.09022,0.06836,0.1222,0.05332,0.03934,0.03058,0.03402,0.036,0.2096,0.2069,
2.176,0.3431,0.1087,0.09022,0.06836,0.1222,0.0529,0.03923,0.03045,0.03402,0.036,0.2096,0.2082,
2.176,0.3465,0.1088,0.09026,0.06839,0.1219,0.0524,0.03912,0.03046,0.03404,0.03601,0.2097,0.2089,
2.175,0.3408,0.1086,0.09037,0.06845,0.1211,0.05246,0.03916,0.03049,0.03407,0.03604,0.21,0.2092,
2.173,0.3571,0.1086,0.09037,0.06845,0.1211,0.05093,0.03916,0.03049,0.03407,0.03604,0.21,0.2108,
2.172,0.3434,0.1087,0.09031,0.06843,0.1203,0.04988,0.03921,0.03052,0.03411,0.03608,0.2103,0.2121,
2.186,0.3342,0.1106,0.09021,0.06836,0.1202,0.04851,0.03917,0.03049,0.03408,0.04562,0.2016,0.2113,
2.186,0.3339,0.1106,0.09025,0.06838,0.1198,0.04853,0.03918,0.0305,0.03409,0.04563,0.2016,0.2114,
2.186,0.3365,0.1108,0.09044,0.06853,0.1179,0.04863,0.03927,0.03056,0.03416,0.04573,0.2021,0.2118,
2.189,0.3351,0.116,0.09034,0.06846,0.1178,0.04858,0.03923,0.03053,0.03413,0.04568,0.2029,0.2063,
2.185,0.3353,0.1155,0.09028,0.0684,0.1169,0.04731,0.03889,0.03051,0.0341,0.04565,0.2048,0.2077,
2.185,0.3324,0.1152,0.09034,0.06845,0.1166,0.04734,0.03892,0.03053,0.03413,0.04568,0.205,0.2079,
2.185,0.3436,0.1151,0.09032,0.06844,0.1157,0.04734,0.03891,0.03053,0.03412,0.04567,0.206,0.2078,
2.183,0.3376,0.115,0.09026,0.06843,0.1148,0.04669,0.03892,0.03053,0.03413,0.04568,0.207,0.2086,
2.183,0.3059,0.1149,0.09032,0.06846,0.1143,0.04673,0.03895,0.03055,0.03415,0.04571,0.2072,0.2087,
2.183,0.3097,0.1151,0.0905,0.06857,0.1125,0.04681,0.03902,0.0306,0.0342,0.04578,0.2077,0.2092,
2.18,0.3099,0.1151,0.09044,0.06853,0.112,0.04545,0.039,0.03058,0.03418,0.04575,0.2086,0.2104,
2.178,0.3055,0.113,0.09038,0.06847,0.1116,0.04542,0.03897,0.03055,0.03415,0.04571,0.2095,0.2123,
2.178,0.3012,0.113,0.09038,0.06847,0.1116,0.04542,0.03897,0.03055,0.03415,0.04571,0.2095,0.2123,
2.178,0.3063,0.113,0.09041,0.0685,0.1112,0.04543,0.03898,0.03056,0.03416,0.04572,0.2096,0.2124,
2.178,0.3148,0.1131,0.09044,0.06852,0.1109,0.04545,0.039,0.03057,0.03417,0.04574,0.2097,0.2125,
2.173,0.3191,0.1133,0.09027,0.06845,0.1108,0.04275,0.03896,0.03054,0.03414,0.04569,0.2105,0.2146,
2.172,0.3123,0.1116,0.09035,0.06851,0.11,0.04279,0.03899,0.03056,0.03417,0.04573,0.2107,0.2166,
2.172,0.309,0.1116,0.09039,0.06854,0.1096,0.04281,0.03901,0.03058,0.03418,0.04575,0.2108,0.2167,
2.18,0.3049,0.1136,0.09032,0.0685,0.1091,0.04277,0.03898,0.03055,0.03416,0.05077,0.2067,0.2145,
2.18,0.292,0.1134,0.09038,0.06861,0.1082,0.04282,0.03904,0.03059,0.0342,0.05083,0.207,0.2149,
2.18,0.297,0.1122,0.09029,0.06882,0.109,0.04284,0.03994,0.02972,0.03421,0.05085,0.2071,0.215,
2.181,0.2986,0.1156,0.09003,0.06887,0.1081,0.04278,0.03989,0.02968,0.03514,0.04981,0.209,0.2111,
2.181,0.3002,0.1155,0.08998,0.06896,0.1072,0.04304,0.0396,0.02966,0.03566,0.04926,0.21,0.2111,
2.18,0.3082,0.1153,0.0902,0.06901,0.1072,0.04265,0.03933,0.02966,0.03566,0.04926,0.21,0.2118,
2.165,0.3188,0.1137,0.09041,0.06782,0.1084,0.06379,0.01819,0.0305,0.03483,0.04926,0.21,0.2131,
2.166,0.3071,0.1151,0.09024,0.06808,0.1084,0.06375,0.01818,0.03048,0.03481,0.04923,0.2109,0.2108,
2.165,0.3135,0.1148,0.09034,0.06721,0.1084,0.06375,0.01818,0.03048,0.03481,0.04923,0.2109,0.2119,
2.174,0.3142,0.1184,0.09028,0.06727,0.1075,0.06427,0.01762,0.03046,0.03944,0.04965,0.2068,0.2082,
2.174,0.3208,0.1147,0.09013,0.06746,0.1103,0.06426,0.01762,0.03046,0.03944,0.04965,0.2078,0.2082,
2.174,0.3333,0.1143,0.09037,0.06765,0.1099,0.06428,0.01763,0.03047,0.04069,0.04843,0.2079,0.2083,
2.173,0.3255,0.1141,0.09017,0.06778,0.1098,0.06311,0.01814,0.0299,0.04224,0.04679,0.2087,0.2092,
2.173,0.3283,0.1134,0.09052,0.06791,0.1095,0.06316,0.01815,0.02993,0.04536,0.04373,0.2089,0.2094,
2.173,0.3292,0.1131,0.09064,0.06815,0.1092,0.06377,0.01757,0.03077,0.04455,0.04374,0.209,0.2095,
2.173,0.3531,0.1131,0.0906,0.06825,0.1092,0.06377,0.01757,0.03077,0.04455,0.04374,0.209,0.2095,
2.171,0.3267,0.1125,0.09036,0.06836,0.1093,0.06272,0.01759,0.0308,0.04548,0.0429,0.2092,0.2108,
2.167,0.3413,0.1117,0.09081,0.06695,0.1086,0.06325,0.03335,0.01464,0.04553,0.04294,0.2095,0.2127,
2.167,0.3419,0.1116,0.09071,0.0671,0.1086,0.06325,0.03335,0.01464,0.04713,0.04135,0.2095,0.2127,
2.162,0.3486,0.1116,0.09036,0.06713,0.1087,0.05934,0.03336,0.01464,0.04804,0.04048,0.2096,0.2168,
2.162,0.3544,0.108,0.09042,0.06713,0.1123,0.05934,0.03336,0.01464,0.04963,0.03888,0.2096,0.2168,
2.161,0.3555,0.1092,0.09053,0.06716,0.1122,0.05817,0.03333,0.01463,0.04958,0.03884,0.2104,0.216,
2.16,0.3636,0.111,0.09051,0.06723,0.112,0.05871,0.03333,0.01409,0.05431,0.03412,0.2115,0.2132,
2.159,0.3602,0.1108,0.09051,0.06735,0.112,0.05871,0.03418,0.01324,0.05431,0.03412,0.2115,0.2132,
2.179,0.375,0.1159,0.09045,0.06761,0.1113,0.05869,0.0347,0.0127,0.05429,0.04461,0.2019,0.2078,
2.177,0.3681,0.1154,0.0901,0.06665,0.1114,0.05872,0.03472,0.0127,0.05431,0.04463,0.202,0.2094,
2.177,0.3406,0.1155,0.09032,0.0668,0.11,0.0588,0.03477,0.01271,0.05439,0.04469,0.2023,0.2097,
2.174,0.3326,0.1155,0.09046,0.0669,0.1092,0.05663,0.0348,0.01271,0.05532,0.04383,0.2025,0.2122,
2.172,0.3378,0.1151,0.0907,0.06704,0.1092,0.05507,0.0348,0.01271,0.05532,0.04383,0.2025,0.2137,
2.172,0.3375,0.1142,0.0912,0.0671,0.1093,0.0551,0.03482,0.01272,0.05535,0.04385,0.2026,0.2138,
2.173,0.3386,0.1159,0.09112,0.06706,0.1092,0.0556,0.03426,0.01271,0.05532,0.04383,0.2035,0.2115,
2.173,0.3436,0.1139,0.09162,0.06719,0.1106,0.0556,0.03426,0.01271,0.05585,0.0433,0.2035,0.2115,
2.169,0.3545,0.1137,0.0913,0.06719,0.1103,0.05549,0.03419,0.01269,0.06165,0.03729,0.2051,0.2111,
2.169,0.3451,0.1136,0.09114,0.06741,0.1103,0.05549,0.03419,0.01269,0.06165,0.03729,0.2051,0.2111,
2.169,0.4465,0.113,0.0912,0.06775,0.11,0.05553,0.03422,0.01269,0.0617,0.03732,0.2053,0.2113,
2.168,0.437,0.1122,0.09104,0.06778,0.1099,0.05544,0.03416,0.01267,0.0616,0.03726,0.207,0.2109,
2.166,0.4014,0.111,0.09083,0.06806,0.1103,0.05611,0.0341,0.01199,0.06244,0.03634,0.2079,0.2108,
2.165,0.4008,0.1109,0.09058,0.06828,0.1099,0.0566,0.03355,0.01198,0.0624,0.03632,0.2089,0.2107,
2.165,0.4076,0.1095,0.09092,0.06836,0.1109,0.05713,0.03301,0.01287,0.06395,0.03389,0.2089,0.2107,
2.165,0.4017,0.1092,0.0909,0.06861,0.1109,0.05713,0.03301,0.01287,0.06395,0.03389,0.2089,0.2107,
2.165,0.3673,0.1089,0.09102,0.06876,0.1108,0.05646,0.03301,0.01286,0.06394,0.03388,0.2099,0.2105,
2.164,0.3647,0.1086,0.09107,0.06883,0.1104,0.05643,0.03299,0.01286,0.0639,0.03386,0.2108,0.2103,
2.164,0.3628,0.1086,0.09108,0.06893,0.11,0.05644,0.033,0.01286,0.06393,0.03387,0.2109,0.2104,
2.185,0.3548,0.1084,0.09089,0.06908,0.1099,0.05744,0.0319,0.01337,0.06333,0.04677,0.1988,0.2102,
2.183,0.3246,0.1082,0.09068,0.0691,0.1089,0.05737,0.03187,0.01335,0.06439,0.04557,0.2005,0.21,
2.162,0.3242,0.108,0.09083,0.06918,0.1089,0.07615,0.01309,0.01335,0.06492,0.04504,0.2005,0.21,
2.162,0.3192,0.108,0.09078,0.06953,0.1078,0.07559,0.01364,0.01354,0.06545,0.04395,0.2008,0.2109,
2.16,0.3215,0.1079,0.09071,0.06954,0.1074,0.07488,0.01362,0.01353,0.06662,0.0427,0.2017,0.2114,
2.16,0.3426,0.1076,0.09032,0.06985,0.1074,0.07491,0.01363,0.01354,0.06665,0.04272,0.2018,0.2115,
2.161,0.3243,0.107,0.0903,0.06985,0.109,0.07483,0.01362,0.01352,0.06659,0.04268,0.2026,0.21,
2.161,0.3387,0.1069,0.09008,0.07001,0.1085,0.0736,0.01348,0.0154,0.06625,0.04106,0.2035,0.2112,
2.158,0.3719,0.1051,0.08998,0.07024,0.11,0.07186,0.01348,0.0154,0.06805,0.03929,0.2036,0.2131,
2.16,0.3458,0.108,0.09016,0.07031,0.1099,0.07185,0.01401,0.01487,0.06804,0.03929,0.2046,0.2089,
2.158,0.3479,0.1081,0.09007,0.07054,0.1092,0.07286,0.01306,0.01488,0.06809,0.03932,0.2048,0.2091,
2.157,0.3496,0.1048,0.08995,0.07042,0.1111,0.07269,0.01303,0.01484,0.06793,0.03923,0.2074,0.2086,
2.156,0.3572,0.1045,0.09006,0.07039,0.1109,0.07262,0.01301,0.01482,0.06786,0.03919,0.2082,0.2084,
2.156,0.3497,0.1039,0.08995,0.07019,0.1109,0.07195,0.01301,0.01567,0.06701,0.03918,0.2092,0.209,
2.155,0.3583,0.1036,0.08996,0.07047,0.1109,0.07129,0.01301,0.01567,0.06701,0.03918,0.2092,0.2097,
2.163,0.349,0.1031,0.08976,0.0705,0.1109,0.07124,0.01301,0.01643,0.06619,0.04391,0.2054,0.2096,
2.163,0.35,0.103,0.08968,0.0708,0.1105,0.07127,0.01301,0.01644,0.06622,0.04392,0.2055,0.2097,
2.163,0.3541,0.1017,0.0897,0.07101,0.111,0.07133,0.01302,0.01645,0.06627,0.04396,0.2056,0.2099,
2.161,0.3845,0.1015,0.08983,0.07129,0.11,0.07265,0.01233,0.01594,0.06757,0.0428,0.2059,0.2101,
2.16,0.3714,0.1009,0.0898,0.07154,0.109,0.07281,0.01235,0.01597,0.06772,0.04289,0.2064,0.2106,
2.16,0.3637,0.09854,0.08962,0.07165,0.1109,0.07287,0.01236,0.01598,0.06863,0.04208,0.2066,0.2108,
2.158,0.3665,0.09814,0.08975,0.07185,0.1101,0.07219,0.01236,0.01597,0.0686,0.04207,0.2076,0.2114,
2.156,0.3648,0.09805,0.08947,0.07047,0.109,0.07228,0.01237,0.01599,0.06869,0.04212,0.2078,0.2137,
2.155,0.3713,0.09765,0.08953,0.07057,0.1087,0.07192,0.01228,0.0164,0.06949,0.04088,0.208,0.2146,
2.156,0.3656,0.09752,0.08957,0.0707,0.1099,0.07185,0.01304,0.01561,0.06942,0.04084,0.2088,0.2127,
2.158,0.3679,0.1012,0.0897,0.07057,0.1092,0.07175,0.01355,0.01505,0.06933,0.04078,0.2107,0.2081,
2.159,0.3727,0.1006,0.08992,0.07069,0.1093,0.07178,0.01356,0.01603,0.06839,0.0408,0.2108,0.2082,
2.162,0.3752,0.1004,0.08984,0.07098,0.1093,0.07178,0.01356,0.01774,0.06668,0.0408,0.2108,0.2082,
2.177,0.3745,0.1,0.08961,0.07102,0.109,0.07164,0.01353,0.0177,0.06654,0.05162,0.2015,0.2078,
2.175,0.3699,0.09972,0.08948,0.07102,0.1085,0.07204,0.01354,0.01711,0.06643,0.05154,0.2032,0.2074,
2.173,0.3745,0.09864,0.08935,0.07127,0.1092,0.07141,0.01355,0.01711,0.0705,0.04752,0.2033,0.2082,
2.174,0.3803,0.09848,0.08913,0.07138,0.1091,0.07134,0.01353,0.01801,0.06951,0.04747,0.2041,0.208,
2.174,0.3682,0.09801,0.08922,0.07144,0.1091,0.07137,0.01354,0.01802,0.06954,0.04749,0.2042,0.2081,
2.187,0.4078,0.09788,0.08906,0.0716,0.1084,0.07135,0.01353,0.05425,0.03325,0.04748,0.2052,0.2081,
2.186,0.3969,0.0977,0.08923,0.07172,0.108,0.0718,0.01311,0.05427,0.03414,0.04662,0.2053,0.2081,
2.186,0.3821,0.09735,0.08916,0.07187,0.1077,0.07186,0.01312,0.05432,0.03505,0.04577,0.2054,0.2083,
2.185,0.3862,0.09713,0.0889,0.07202,0.1067,0.07178,0.01311,0.05425,0.03501,0.04572,0.2073,0.2081,
2.186,0.3775,0.09653,0.08867,0.0723,0.1065,0.0712,0.01422,0.05322,0.03593,0.0449,0.2075,0.209,
2.184,0.3757,0.09508,0.08837,0.07213,0.1064,0.07108,0.0142,0.05312,0.03586,0.04482,0.2103,0.2086,
2.191,0.3671,0.09423,0.08817,0.07222,0.107,0.071,0.01471,0.05254,0.03582,0.04928,0.2066,0.2084,
2.189,0.3682,0.09384,0.0882,0.07216,0.1064,0.07089,0.01469,0.05337,0.03617,0.04788,0.2083,0.2081,
2.19,0.3725,0.09364,0.08836,0.07229,0.106,0.07091,0.01543,0.05367,0.03649,0.04658,0.2084,0.2082,
2.189,0.3754,0.09328,0.08873,0.07237,0.1057,0.06981,0.01543,0.05369,0.0365,0.04659,0.2085,0.2094,
2.188,0.3804,0.09303,0.08878,0.07257,0.1057,0.06881,0.01607,0.05291,0.0365,0.04659,0.2085,0.2105,
2.191,0.3802,0.09597,0.08859,0.07281,0.1052,0.06876,0.01606,0.05288,0.03736,0.04568,0.2094,0.2073,
2.193,0.3826,0.09578,0.08854,0.07278,0.1051,0.0665,0.01605,0.05283,0.03732,0.04971,0.2062,0.2092,
2.192,0.389,0.09503,0.08824,0.0728,0.1041,0.0666,0.01607,0.05333,0.03695,0.04979,0.2076,0.2096,
2.192,0.3835,0.09475,0.0885,0.07297,0.1034,0.06707,0.01566,0.05337,0.03698,0.04983,0.2077,0.2098,
2.192,0.384,0.09442,0.08843,0.07315,0.1031,0.06755,0.01578,0.05289,0.03701,0.04987,0.2079,0.2099,
2.191,0.3806,0.09432,0.08835,0.07332,0.1031,0.06689,0.01578,0.05289,0.03701,0.04987,0.2079,0.2106,
2.192,0.3881,0.09432,0.0881,0.07357,0.1031,0.06689,0.01683,0.05183,0.03701,0.04987,0.2079,0.2106,
2.192,0.3924,0.09394,0.088,0.07381,0.1028,0.06628,0.01685,0.05187,0.03792,0.04903,0.2081,0.2115,
2.192,0.396,0.09388,0.0881,0.07389,0.1024,0.06631,0.01685,0.05299,0.0404,0.04549,0.2082,0.2115,
2.194,0.3767,0.09651,0.08829,0.074,0.1012,0.06634,0.01743,0.05246,0.04042,0.04551,0.2094,0.2085,
2.199,0.3889,0.09631,0.08795,0.074,0.101,0.06554,0.01739,0.05332,0.04702,0.04205,0.2067,0.2087,
2.195,0.369,0.096,0.08833,0.0735,0.1002,0.06339,0.01741,0.05379,0.04664,0.04209,0.2069,0.2117,
2.195,0.3724,0.09592,0.08829,0.07395,0.09905,0.06345,0.01743,0.05385,0.0467,0.04214,0.2072,0.212,
2.204,0.398,0.09849,0.0884,0.07403,0.09854,0.06275,0.04408,0.02715,0.04667,0.04211,0.2081,0.2096,
2.201,0.4017,0.09729,0.08891,0.07419,0.09877,0.06088,0.0441,0.02716,0.04757,0.04125,0.2082,0.2117,
2.201,0.3965,0.09686,0.08891,0.0744,0.09846,0.06135,0.04445,0.02644,0.0476,0.04128,0.2084,0.2119,
2.198,0.4004,0.09681,0.08853,0.07284,0.09846,0.06135,0.04445,0.02644,0.05123,0.03765,0.2084,0.2138,
2.198,0.3984,0.1024,0.08827,0.07141,0.09786,0.06014,0.04437,0.0264,0.05203,0.03671,0.2101,0.2103,
2.196,0.3966,0.1024,0.08744,0.07146,0.09727,0.05871,0.045,0.02769,0.05089,0.03625,0.2106,0.2123,
2.204,0.3927,0.1048,0.08726,0.07142,0.09706,0.05792,0.04564,0.02689,0.05185,0.04013,0.2072,0.2098,
2.203,0.4033,0.1048,0.08706,0.07165,0.09706,0.05792,0.04564,0.02689,0.05282,0.03916,0.2072,0.2098,
2.201,0.4028,0.1047,0.08701,0.07175,0.09706,0.05574,0.04564,0.02759,0.05212,0.03916,0.2072,0.212,
2.199,0.4059,0.1046,0.08681,0.07181,0.09711,0.05472,0.04507,0.02761,0.05214,0.03918,0.2073,0.2137,
2.195,0.4122,0.1083,0.08639,0.07154,0.09695,0.05306,0.045,0.02743,0.05728,0.03368,0.2091,0.2113,
2.194,0.408,0.1083,0.0865,0.06994,0.09658,0.05307,0.04502,0.02814,0.0566,0.03369,0.2091,0.213,
2.194,0.4122,0.1082,0.08657,0.07001,0.09627,0.0531,0.04504,0.02816,0.05663,0.0337,0.2092,0.2131,
2.193,0.4109,0.1082,0.08641,0.07018,0.09627,0.0531,0.04585,0.02734,0.05663,0.0337,0.2092,0.2131,
2.192,0.4024,0.1112,0.08633,0.07016,0.09617,0.05262,0.04569,0.02718,0.05965,0.03059,0.2101,0.2103,
2.195,0.4097,0.1109,0.08644,0.07015,0.09607,0.07566,0.02255,0.02716,0.05959,0.04102,0.2004,0.2101,
2.193,0.405,0.1108,0.08632,0.06896,0.09607,0.07566,0.02255,0.02716,0.05959,0.04102,0.2004,0.2115,
2.193,0.3851,0.1105,0.08593,0.06912,0.09581,0.07575,0.02346,0.02631,0.05966,0.04107,0.2007,0.2117,
2.195,0.3643,0.1152,0.08601,0.06916,0.0946,0.07577,0.02346,0.02631,0.06117,0.03958,0.2018,0.207,
2.192,0.3662,0.1151,0.086,0.06922,0.09377,0.07616,0.02303,0.0263,0.0638,0.03692,0.2027,0.207,
2.189,0.3701,0.1134,0.08584,0.06921,0.09487,0.07402,0.02299,0.02624,0.06367,0.03684,0.2044,0.2086,
2.187,0.352,0.1134,0.08566,0.06948,0.09452,0.07228,0.02299,0.02625,0.06369,0.03685,0.2045,0.2104,
2.187,0.3433,0.1131,0.08599,0.06948,0.09452,0.07207,0.02254,0.02693,0.063,0.03685,0.2045,0.2111,
2.186,0.3375,0.1131,0.08566,0.0698,0.09452,0.07141,0.02288,0.0266,0.063,0.03685,0.2045,0.2117,
2.184,0.334,0.1132,0.08577,0.06994,0.09339,0.0708,0.02301,0.02609,0.06307,0.03689,0.2047,0.2131,
2.184,0.3312,0.1131,0.08584,0.07005,0.09272,0.06976,0.02303,0.02682,0.06242,0.03693,0.2049,0.2144,
2.181,0.3168,0.113,0.0857,0.06892,0.09272,0.06976,0.02303,0.02682,0.06489,0.03446,0.2049,0.2158,
2.18,0.3282,0.1126,0.08594,0.06877,0.09276,0.06913,0.02304,0.02683,0.06492,0.03448,0.205,0.2165,
2.181,0.3226,0.1125,0.08589,0.06898,0.09276,0.06913,0.02304,0.02754,0.06421,0.03448,0.205,0.2165,
2.18,0.3212,0.1124,0.08585,0.06916,0.09236,0.06916,0.02305,0.02755,0.06477,0.03396,0.2051,0.2166,
2.182,0.3224,0.1197,0.08609,0.06714,0.09183,0.06904,0.02301,0.02819,0.06491,0.03295,0.2068,0.2104,
2.174,0.3474,0.1186,0.08567,0.06735,0.09256,0.06367,0.02249,0.02821,0.06497,0.03298,0.207,0.2165,
2.175,0.3445,0.118,0.0856,0.06748,0.09311,0.06367,0.02249,0.02941,0.06377,0.03298,0.207,0.2165,
2.177,0.3377,0.1236,0.08541,0.06788,0.09252,0.06357,0.02245,0.02936,0.06472,0.03187,0.2087,0.2099,
2.173,0.3403,0.1261,0.08519,0.06815,0.09207,0.06081,0.02297,0.02843,0.06561,0.0309,0.2096,0.2101,
2.174,0.3419,0.1259,0.08512,0.06845,0.09207,0.06081,0.02297,0.02928,0.06476,0.0309,0.2096,0.2101,
2.194,0.3301,0.1247,0.08484,0.06857,0.09298,0.06074,0.02379,0.0284,0.0647,0.04268,0.1987,0.2099,
2.195,0.3077,0.124,0.0849,0.06865,0.09361,0.06074,0.02413,0.02882,0.065,0.04163,0.1987,0.2099,
2.193,0.3028,0.1239,0.08489,0.06841,0.09211,0.06147,0.0251,0.02728,0.06564,0.04117,0.199,0.211,
2.194,0.3115,0.1269,0.08495,0.06852,0.09146,0.06148,0.02567,0.02672,0.06565,0.04117,0.2001,0.2074,
2.193,0.3086,0.1264,0.08509,0.0686,0.0915,0.05985,0.02568,0.02673,0.06568,0.04119,0.2001,0.2091,
2.192,0.3112,0.1264,0.08508,0.06867,0.09115,0.05921,0.02569,0.02674,0.0657,0.0412,0.2002,0.2099,
2.191,0.3308,0.1262,0.08491,0.06883,0.09106,0.05915,0.02566,0.02671,0.06616,0.04063,0.201,0.2097,
2.191,0.3199,0.1258,0.08473,0.06907,0.0911,0.05918,0.02567,0.02748,0.06596,0.04011,0.2011,0.2098,
2.191,0.3148,0.1289,0.08442,0.06801,0.09089,0.05908,0.0262,0.02687,0.06639,0.03952,0.2028,0.2069,
2.191,0.3219,0.1287,0.08464,0.0681,0.09053,0.0591,0.02621,0.02688,0.06642,0.03954,0.2029,0.207,
2.19,0.3212,0.1287,0.08463,0.06818,0.09019,0.05988,0.02545,0.02688,0.06643,0.03955,0.203,0.2071,
2.185,0.3281,0.1274,0.08461,0.06827,0.09137,0.05922,0.02545,0.02688,0.07321,0.03277,0.203,0.2078,
2.183,0.3385,0.1261,0.08467,0.06831,0.09266,0.05746,0.02545,0.02688,0.07321,0.03277,0.203,0.2095,
2.182,0.3457,0.1252,0.08487,0.06839,0.09261,0.0584,0.02446,0.02793,0.07394,0.03092,0.2039,0.2094,
2.181,0.3486,0.1242,0.08479,0.0684,0.09216,0.05835,0.02444,0.02843,0.07335,0.03089,0.2058,0.2093,
2.162,0.3357,0.124,0.08451,0.06852,0.09206,0.07077,0.01127,0.0284,0.07327,0.03086,0.2066,0.2097,
2.162,0.3336,0.1239,0.08461,0.06863,0.09173,0.0708,0.01128,0.02841,0.0733,0.03087,0.2067,0.2098,
2.168,0.3495,0.1236,0.08488,0.06863,0.09173,0.0708,0.01128,0.06563,0.03608,0.03087,0.2067,0.2098,
2.167,0.3523,0.1231,0.08456,0.06867,0.09131,0.07082,0.01128,0.06635,0.03539,0.03088,0.2078,0.2099,
2.165,0.3425,0.1231,0.08408,0.06872,0.09055,0.07132,0.01078,0.06636,0.03539,0.03087,0.2089,0.2099,
2.163,0.3703,0.1231,0.0841,0.06876,0.09055,0.06967,0.01078,0.06636,0.03539,0.03087,0.2089,0.2116,
2.161,0.3431,0.1204,0.08417,0.06881,0.09313,0.06703,0.01078,0.06636,0.03539,0.03087,0.2089,0.2142,
2.16,0.3494,0.1197,0.08476,0.06886,0.09313,0.0666,0.01068,0.06623,0.03669,0.02957,0.2089,0.2149,
2.159,0.3504,0.1191,0.08473,0.069,0.09369,0.06594,0.01068,0.06665,0.03679,0.02904,0.2089,0.2155,
2.159,0.3324,0.1188,0.08486,0.06909,0.0926,0.06604,0.0107,0.06677,0.03686,0.02909,0.2093,0.2159,
2.159,0.3469,0.1187,0.08488,0.0692,0.0926,0.06604,0.0107,0.06743,0.03619,0.02909,0.2093,0.2159,
2.158,0.3488,0.1169,0.08496,0.06921,0.09397,0.06543,0.01071,0.06791,0.03579,0.02896,0.2094,0.2168,
2.154,0.3534,0.1158,0.08557,0.06681,0.09386,0.06366,0.01144,0.06724,0.03581,0.02897,0.2096,0.2212,
2.154,0.3524,0.1122,0.0854,0.06698,0.09745,0.06324,0.01133,0.0671,0.03581,0.02897,0.2096,0.2219,
2.151,0.3795,0.1122,0.08518,0.06727,0.09705,0.06161,0.01133,0.06818,0.03478,0.02899,0.2097,0.2237,
2.147,0.3803,0.1112,0.08523,0.06734,0.09765,0.05888,0.01134,0.06821,0.03479,0.029,0.2098,0.2265,
2.147,0.4118,0.1113,0.0853,0.0674,0.09685,0.05893,0.01135,0.06827,0.03602,0.02783,0.21,0.2267,
2.146,0.3955,0.1112,0.08517,0.06765,0.09652,0.05897,0.01136,0.06833,0.03604,0.02769,0.2102,0.2269,
2.149,0.3803,0.1145,0.08504,0.06773,0.09605,0.05946,0.01159,0.06769,0.03605,0.0277,0.2114,0.2227,
2.155,0.3745,0.1187,0.08516,0.06769,0.09589,0.05936,0.01157,0.06758,0.03688,0.02887,0.211,0.2173,
2.155,0.372,0.1187,0.08496,0.06778,0.09573,0.05938,0.01158,0.06846,0.03605,0.02888,0.2111,0.2174,
2.144,0.379,0.1183,0.08519,0.06792,0.09573,0.05938,0.01158,0.08008,0.02443,0.02888,0.2111,0.2174,
2.144,0.3833,0.1181,0.08518,0.06818,0.09543,0.05941,0.01158,0.08054,0.02401,0.0289,0.2112,0.2175,
2.143,0.3976,0.1181,0.0847,0.06846,0.09508,0.05946,0.01159,0.08103,0.02361,0.02892,0.2114,0.2177,
2.155,0.3775,0.1208,0.08462,0.06848,0.09498,0.0594,0.01271,0.07981,0.02502,0.03149,0.2082,0.2145,
2.154,0.3811,0.1205,0.08487,0.06843,0.09431,0.05947,0.01272,0.07991,0.02504,0.03152,0.2085,0.2148,
2.156,0.3788,0.1252,0.08471,0.06858,0.0934,0.05938,0.01271,0.07981,0.02598,0.03048,0.2103,0.2095,
2.154,0.3832,0.1238,0.08477,0.06861,0.09401,0.05735,0.0133,0.07915,0.02694,0.02949,0.2113,0.2113,
2.154,0.3812,0.1238,0.08469,0.06888,0.09329,0.0574,0.01332,0.07922,0.02696,0.02952,0.2114,0.2115,
2.155,0.3772,0.1238,0.08464,0.06899,0.0929,0.05743,0.01389,0.07869,0.02697,0.02953,0.2115,0.2116,
2.175,0.3794,0.1243,0.08432,0.06896,0.09279,0.05736,0.01387,0.0786,0.03051,0.03669,0.2026,0.21,
2.175,0.3839,0.1232,0.084,0.06916,0.09342,0.05741,0.01388,0.07867,0.03053,0.03672,0.2028,0.2102,
2.174,0.3762,0.1229,0.0828,0.06932,0.09316,0.05732,0.0139,0.07875,0.03109,0.03623,0.204,0.2105,
2.174,0.4116,0.1223,0.08303,0.06942,0.0932,0.05735,0.0139,0.07879,0.03109,0.03624,0.2041,0.2106,
2.174,0.387,0.1207,0.08249,0.06903,0.09415,0.05749,0.01393,0.07899,0.0311,0.03632,0.2047,0.2111,
2.173,0.3865,0.1202,0.0828,0.06898,0.09372,0.05745,0.01392,0.07947,0.03053,0.03629,0.2056,0.211,
2.171,0.3785,0.1218,0.08257,0.06764,0.09315,0.05735,0.0139,0.07934,0.03148,0.03524,0.2073,0.2102,
2.171,0.3829,0.1201,0.0822,0.06787,0.09439,0.05732,0.01389,0.07929,0.03314,0.03353,0.2082,0.2101,
2.165,0.3797,0.1192,0.08226,0.06795,0.09368,0.06034,0.01091,0.07934,0.03315,0.03354,0.2094,0.2102,
2.164,0.3765,0.1179,0.08229,0.06837,0.09307,0.06047,0.01093,0.08057,0.03217,0.03361,0.2099,0.2107,
2.166,0.4026,0.1143,0.08245,0.06836,0.0962,0.06041,0.01153,0.07988,0.03213,0.03358,0.2107,0.2105,
2.165,0.3821,0.113,0.08249,0.06844,0.09617,0.06042,0.01153,0.07989,0.03213,0.03358,0.2118,0.2105,
2.164,0.3764,0.1128,0.08193,0.06852,0.09626,0.0598,0.01154,0.07996,0.03216,0.03361,0.212,0.2114,
2.165,0.3823,0.1111,0.08223,0.06857,0.09766,0.06026,0.01193,0.07912,0.03216,0.03361,0.212,0.2114,
2.165,0.4046,0.111,0.08216,0.0687,0.09766,0.06026,0.01193,0.07912,0.03216,0.03361,0.212,0.2114,
2.165,0.3795,0.1107,0.08207,0.06893,0.0973,0.06031,0.01194,0.0799,0.03148,0.03364,0.2122,0.2116,
2.163,0.3589,0.1102,0.08239,0.06764,0.0973,0.06031,0.01194,0.08044,0.03194,0.03264,0.2122,0.213,
2.172,0.3561,0.1133,0.08246,0.06767,0.09644,0.06029,0.01247,0.07989,0.03193,0.03661,0.2092,0.2097,
2.17,0.3541,0.1126,0.08115,0.06712,0.09612,0.06033,0.01247,0.07994,0.03194,0.03663,0.2104,0.2112,
2.171,0.3569,0.1126,0.081,0.06726,0.09612,0.06033,0.01335,0.0796,0.03141,0.03663,0.2104,0.2112,
2.17,0.359,0.1126,0.08087,0.0674,0.09612,0.06086,0.01282,0.0796,0.03239,0.03565,0.2104,0.2112,
2.167,0.3648,0.1095,0.08071,0.06755,0.09892,0.05895,0.0128,0.08005,0.03182,0.03561,0.2113,0.2129,
2.167,0.3696,0.1091,0.08045,0.0678,0.09874,0.059,0.01335,0.08038,0.03105,0.03564,0.2115,0.2131,
2.177,0.3571,0.1117,0.0803,0.06786,0.09815,0.05997,0.01226,0.08025,0.031,0.0421,0.2067,0.2097,
2.178,0.364,0.1116,0.08035,0.06795,0.0978,0.05999,0.0128,0.07974,0.03101,0.04211,0.2068,0.2098,
2.179,0.3862,0.1116,0.08021,0.06809,0.0978,0.05999,0.01333,0.07921,0.03101,0.04211,0.2068,0.2098,
2.178,0.3276,0.1116,0.08012,0.06818,0.0978,0.05999,0.01333,0.08026,0.02995,0.04211,0.2068,0.2098,
2.18,0.3308,0.1114,0.08016,0.06833,0.0978,0.05999,0.01386,0.07973,0.03111,0.04095,0.2068,0.2098,
2.179,0.3396,0.1114,0.07969,0.06837,0.0974,0.05998,0.01386,0.07971,0.03109,0.04094,0.2078,0.2098,
2.177,0.3534,0.1107,0.07929,0.06706,0.09728,0.05991,0.01437,0.07908,0.03106,0.04089,0.2096,0.2108,
2.176,0.351,0.1107,0.07935,0.06729,0.09612,0.06044,0.01394,0.07919,0.03163,0.04041,0.2099,0.2111,
2.178,0.3617,0.1105,0.07926,0.06743,0.09566,0.06048,0.01491,0.0783,0.03527,0.03684,0.2101,0.2112,
2.179,0.351,0.1104,0.0794,0.06764,0.09488,0.06054,0.01546,0.07783,0.03768,0.03449,0.2103,0.2114,
2.181,0.3598,0.1103,0.07934,0.0678,0.09488,0.06054,0.01634,0.07695,0.03768,0.03449,0.2103,0.2114,
2.18,0.3519,0.1101,0.07933,0.06777,0.09444,0.0605,0.01632,0.0769,0.0388,0.03331,0.2112,0.2113,
2.176,0.3533,0.1078,0.07941,0.06784,0.09633,0.06273,0.01413,0.07693,0.04087,0.03127,0.2113,0.2114,
2.176,0.3714,0.1068,0.07954,0.06807,0.09606,0.06281,0.01415,0.07704,0.04092,0.03132,0.2116,0.2117,
2.175,0.3663,0.1058,0.0796,0.06811,0.09703,0.06327,0.01369,0.07757,0.04164,0.03007,0.2116,0.2117,
2.176,0.3659,0.1017,0.07947,0.06808,0.1009,0.0632,0.01436,0.07681,0.04159,0.03004,0.2124,0.2115,
2.177,0.3613,0.1015,0.07958,0.06813,0.1009,0.0632,0.01524,0.07593,0.04159,0.03004,0.2124,0.2115,
2.176,0.3623,0.1014,0.07959,0.06822,0.1009,0.06253,0.01524,0.07593,0.04213,0.0295,0.2124,0.2121,
2.186,0.3645,0.1034,0.07963,0.06823,0.1005,0.06073,0.01523,0.07723,0.04079,0.03573,0.2072,0.2113,
2.184,0.3642,0.103,0.07928,0.06812,0.1003,0.06188,0.01449,0.07657,0.04072,0.03567,0.2089,0.211,
2.183,0.3538,0.1018,0.07929,0.06823,0.1012,0.06123,0.0145,0.0766,0.04074,0.03568,0.209,0.2117,
2.182,0.3557,0.1014,0.0794,0.06821,0.1011,0.06116,0.01448,0.07766,0.03956,0.03564,0.2099,0.2115,
2.18,0.3544,0.1013,0.07938,0.06833,0.09988,0.06145,0.01421,0.07768,0.03956,0.03565,0.211,0.2116,
2.179,0.361,0.1011,0.07945,0.06827,0.09943,0.06141,0.0142,0.07816,0.039,0.03562,0.2119,0.2114,
2.18,0.3631,0.1002,0.0795,0.06827,0.1003,0.06141,0.01474,0.07763,0.04056,0.03407,0.2119,0.2114,
2.18,0.3709,0.1,0.07952,0.0684,0.1003,0.06141,0.01474,0.07763,0.04109,0.03353,0.2119,0.2114,
2.178,0.3744,0.09881,0.07951,0.06843,0.1012,0.0609,0.01461,0.07855,0.04138,0.03239,0.212,0.2122,
2.181,0.3764,0.09858,0.07933,0.06855,0.1009,0.06096,0.01648,0.07677,0.04142,0.03242,0.2122,0.2124,
2.19,0.3668,0.09804,0.07924,0.06874,0.1004,0.06085,0.01644,0.07664,0.04134,0.03787,0.2084,0.212,
2.189,0.3726,0.09784,0.07944,0.06874,0.1004,0.06128,0.01602,0.07664,0.04231,0.0369,0.2084,0.212,
2.209,0.4044,0.09761,0.07963,0.06879,0.1004,0.0611,0.04469,0.0479,0.04189,0.0369,0.2084,0.2127,
2.208,0.4028,0.09738,0.07987,0.06749,0.1004,0.0611,0.04469,0.0479,0.04189,0.0369,0.2084,0.214,
2.208,0.4071,0.09699,0.08018,0.06756,0.1004,0.0611,0.04469,0.0479,0.04349,0.0353,0.2084,0.214,
2.207,0.4059,0.09685,0.08033,0.06764,0.1,0.06045,0.04471,0.04792,0.0435,0.0353,0.2085,0.2148,
2.208,0.3973,0.09955,0.08021,0.06762,0.09945,0.06035,0.04464,0.04784,0.04396,0.03471,0.2102,0.2114,
2.21,0.3994,0.09891,0.08035,0.06743,0.09876,0.06018,0.04452,0.04771,0.04691,0.03456,0.2098,0.2109,
2.209,0.4161,0.09891,0.08012,0.06766,0.09876,0.06045,0.04544,0.04651,0.0514,0.03006,0.2098,0.2109,
2.202,0.4142,0.1011,0.08019,0.0666,0.0987,0.06041,0.04584,0.06683,0.03113,0.02951,0.2107,0.2089,
2.204,0.4105,0.1027,0.08028,0.06358,0.09815,0.0592,0.04576,0.06671,0.03106,0.03272,0.2092,0.2106,
2.203,0.4184,0.1012,0.08014,0.06381,0.09899,0.05859,0.0458,0.06677,0.03109,0.03275,0.2094,0.2114,
2.202,0.3925,0.1005,0.07984,0.0643,0.09862,0.05867,0.04639,0.06712,0.03034,0.03279,0.2097,0.2117,
2.202,0.3951,0.1,0.07979,0.0645,0.09866,0.0587,0.04704,0.06653,0.03089,0.03228,0.2098,0.2118,
2.202,0.3848,0.09998,0.07982,0.06464,0.09826,0.05872,0.04706,0.06656,0.0309,0.03229,0.2099,0.2119,
2.203,0.3856,0.1039,0.07989,0.06327,0.09776,0.05869,0.04703,0.06705,0.03088,0.03174,0.2108,0.209,
2.203,0.3987,0.1032,0.07982,0.06372,0.09781,0.05914,0.04663,0.06708,0.0309,0.03175,0.2109,0.2091,
2.203,0.4053,0.1031,0.07973,0.06392,0.09781,0.05914,0.04663,0.06708,0.0309,0.03175,0.2109,0.2091,
2.202,0.3995,0.1018,0.07986,0.06397,0.09867,0.05849,0.04664,0.0671,0.0309,0.03176,0.211,0.2099,
2.205,0.4076,0.1016,0.07973,0.064,0.09856,0.05843,0.04659,0.06795,0.02995,0.03385,0.2097,0.2096,
2.202,0.419,0.1016,0.07964,0.06401,0.09827,0.05673,0.04768,0.06746,0.02944,0.03387,0.2099,0.2115,
2.182,0.4111,0.09937,0.07965,0.06403,0.09956,0.0835,0.02138,0.06691,0.03208,0.0312,0.2109,0.2114,
2.182,0.413,0.0982,0.07964,0.06423,0.1003,0.08388,0.02104,0.06693,0.03209,0.0312,0.211,0.2115,
2.193,0.4103,0.0978,0.07991,0.06428,0.09943,0.08385,0.02157,0.06716,0.03131,0.03786,0.2053,0.2115,
2.193,0.4075,0.09667,0.07967,0.06446,0.1003,0.08377,0.02155,0.06709,0.03128,0.03783,0.2061,0.2113,
2.191,0.3711,0.09528,0.0791,0.06458,0.1002,0.08374,0.02154,0.06707,0.0318,0.03728,0.2081,0.2112,
2.189,0.3745,0.09463,0.07927,0.06503,0.09914,0.08189,0.02158,0.06719,0.03238,0.03681,0.2085,0.2136,
2.191,0.3724,0.09713,0.07914,0.06511,0.09923,0.08183,0.02156,0.06714,0.03324,0.0359,0.2104,0.2093,
2.191,0.3723,0.09719,0.07899,0.06533,0.09858,0.08231,0.02158,0.06676,0.03326,0.03591,0.2106,0.2095,
2.191,0.38,0.09628,0.0788,0.06564,0.09908,0.08235,0.02159,0.06679,0.03451,0.03469,0.2107,0.2096,
2.189,0.3863,0.09562,0.07941,0.06569,0.09908,0.08306,0.02088,0.06775,0.03356,0.03469,0.2107,0.2096,
2.19,0.3897,0.09547,0.07942,0.06583,0.09908,0.08306,0.02088,0.06775,0.03356,0.03469,0.2107,0.2096,
2.189,0.3871,0.09533,0.0793,0.06612,0.09878,0.08308,0.02088,0.06777,0.03708,0.03118,0.2108,0.2097,
2.189,0.4138,0.09529,0.07927,0.06629,0.09716,0.08314,0.02143,0.06728,0.03711,0.0312,0.212,0.2098,
2.189,0.3783,0.09529,0.07927,0.06629,0.09716,0.08314,0.02143,0.06728,0.03711,0.0312,0.212,0.2098,
2.194,0.3611,0.09513,0.07924,0.06622,0.09706,0.08305,0.02141,0.06721,0.03707,0.03431,0.2097,0.2096,
2.207,0.3614,0.09361,0.07916,0.06601,0.09781,0.08279,0.02134,0.067,0.03695,0.04268,0.2037,0.2089,
2.206,0.3779,0.09325,0.07943,0.06614,0.09752,0.08282,0.02135,0.06745,0.03654,0.04269,0.2038,0.209,
2.204,0.3687,0.0931,0.07925,0.06616,0.09756,0.0811,0.02151,0.06705,0.03744,0.04183,0.2039,0.2111,
2.203,0.3838,0.09291,0.0795,0.06619,0.09718,0.08003,0.02152,0.06708,0.03745,0.04184,0.204,0.2123,
2.198,0.3696,0.09216,0.07967,0.06453,0.09703,0.08244,0.01919,0.06714,0.03748,0.04187,0.2042,0.2143,
2.197,0.3717,0.09224,0.07969,0.06463,0.09625,0.0825,0.01921,0.06762,0.03708,0.04191,0.2044,0.2145,
2.197,0.3729,0.09206,0.07978,0.0648,0.09589,0.08253,0.01921,0.06807,0.03667,0.04192,0.2044,0.2146,
2.199,0.3927,0.09712,0.07955,0.06391,0.0955,0.08137,0.01973,0.06749,0.03664,0.04189,0.2054,0.2114,
2.198,0.3963,0.09489,0.07956,0.06401,0.09639,0.08139,0.01974,0.06751,0.03665,0.0419,0.2064,0.2115,
2.198,0.3954,0.09369,0.07942,0.06433,0.09651,0.08083,0.01976,0.0676,0.0367,0.04195,0.2067,0.2125,
2.196,0.3871,0.09376,0.07939,0.06443,0.09586,0.08142,0.01924,0.06808,0.03683,0.04144,0.2069,0.2127,
2.196,0.3909,0.09369,0.07941,0.06457,0.09546,0.08146,0.01925,0.06811,0.03685,0.04146,0.207,0.2127,
2.196,0.3917,0.09305,0.07965,0.06471,0.09563,0.07968,0.02043,0.06741,0.03644,0.04149,0.2082,0.2133,
2.196,0.3908,0.0907,0.07963,0.06478,0.09766,0.07971,0.02044,0.06787,0.03602,0.0415,0.2083,0.2134,
2.195,0.3946,0.09216,0.07921,0.0651,0.09756,0.07939,0.01999,0.0678,0.03812,0.03932,0.2091,0.2123,
2.202,0.4328,0.09196,0.0793,0.06524,0.09727,0.07746,0.05861,0.03155,0.03578,0.03933,0.2092,0.2143,
2.201,0.4219,0.09179,0.07863,0.06528,0.09666,0.07679,0.05861,0.03155,0.03578,0.03933,0.2092,0.2164,
2.201,0.4245,0.09158,0.07833,0.06545,0.09671,0.07683,0.05863,0.03157,0.03696,0.03819,0.2093,0.2165,
2.2,0.4225,0.09142,0.0784,0.06563,0.09635,0.07686,0.05953,0.0307,0.03912,0.03605,0.2094,0.2166,
2.198,0.4195,0.09553,0.07814,0.06562,0.09619,0.07384,0.05999,0.03047,0.03841,0.03585,0.2111,0.2148,
2.2,0.418,0.09852,0.07825,0.06557,0.09579,0.07379,0.05995,0.03045,0.03839,0.03582,0.2121,0.2114,
2.203,0.4327,0.09809,0.07842,0.06569,0.09529,0.07308,0.05992,0.03096,0.03872,0.03716,0.2107,0.2119,
2.201,0.4191,0.09735,0.0789,0.06463,0.0946,0.07316,0.05999,0.031,0.03876,0.0372,0.211,0.2134,
2.209,0.4088,0.09867,0.07876,0.06466,0.0941,0.07396,0.05896,0.03094,0.03869,0.04175,0.2082,0.2113,
2.206,0.413,0.09814,0.07899,0.06473,0.09122,0.07396,0.05895,0.03094,0.03869,0.04175,0.2113,0.2113,
2.21,0.4043,0.1031,0.07894,0.06469,0.09072,0.07177,0.05934,0.03049,0.03867,0.04398,0.21,0.2083,
2.21,0.4017,0.1027,0.07851,0.06486,0.0908,0.07183,0.0594,0.03052,0.0387,0.04402,0.2102,0.2085,
2.208,0.4048,0.1025,0.07857,0.06495,0.08995,0.0707,0.05939,0.03051,0.03869,0.044,0.2112,0.2096,
2.21,0.3969,0.1022,0.07853,0.06498,0.08985,0.06908,0.06092,0.02889,0.03954,0.04636,0.2087,0.2109,
2.21,0.3973,0.1021,0.07844,0.06498,0.08946,0.06902,0.06088,0.03,0.04258,0.04212,0.2096,0.2108,
2.208,0.3929,0.1018,0.07854,0.06491,0.08937,0.06829,0.06081,0.02996,0.04306,0.04154,0.2105,0.2112,
2.207,0.4085,0.1016,0.07848,0.06496,0.08892,0.06824,0.06111,0.0296,0.04303,0.04151,0.2114,0.2111,
2.219,0.4116,0.1045,0.07859,0.06502,0.08988,0.06751,0.06158,0.02904,0.04299,0.04827,0.2054,0.2072,
2.217,0.3712,0.1037,0.07841,0.06324,0.08987,0.0675,0.06157,0.02904,0.04298,0.04826,0.2064,0.209,
2.213,0.3688,0.1036,0.07847,0.0605,0.08925,0.06755,0.06162,0.02986,0.04336,0.04714,0.2066,0.2121,
2.211,0.3699,0.101,0.07866,0.0607,0.09087,0.06546,0.06221,0.02988,0.04286,0.04718,0.2068,0.2144,
2.209,0.3713,0.09994,0.07839,0.05924,0.093,0.06539,0.06214,0.02985,0.04335,0.0466,0.2076,0.2145,
2.207,0.3778,0.09919,0.0786,0.05953,0.09267,0.0636,0.0622,0.03041,0.04286,0.04664,0.2078,0.2165,
2.207,0.3776,0.09909,0.07852,0.0597,0.09267,0.06414,0.062,0.03007,0.04286,0.04664,0.2078,0.2165,
2.204,0.3722,0.1021,0.07852,0.0597,0.09222,0.06292,0.06165,0.04716,0.02537,0.04661,0.2087,0.2151,
2.205,0.3734,0.1034,0.07833,0.05982,0.09212,0.06286,0.06211,0.04658,0.02535,0.04656,0.2095,0.2134,
2.203,0.3783,0.1029,0.07856,0.05988,0.09151,0.06226,0.06272,0.0461,0.02537,0.04661,0.2098,0.2143,
2.201,0.3781,0.1028,0.07848,0.05999,0.09151,0.06099,0.06256,0.04576,0.02537,0.04661,0.2098,0.2161,
2.199,0.3897,0.1054,0.07834,0.06017,0.09108,0.06095,0.06995,0.03831,0.02536,0.04658,0.2107,0.2131,
2.21,0.3913,0.108,0.07876,0.06031,0.09049,0.06086,0.07171,0.03645,0.0279,0.04987,0.2059,0.2098,
2.209,0.3907,0.1079,0.07876,0.0603,0.08972,0.06143,0.07111,0.03644,0.02789,0.04985,0.2069,0.2098,
2.209,0.4147,0.1077,0.07871,0.06035,0.08923,0.06073,0.07106,0.03783,0.03142,0.04486,0.2078,0.2103,
2.207,0.4064,0.1066,0.07882,0.06045,0.08921,0.05892,0.07139,0.03748,0.03195,0.04432,0.2088,0.2121,
2.206,0.4105,0.1059,0.07878,0.06063,0.08975,0.05826,0.07192,0.03695,0.03195,0.04432,0.2088,0.2127,
2.205,0.4062,0.1058,0.07889,0.06065,0.08946,0.05827,0.07195,0.03749,0.03143,0.04433,0.2089,0.2128,
2.205,0.405,0.1057,0.07874,0.06074,0.08924,0.0583,0.07198,0.03749,0.03143,0.04435,0.2091,0.213,
2.206,0.405,0.1079,0.07869,0.06078,0.0885,0.0583,0.07197,0.03748,0.03142,0.04434,0.2101,0.2106,
2.202,0.4051,0.1068,0.07886,0.06105,0.0879,0.05659,0.07173,0.03743,0.03135,0.04427,0.2105,0.2135,
2.203,0.4044,0.108,0.07869,0.06113,0.08827,0.05706,0.07218,0.03641,0.03222,0.04335,0.2115,0.2113,
2.199,0.4033,0.1064,0.07858,0.06123,0.08827,0.0551,0.07218,0.03641,0.03222,0.04335,0.2115,0.2148,
2.205,0.404,0.1063,0.07868,0.06128,0.08937,0.05393,0.0711,0.03768,0.03253,0.0466,0.2076,0.2149,
2.203,0.4046,0.1061,0.07893,0.05987,0.08871,0.05397,0.07116,0.03771,0.03256,0.04663,0.2078,0.2165,
2.204,0.3925,0.1061,0.07907,0.05989,0.08834,0.05452,0.07066,0.03772,0.0349,0.04431,0.2079,0.2166,
2.204,0.3853,0.1067,0.07892,0.06023,0.08749,0.05451,0.07064,0.03842,0.03418,0.0443,0.2089,0.2156,
2.204,0.3834,0.1067,0.07892,0.06034,0.08711,0.05507,0.07014,0.03844,0.0342,0.04432,0.209,0.2157,
2.205,0.394,0.1092,0.07899,0.06036,0.08663,0.05503,0.07074,0.03777,0.03471,0.04376,0.2099,0.2129,
2.208,0.3824,0.1138,0.07879,0.06066,0.08622,0.05502,0.07073,0.03776,0.03598,0.04245,0.2109,0.2077,
2.208,0.3865,0.1136,0.07873,0.06091,0.08622,0.05502,0.07073,0.03847,0.03527,0.04245,0.2109,0.2077,
2.216,0.3844,0.1133,0.07869,0.06101,0.08613,0.05557,0.07004,0.03843,0.03794,0.045,0.2065,0.2074,
2.216,0.3798,0.1132,0.07864,0.06109,0.08613,0.05557,0.07004,0.03843,0.03794,0.045,0.2065,0.2074,
2.214,0.3835,0.1083,0.0786,0.06117,0.09105,0.05322,0.0703,0.0379,0.03794,0.045,0.2065,0.2101,
2.213,0.3922,0.108,0.07834,0.06127,0.09024,0.05323,0.07032,0.03875,0.0371,0.04501,0.2076,0.2101,
2.212,0.3827,0.1076,0.07802,0.06155,0.08983,0.05322,0.07031,0.03873,0.03709,0.045,0.2086,0.2101,
2.211,0.3863,0.1076,0.07791,0.06173,0.08943,0.05351,0.07129,0.03752,0.03711,0.04502,0.2087,0.2102,
2.202,0.3962,0.1074,0.0779,0.06111,0.08893,0.05171,0.07125,0.05184,0.02274,0.04499,0.2096,0.2125,
2.2,0.3918,0.109,0.0778,0.06117,0.08826,0.04974,0.07236,0.05081,0.02404,0.04373,0.2108,0.2123,
2.197,0.3942,0.1088,0.07782,0.06131,0.08826,0.04819,0.07236,0.05135,0.0235,0.04373,0.2108,0.2139,
2.198,0.3961,0.1089,0.07768,0.06149,0.088,0.04916,0.07139,0.05133,0.02438,0.04284,0.2109,0.214,
2.199,0.3998,0.1039,0.07768,0.06154,0.09259,0.04971,0.07089,0.05136,0.02438,0.04285,0.211,0.2141,
2.199,0.4014,0.1038,0.07787,0.0616,0.09224,0.04972,0.07194,0.05035,0.02503,0.04222,0.2111,0.2142,
2.197,0.4042,0.1036,0.07793,0.06169,0.09224,0.04861,0.07194,0.05035,0.02556,0.04169,0.2111,0.2153,
2.196,0.4023,0.1036,0.07776,0.06194,0.09188,0.04818,0.0711,0.05037,0.02616,0.04112,0.2112,0.2167,
2.212,0.3957,0.1047,0.07771,0.06205,0.09178,0.04813,0.07102,0.05032,0.02667,0.05025,0.2023,0.215,
2.214,0.4082,0.1078,0.07782,0.06228,0.09097,0.04864,0.07048,0.0503,0.02719,0.0497,0.2033,0.2115,
2.214,0.391,0.1078,0.07782,0.06242,0.0906,0.04866,0.07051,0.05032,0.0272,0.04973,0.2034,0.2116,
2.212,0.3962,0.1077,0.0777,0.06272,0.08986,0.04759,0.07057,0.05037,0.02722,0.04977,0.2035,0.2129,
2.213,0.3961,0.1088,0.07775,0.06308,0.08779,0.04765,0.07066,0.05043,0.0285,0.04858,0.2048,0.2119,
2.213,0.3935,0.1099,0.0775,0.06324,0.08846,0.04694,0.07058,0.05038,0.02847,0.04853,0.2056,0.2103,
2.21,0.4094,0.1097,0.07727,0.06197,0.08801,0.0469,0.07054,0.05034,0.02845,0.0485,0.2065,0.2118,
2.211,0.4019,0.1056,0.07716,0.06195,0.09192,0.04692,0.07057,0.05036,0.029,0.04799,0.2066,0.2119,
2.212,0.4058,0.1102,0.07722,0.06198,0.09147,0.04632,0.07,0.05087,0.02845,0.04796,0.2075,0.208,
2.212,0.4069,0.1102,0.07719,0.06207,0.09111,0.04634,0.07003,0.05089,0.02846,0.04798,0.2076,0.2081,
2.211,0.3924,0.1096,0.07705,0.06226,0.09105,0.04702,0.06927,0.05086,0.02844,0.04795,0.2085,0.208,
2.208,0.3964,0.1072,0.07689,0.06252,0.09079,0.04594,0.07047,0.04976,0.02846,0.04798,0.2087,0.2113,
2.206,0.3977,0.106,0.077,0.06257,0.09045,0.0459,0.06944,0.04977,0.02847,0.048,0.2088,0.2136,
2.206,0.3982,0.1076,0.0769,0.06265,0.09036,0.04518,0.06936,0.04972,0.02929,0.04709,0.2096,0.2122,
2.206,0.408,0.1073,0.0771,0.06273,0.09036,0.04518,0.06936,0.04972,0.02929,0.04709,0.2096,0.2122,
2.203,0.4322,0.1072,0.07679,0.06313,0.09036,0.04318,0.07046,0.04862,0.03054,0.04585,0.2096,0.2142,
2.203,0.4128,0.1081,0.07682,0.06311,0.08965,0.04316,0.07042,0.04858,0.0319,0.04443,0.2107,0.2131,
2.203,0.4223,0.1071,0.07683,0.0633,0.09023,0.04317,0.07112,0.04845,0.03138,0.04444,0.2108,0.2132,
2.202,0.4179,0.102,0.07682,0.06339,0.09524,0.04206,0.07112,0.04845,0.03264,0.04318,0.2108,0.2143,
2.202,0.4202,0.103,0.07678,0.06336,0.09591,0.04093,0.07161,0.04789,0.03347,0.0423,0.2117,0.2131,
2.198,0.4271,0.1011,0.07674,0.06354,0.09761,0.03893,0.07161,0.04789,0.03347,0.0423,0.2117,0.2151,
2.22,0.4116,0.1018,0.07666,0.06361,0.09768,0.03891,0.07158,0.04787,0.03345,0.05728,0.1977,0.2135,
2.218,0.4136,0.0975,0.07677,0.06245,0.1012,0.03891,0.07158,0.04886,0.03246,0.05728,0.1977,0.2153,
2.218,0.4415,0.0971,0.07667,0.06261,0.1013,0.03893,0.07161,0.04889,0.03333,0.05645,0.1978,0.2154,
2.219,0.4307,0.09714,0.07664,0.06269,0.1009,0.03894,0.07217,0.0489,0.03432,0.05496,0.1979,0.2155,
2.214,0.4478,0.09825,0.07649,0.06134,0.09978,0.07678,0.03433,0.04891,0.03431,0.05496,0.1989,0.2159,
2.214,0.4342,0.09778,0.07689,0.06143,0.09978,0.07678,0.03433,0.04934,0.03513,0.05372,0.1989,0.2159,
2.215,0.4386,0.1038,0.07682,0.06139,0.09918,0.07311,0.03427,0.04926,0.03813,0.05058,0.2006,0.2128,
2.213,0.4242,0.1059,0.07675,0.0615,0.09874,0.06974,0.03425,0.04922,0.03984,0.04881,0.2015,0.2138,
2.213,0.4191,0.1099,0.07658,0.06151,0.0978,0.06855,0.03421,0.05019,0.03931,0.04822,0.2033,0.2105,
2.213,0.4197,0.1093,0.07677,0.06159,0.09785,0.06907,0.0337,0.05021,0.03932,0.04824,0.2034,0.2106,
2.211,0.4224,0.1107,0.07661,0.06166,0.09775,0.06723,0.03366,0.05016,0.04014,0.04734,0.2042,0.2106,
2.21,0.4193,0.1103,0.07691,0.06098,0.09696,0.06721,0.03364,0.05014,0.04065,0.04678,0.2052,0.2113,
2.209,0.4224,0.1087,0.07672,0.06108,0.09803,0.0677,0.03309,0.05064,0.0401,0.04676,0.2061,0.2111,
2.207,0.4258,0.1063,0.07679,0.06119,0.09975,0.06609,0.0331,0.05067,0.04118,0.04572,0.2063,0.213,
2.206,0.4244,0.1062,0.07674,0.06131,0.09941,0.0649,0.03311,0.05111,0.04077,0.04574,0.2064,0.2143,
