entropy,entropyInd,RabA,RabB,RabC,RabD,RabE,RabF,RabG,RabH,RabI,xER,xPM,
2.178,0.3355,0.106,0.0907,0.0685,0.1252,0.05449,0.03938,0.03062,0.03407,0.03502,0.2066,0.2094,
2.177,0.3342,0.1077,0.09065,0.06845,0.1247,0.05395,0.03923,0.03044,0.03404,0.035,0.2076,0.2083,
2.177,0.3439,0.1105,0.09059,0.0684,0.1242,0.05282,0.0392,0.03042,0.03402,0.03497,0.2085,0.2064,
2.175,0.3433,0.1102,0.09053,0.0684,0.1242,0.05131,0.03922,0.03043,0.03403,0.03499,0.2086,0.2081,
2.171,0.3263,0.1096,0.09033,0.0684,0.1239,0.0493,0.03923,0.03043,0.03404,0.03499,0.2097,0.2101,
2.17,0.3248,0.1095,0.09023,0.06831,0.1239,0.04879,0.03911,0.03045,0.03405,0.035,0.2098,0.2109,
2.17,0.3257,0.1089,0.09032,0.06824,0.1237,0.04885,0.03916,0.03048,0.0341,0.03505,0.21,0.2112,
2.188,0.3249,0.1098,0.09026,0.0682,0.1232,0.04882,0.03913,0.03046,0.03407,0.04595,0.2,0.21,
2.188,0.3214,0.1098,0.09026,0.0682,0.1232,0.04882,0.03913,0.03046,0.03407,0.04595,0.2,0.21,
2.189,0.3217,0.1122,0.09021,0.06816,0.1227,0.04878,0.03911,0.03044,0.03405,0.04591,0.2009,0.2075,
2.186,0.3152,0.1121,0.09015,0.06812,0.1223,0.04766,0.03908,0.03042,0.03402,0.04588,0.2018,0.2085,
2.186,0.3152,0.1121,0.09019,0.06815,0.1219,0.04768,0.03909,0.03042,0.03403,0.04589,0.2019,0.2086,
2.184,0.3294,0.1121,0.09019,0.06815,0.1219,0.04612,0.03909,0.03042,0.03403,0.04589,0.2019,0.2101,
2.185,0.3239,0.1143,0.08988,0.06808,0.1217,0.04609,0.03907,0.03041,0.03401,0.04587,0.2028,0.2078,
2.185,0.3176,0.1143,0.08949,0.06815,0.1212,0.04615,0.03912,0.03044,0.03405,0.04592,0.2031,0.2081,
2.181,0.3198,0.1144,0.08953,0.06817,0.1208,0.04421,0.03903,0.03032,0.03406,0.04593,0.2031,0.2104,
2.178,0.3049,0.1144,0.08953,0.06817,0.1208,0.04201,0.03903,0.03032,0.03406,0.04593,0.2031,0.2126,
2.178,0.3048,0.1144,0.08956,0.0682,0.1205,0.04202,0.03905,0.03033,0.03408,0.04595,0.2032,0.2127,
2.176,0.3066,0.1144,0.08956,0.0682,0.1205,0.0407,0.03905,0.03033,0.03408,0.04595,0.2032,0.214,
2.173,0.3284,0.1161,0.08922,0.06819,0.1201,0.03871,0.03903,0.03032,0.03406,0.04593,0.2042,0.2141,
2.173,0.3065,0.1161,0.08922,0.06819,0.1201,0.03871,0.03903,0.03032,0.03406,0.04593,0.2042,0.2141,
2.172,0.3096,0.1155,0.08913,0.06784,0.1201,0.03871,0.03903,0.03032,0.03406,0.04593,0.2042,0.2152,
2.17,0.3147,0.1174,0.08899,0.0659,0.1193,0.03872,0.03904,0.03032,0.03407,0.04594,0.2053,0.2151,
2.17,0.3124,0.1178,0.0889,0.06583,0.1191,0.03868,0.039,0.03028,0.03403,0.04589,0.2061,0.2143,
2.17,0.3118,0.1179,0.08894,0.06586,0.1188,0.03868,0.03901,0.0303,0.03404,0.0459,0.2062,0.2144,
2.17,0.3118,0.1179,0.08894,0.06586,0.1188,0.03868,0.03901,0.0303,0.03404,0.0459,0.2062,0.2144,
2.17,0.3103,0.1192,0.08885,0.06579,0.1187,0.03864,0.03897,0.03026,0.03401,0.04585,0.207,0.2127,
2.169,0.3155,0.1192,0.08885,0.06579,0.1187,0.03798,0.03897,0.03026,0.03401,0.04585,0.207,0.2133,
2.169,0.3571,0.1192,0.08885,0.06579,0.1187,0.03798,0.03897,0.03026,0.03401,0.04585,0.207,0.2133,
2.166,0.308,0.1191,0.08875,0.06586,0.118,0.03648,0.03902,0.0303,0.03405,0.0459,0.2073,0.2152,
2.166,0.309,0.12,0.08784,0.06601,0.1162,0.03657,0.03911,0.03036,0.03412,0.04599,0.2089,0.2149,
2.168,0.3156,0.1218,0.08776,0.06606,0.1171,0.037,0.03864,0.03123,0.03471,0.04447,0.2098,0.2115,
2.162,0.3241,0.1217,0.08761,0.06633,0.1171,0.05338,0.0226,0.03195,0.03516,0.04297,0.2098,0.2115,
2.162,0.3268,0.1212,0.08759,0.06652,0.1171,0.0534,0.02261,0.03196,0.03605,0.04211,0.2099,0.2116,
2.162,0.3507,0.1205,0.088,0.06669,0.1166,0.05388,0.02211,0.03242,0.03567,0.04215,0.2101,0.2118,
2.162,0.3233,0.1184,0.08827,0.06681,0.1178,0.05393,0.02212,0.03244,0.0357,0.04219,0.2103,0.212,
2.169,0.3385,0.1205,0.08815,0.06682,0.1177,0.05304,0.02183,0.03364,0.03831,0.04299,0.2064,0.2106,
2.169,0.3381,0.1206,0.08804,0.06698,0.1174,0.05306,0.02183,0.03464,0.03892,0.0414,0.2065,0.2107,
2.169,0.3352,0.1207,0.08801,0.06729,0.1159,0.05313,0.02187,0.03469,0.03996,0.0405,0.2069,0.2111,
2.168,0.3414,0.1181,0.08819,0.06741,0.1173,0.0541,0.02088,0.03467,0.04091,0.0395,0.2079,0.211,
2.168,0.3453,0.1177,0.08827,0.06748,0.1172,0.05405,0.02186,0.03363,0.04087,0.03946,0.2087,0.2108,
2.167,0.3469,0.1162,0.08833,0.06734,0.118,0.05394,0.02181,0.03356,0.04375,0.03641,0.2104,0.2104,
2.166,0.339,0.116,0.08836,0.06746,0.118,0.05394,0.02181,0.03356,0.04428,0.03588,0.2104,0.2104,
2.172,0.3312,0.1147,0.08833,0.06742,0.119,0.05322,0.02179,0.03353,0.04423,0.04026,0.2068,0.2108,
2.173,0.329,0.1142,0.0887,0.06753,0.1187,0.05324,0.0218,0.03354,0.04425,0.04028,0.2069,0.2109,
2.174,0.3312,0.1177,0.08871,0.06768,0.118,0.05323,0.0218,0.03354,0.04425,0.04029,0.208,0.2069,
2.174,0.3388,0.1155,0.08833,0.06797,0.1198,0.05328,0.02181,0.03356,0.04428,0.04031,0.2081,0.2071,
2.172,0.3383,0.1152,0.08822,0.06809,0.1196,0.05309,0.02126,0.03353,0.04424,0.04026,0.209,0.2075,
2.177,0.3426,0.1147,0.08774,0.06817,0.1195,0.05328,0.02096,0.03347,0.04469,0.0433,0.2071,0.2072,
2.175,0.3417,0.1145,0.08769,0.06758,0.119,0.05323,0.02094,0.03345,0.04466,0.04328,0.208,0.2077,
2.175,0.3403,0.1141,0.08764,0.06771,0.119,0.05325,0.02095,0.03346,0.04468,0.04329,0.2081,0.2078,
2.172,0.3606,0.1135,0.08786,0.06783,0.1189,0.05319,0.03833,0.01603,0.04616,0.04172,0.2089,0.2076,
2.172,0.3616,0.1132,0.08786,0.06827,0.1182,0.05324,0.03835,0.01603,0.04619,0.04174,0.2091,0.2078,
2.171,0.3656,0.113,0.08796,0.06834,0.1182,0.05324,0.03888,0.01551,0.04619,0.04174,0.2091,0.2078,
2.171,0.3656,0.1128,0.08826,0.06839,0.1179,0.05258,0.03889,0.01642,0.04678,0.04026,0.2092,0.2085,
2.17,0.3729,0.1121,0.08884,0.06852,0.1179,0.05117,0.03889,0.01642,0.04678,0.04026,0.2092,0.2099,
2.17,0.3704,0.1121,0.08883,0.0686,0.1176,0.05119,0.03891,0.01643,0.04733,0.03975,0.2093,0.21,
2.17,0.3789,0.1103,0.08877,0.06866,0.1188,0.05143,0.03932,0.01571,0.04826,0.04028,0.2087,0.2099,
2.168,0.3851,0.1113,0.08804,0.06674,0.1184,0.05142,0.03932,0.0157,0.04827,0.04029,0.2098,0.2107,
2.168,0.3798,0.1112,0.08816,0.06681,0.1181,0.05144,0.03934,0.01571,0.04829,0.04031,0.2099,0.2108,
2.168,0.3955,0.1111,0.08805,0.06704,0.1181,0.05144,0.03934,0.01571,0.04829,0.04031,0.2099,0.2108,
2.169,0.3788,0.1111,0.08782,0.06736,0.1177,0.05147,0.03935,0.01624,0.04778,0.04032,0.2099,0.2109,
2.176,0.38,0.1137,0.08785,0.06753,0.1181,0.0633,0.02746,0.01623,0.05435,0.0419,0.2027,0.2069,
2.174,0.382,0.1129,0.08774,0.06698,0.1173,0.06324,0.02744,0.01621,0.0543,0.04187,0.2045,0.2074,
2.182,0.3794,0.1129,0.08774,0.06711,0.1167,0.0629,0.02806,0.02597,0.0437,0.04191,0.2047,0.2083,
2.182,0.37,0.1109,0.08787,0.06731,0.1181,0.06293,0.02808,0.0264,0.04505,0.04017,0.2048,0.2084,
2.181,0.3702,0.1088,0.08817,0.0674,0.1195,0.0623,0.02809,0.02641,0.04507,0.04018,0.2049,0.2091,
2.176,0.3571,0.1083,0.08816,0.0662,0.1189,0.05998,0.02838,0.02602,0.04499,0.04011,0.2066,0.2123,
2.174,0.3568,0.11,0.0882,0.06615,0.1185,0.05893,0.02783,0.02642,0.04454,0.04009,0.2075,0.2118,
2.171,0.3647,0.1095,0.08824,0.06638,0.1182,0.0559,0.02785,0.02645,0.04458,0.04013,0.2077,0.2151,
2.173,0.3692,0.1136,0.08822,0.0663,0.118,0.0558,0.02781,0.02711,0.0438,0.04006,0.2095,0.2099,
2.193,0.355,0.1131,0.08813,0.06622,0.1184,0.05571,0.02776,0.02705,0.04373,0.05401,0.1971,0.2087,
2.189,0.3739,0.1129,0.08769,0.0664,0.1178,0.05339,0.0278,0.02709,0.04432,0.05358,0.1975,0.2115,
2.19,0.357,0.1128,0.08785,0.06656,0.1171,0.05344,0.02965,0.02599,0.04365,0.05362,0.1977,0.2117,
2.191,0.3639,0.1151,0.08787,0.06674,0.1166,0.05341,0.02964,0.02597,0.04363,0.05359,0.1985,0.209,
2.19,0.3569,0.1154,0.08776,0.06693,0.1177,0.05161,0.0305,0.02549,0.04467,0.05207,0.1994,0.2085,
2.19,0.3734,0.115,0.08747,0.0672,0.117,0.0517,0.03055,0.02553,0.04475,0.05214,0.1998,0.2088,
2.188,0.3659,0.1148,0.0874,0.06735,0.1165,0.05057,0.03053,0.02551,0.04472,0.05211,0.2007,0.2098,
2.186,0.3533,0.1141,0.08761,0.06725,0.1154,0.05045,0.03046,0.02546,0.04462,0.052,0.2032,0.2094,
2.186,0.3657,0.1143,0.08759,0.06768,0.1136,0.05055,0.03052,0.0255,0.04708,0.04974,0.2037,0.2098,
2.185,0.3471,0.1136,0.08734,0.06775,0.115,0.04981,0.03048,0.02546,0.05072,0.04594,0.2054,0.2085,
2.184,0.3522,0.1136,0.08709,0.06805,0.115,0.04871,0.03048,0.02546,0.05072,0.04594,0.2054,0.2096,
2.184,0.3495,0.1127,0.08765,0.06808,0.1151,0.04874,0.03049,0.02547,0.05074,0.04596,0.2055,0.2097,
2.188,0.3528,0.1125,0.08758,0.06832,0.1151,0.04874,0.03049,0.03453,0.04221,0.04543,0.2055,0.2097,
2.187,0.3587,0.1122,0.08768,0.06838,0.1142,0.04872,0.03048,0.03452,0.0422,0.04543,0.2065,0.2096,
2.187,0.3616,0.1123,0.08764,0.06847,0.1139,0.04874,0.03049,0.03453,0.0452,0.04246,0.2066,0.2097,
2.186,0.3545,0.1122,0.08786,0.06852,0.1132,0.04769,0.03051,0.03455,0.04523,0.04249,0.2068,0.211,
2.183,0.3605,0.1138,0.08779,0.06861,0.1118,0.04567,0.03049,0.03452,0.04602,0.04162,0.2087,0.211,
2.182,0.3561,0.1174,0.08781,0.06859,0.1114,0.04524,0.02976,0.03449,0.04599,0.0416,0.2096,0.2082,
2.188,0.3564,0.1171,0.08797,0.06865,0.1106,0.04565,0.02932,0.03517,0.04526,0.04577,0.2064,0.2082,
2.188,0.361,0.1169,0.08798,0.06876,0.1098,0.04571,0.02936,0.03521,0.04532,0.04583,0.2067,0.2084,
2.186,0.3615,0.1136,0.08764,0.06878,0.1122,0.04557,0.02927,0.03511,0.04518,0.04569,0.2092,0.2078,
2.186,0.3665,0.1132,0.08762,0.06897,0.112,0.0456,0.02929,0.03513,0.04679,0.04415,0.2093,0.208,
2.186,0.3672,0.113,0.08741,0.06905,0.112,0.04562,0.0293,0.03514,0.04681,0.04417,0.2094,0.2081,
2.183,0.3692,0.1128,0.08752,0.06912,0.112,0.04367,0.02917,0.03514,0.04681,0.04417,0.2094,0.2102,
2.183,0.3712,0.1122,0.08736,0.06937,0.1117,0.04373,0.02921,0.03519,0.0474,0.0437,0.2097,0.2104,
2.193,0.3693,0.1134,0.08699,0.06951,0.1114,0.04264,0.0292,0.03572,0.0474,0.0506,0.2034,0.2097,
2.193,0.3711,0.1131,0.08729,0.06963,0.111,0.04266,0.02978,0.03517,0.05127,0.04676,0.2035,0.2098,
2.194,0.3777,0.1104,0.08733,0.06983,0.1126,0.04272,0.02982,0.03662,0.04993,0.04682,0.2038,0.2101,
2.192,0.3923,0.11,0.08739,0.06996,0.1125,0.04338,0.0397,0.02668,0.0497,0.04625,0.2046,0.2099,
2.191,0.3874,0.1081,0.0876,0.06998,0.1139,0.04273,0.03971,0.02668,0.04971,0.04627,0.2047,0.2106,
2.191,0.3795,0.1072,0.088,0.07008,0.1141,0.04275,0.03972,0.02669,0.04973,0.04629,0.2048,0.2107,
2.192,0.3726,0.1095,0.08744,0.07007,0.1139,0.04268,0.03966,0.02717,0.04965,0.04568,0.2065,0.2077,
2.191,0.3732,0.1094,0.08713,0.07026,0.1138,0.04264,0.03962,0.02714,0.0496,0.04564,0.2073,0.2075,
2.19,0.3915,0.1094,0.08705,0.07035,0.1138,0.04264,0.03962,0.02792,0.05531,0.03916,0.2073,0.2075,
2.191,0.3795,0.1089,0.08737,0.07052,0.1138,0.04264,0.03962,0.02792,0.05531,0.03916,0.2073,0.2075,
2.191,0.3811,0.1085,0.08772,0.07057,0.1138,0.04264,0.03962,0.02792,0.05531,0.03916,0.2073,0.2075,
2.19,0.4149,0.1079,0.08786,0.07078,0.1125,0.04267,0.03965,0.02794,0.05535,0.03918,0.2085,0.2077,
2.189,0.3917,0.107,0.08687,0.07091,0.1123,0.04274,0.03971,0.02798,0.05544,0.03925,0.2099,0.208,
2.188,0.3913,0.1025,0.08651,0.07083,0.1164,0.0428,0.03975,0.02801,0.05691,0.03789,0.2101,0.2083,
2.186,0.3901,0.1025,0.08649,0.07103,0.1154,0.0413,0.0398,0.02803,0.05698,0.03792,0.2104,0.2101,
2.185,0.3937,0.1023,0.08674,0.0711,0.1148,0.04133,0.03983,0.02859,0.05871,0.03575,0.2106,0.2103,
2.193,0.3906,0.1021,0.08671,0.07119,0.114,0.03934,0.03981,0.02857,0.0616,0.04043,0.204,0.2122,
2.191,0.3944,0.1018,0.08705,0.07119,0.114,0.03823,0.03981,0.02857,0.0616,0.04043,0.204,0.2133,
2.191,0.4021,0.1021,0.08744,0.07123,0.1145,0.03756,0.03981,0.02898,0.06169,0.0399,0.205,0.2118,
2.19,0.3983,0.1007,0.08727,0.07141,0.1159,0.03756,0.04015,0.02864,0.06257,0.03901,0.205,0.2118,
2.189,0.3951,0.1016,0.08669,0.0712,0.1156,0.03743,0.04004,0.02856,0.06294,0.03838,0.2075,0.21,
2.181,0.4168,0.1016,0.08672,0.07124,0.1156,0.03407,0.04004,0.02856,0.06642,0.0349,0.2075,0.2134,
2.181,0.3954,0.1012,0.0866,0.07134,0.1156,0.03409,0.04062,0.02844,0.06602,0.03492,0.2076,0.2135,
2.183,0.3927,0.104,0.08677,0.07153,0.1143,0.03411,0.04066,0.02845,0.06608,0.03495,0.2099,0.2092,
2.182,0.3954,0.1037,0.08704,0.07162,0.114,0.03346,0.04066,0.02887,0.06567,0.03496,0.21,0.21,
2.181,0.3972,0.1017,0.08673,0.07207,0.1154,0.03349,0.04127,0.02833,0.06573,0.03498,0.2102,0.2102,
2.181,0.3934,0.1013,0.08682,0.07234,0.1154,0.03349,0.04127,0.02833,0.06626,0.03445,0.2102,0.2102,
2.18,0.3983,0.1012,0.08669,0.0726,0.1154,0.03283,0.04127,0.02833,0.06626,0.03445,0.2102,0.2108,
2.179,0.403,0.101,0.08688,0.0726,0.1154,0.03283,0.04127,0.02833,0.06714,0.03357,0.2102,0.2108,
2.192,0.3633,0.09928,0.08731,0.07259,0.116,0.0328,0.04124,0.02873,0.06667,0.04097,0.2037,0.2107,
2.193,0.3637,0.1024,0.08736,0.07259,0.1152,0.03215,0.04125,0.02927,0.06616,0.04098,0.2048,0.2079,
2.192,0.3663,0.1019,0.08626,0.0727,0.1149,0.03216,0.04182,0.02876,0.06623,0.04103,0.206,0.2082,
2.187,0.3809,0.09874,0.08623,0.0729,0.1176,0.0497,0.02432,0.02878,0.06626,0.04104,0.2061,0.2083,
2.187,0.378,0.09844,0.08628,0.07323,0.1173,0.05025,0.02379,0.02878,0.06628,0.04106,0.2062,0.2084,
2.186,0.3929,0.09795,0.08627,0.07333,0.1168,0.0511,0.02355,0.02815,0.06627,0.04104,0.2072,0.2083,
2.186,0.3833,0.09788,0.08634,0.07333,0.1168,0.0511,0.02355,0.02857,0.06726,0.03963,0.2072,0.2083,
2.184,0.3974,0.09697,0.08635,0.07346,0.117,0.05101,0.02304,0.02902,0.06689,0.03966,0.2074,0.2092,
2.185,0.3842,0.09684,0.0864,0.07371,0.116,0.05108,0.02307,0.02906,0.06698,0.03971,0.2077,0.2095,
2.183,0.3858,0.09622,0.08584,0.07359,0.115,0.05101,0.02303,0.02955,0.06636,0.03966,0.2105,0.2092,
2.189,0.3927,0.09597,0.08525,0.07364,0.1145,0.05095,0.02342,0.02908,0.06821,0.04319,0.2068,0.2089,
2.187,0.3791,0.09576,0.08502,0.07375,0.1146,0.05097,0.03554,0.01741,0.06782,0.04321,0.2069,0.209,
2.189,0.4001,0.09561,0.08519,0.07395,0.1138,0.05101,0.03557,0.01909,0.06719,0.04227,0.2071,0.2092,
2.186,0.387,0.09408,0.08509,0.07407,0.1145,0.04908,0.03562,0.01912,0.06728,0.04233,0.2074,0.2115,
2.184,0.3914,0.09433,0.08442,0.07428,0.114,0.0484,0.0356,0.01911,0.06725,0.04231,0.2094,0.2109,
2.18,0.401,0.09415,0.08425,0.07462,0.114,0.0484,0.0356,0.01911,0.07369,0.03587,0.2094,0.2109,
2.178,0.3924,0.09376,0.08439,0.07462,0.1139,0.04877,0.03514,0.01909,0.07566,0.03379,0.2102,0.2107,
2.177,0.3929,0.09379,0.08438,0.07469,0.1135,0.04813,0.03515,0.01909,0.07569,0.0338,0.2103,0.2114,
2.176,0.3942,0.0938,0.08445,0.07488,0.1124,0.04864,0.03474,0.0191,0.07631,0.03331,0.2106,0.2117,
2.176,0.359,0.09371,0.08459,0.07499,0.1117,0.04868,0.03476,0.01911,0.07691,0.0328,0.2108,0.2119,
2.175,0.3615,0.09209,0.08451,0.07508,0.1127,0.04865,0.03474,0.0191,0.07686,0.03278,0.2117,0.2118,
2.174,0.3605,0.09193,0.08463,0.07512,0.1127,0.05096,0.03243,0.0191,0.07686,0.03278,0.2117,0.2118,
2.175,0.3637,0.09192,0.08479,0.07518,0.1119,0.051,0.03246,0.01954,0.0765,0.03281,0.2119,0.212,
2.174,0.3657,0.09125,0.08512,0.07519,0.112,0.05102,0.03282,0.0202,0.07785,0.03051,0.212,0.2121,
2.175,0.3578,0.08894,0.0851,0.07527,0.1133,0.051,0.03281,0.0202,0.07881,0.03107,0.2115,0.212,
2.173,0.3541,0.0885,0.08554,0.07536,0.113,0.05089,0.03229,0.0202,0.07884,0.03107,0.2116,0.2128,
2.169,0.3512,0.08907,0.08537,0.07388,0.1125,0.06288,0.02026,0.02019,0.0798,0.03437,0.2083,0.2133,
2.172,0.3377,0.09461,0.08536,0.07382,0.1125,0.06285,0.02024,0.02018,0.08127,0.03284,0.2092,0.2071,
2.168,0.3404,0.09344,0.08543,0.07389,0.1116,0.06004,0.02023,0.02015,0.08122,0.03282,0.2113,0.2099,
2.181,0.3429,0.09292,0.08526,0.07368,0.1116,0.05847,0.02022,0.02015,0.08121,0.04262,0.2025,0.2114,
2.181,0.3538,0.09277,0.08498,0.07386,0.1115,0.05841,0.0202,0.02013,0.08113,0.04258,0.2033,0.2112,
2.175,0.3515,0.09212,0.08531,0.07393,0.1112,0.05716,0.02482,0.015,0.08351,0.0403,0.2035,0.2132,
2.171,0.3345,0.09212,0.08513,0.07411,0.1112,0.05703,0.0234,0.015,0.08466,0.03915,0.2035,0.2147,
2.17,0.3374,0.09193,0.08493,0.07417,0.1112,0.05622,0.02348,0.0152,0.08417,0.03916,0.2036,0.2159,
2.17,0.3279,0.09154,0.08483,0.07475,0.1109,0.05557,0.02349,0.01573,0.08367,0.03918,0.2037,0.2167,
2.172,0.3268,0.09737,0.08478,0.07471,0.1108,0.05396,0.02415,0.01503,0.08358,0.03914,0.2045,0.212,
2.168,0.3291,0.09674,0.08517,0.07474,0.1107,0.05132,0.0245,0.0147,0.08362,0.03916,0.2046,0.2148,
2.168,0.3391,0.09542,0.08489,0.07483,0.1117,0.05093,0.02441,0.01554,0.08273,0.03919,0.2047,0.2157,
2.167,0.3423,0.09838,0.08476,0.07495,0.1116,0.05087,0.02496,0.01495,0.08595,0.03585,0.2055,0.2122,
2.167,0.34,0.09828,0.08487,0.07391,0.1112,0.05089,0.02496,0.01615,0.08585,0.03479,0.2056,0.2134,
2.169,0.3616,0.1011,0.08441,0.07436,0.1114,0.05021,0.02495,0.01656,0.0854,0.03478,0.2066,0.2102,
2.168,0.3475,0.09948,0.08451,0.07454,0.1118,0.05021,0.02493,0.01654,0.08537,0.03478,0.2076,0.2102,
2.165,0.3202,0.09937,0.08421,0.07468,0.1117,0.04846,0.02477,0.01652,0.08528,0.03474,0.2085,0.2118,
2.164,0.3528,0.09876,0.08443,0.07474,0.1118,0.04901,0.02425,0.01653,0.08585,0.03422,0.2086,0.2119,
2.162,0.3151,0.09862,0.08448,0.07483,0.1118,0.0479,0.02425,0.01653,0.08585,0.03422,0.2086,0.213,
2.162,0.3206,0.09852,0.08431,0.07509,0.1118,0.0479,0.02425,0.01653,0.08585,0.03422,0.2086,0.213,
2.162,0.2999,0.09845,0.08439,0.07509,0.1118,0.0479,0.02478,0.016,0.08585,0.03422,0.2086,0.213,
2.155,0.2952,0.09799,0.08451,0.07529,0.1111,0.04426,0.02535,0.01531,0.08574,0.03399,0.2088,0.2176,
2.156,0.2807,0.09752,0.08466,0.07561,0.11,0.04434,0.02539,0.01575,0.08546,0.03405,0.2092,0.218,
2.152,0.282,0.0973,0.08482,0.07567,0.11,0.04274,0.02486,0.01575,0.08546,0.03405,0.2092,0.2201,
2.146,0.2801,0.09731,0.08466,0.07593,0.1096,0.0394,0.02487,0.01576,0.0855,0.03407,0.2093,0.2236,
2.147,0.2717,0.0972,0.08486,0.07604,0.1089,0.03997,0.02435,0.0162,0.08514,0.0341,0.2095,0.2238,
2.146,0.29,0.09692,0.08491,0.07626,0.1078,0.04004,0.02439,0.01622,0.08529,0.03416,0.2099,0.2242,
2.146,0.298,0.09653,0.08502,0.07621,0.1078,0.04005,0.0244,0.01623,0.08533,0.03417,0.21,0.2243,
2.147,0.2857,0.0979,0.08452,0.07631,0.1077,0.04003,0.02439,0.01622,0.08528,0.03415,0.2109,0.2226,
2.148,0.2876,0.09684,0.08453,0.07647,0.1086,0.04003,0.02439,0.01664,0.08485,0.03415,0.2109,0.2226,
2.147,0.2962,0.09638,0.08423,0.0769,0.1087,0.04004,0.0244,0.01665,0.08489,0.03417,0.211,0.2227,
2.146,0.2845,0.09497,0.08391,0.07527,0.1101,0.04058,0.02386,0.01762,0.08392,0.03417,0.211,0.2246,
2.146,0.2865,0.09329,0.08386,0.07549,0.1114,0.0406,0.02387,0.01762,0.08395,0.03417,0.2111,0.2247,
2.143,0.2946,0.09325,0.08377,0.0757,0.111,0.04061,0.02321,0.01762,0.0862,0.03196,0.2112,0.2255,
2.146,0.2994,0.09735,0.08367,0.07572,0.1104,0.04054,0.02317,0.01801,0.08563,0.03191,0.2129,0.2207,
2.167,0.2837,0.1011,0.08351,0.07582,0.1103,0.04103,0.02261,0.01799,0.08607,0.04259,0.2025,0.2165,
2.167,0.2833,0.1001,0.08361,0.07607,0.1099,0.04109,0.02318,0.01747,0.08621,0.04265,0.2029,0.2168,
2.169,0.2839,0.1002,0.08367,0.07628,0.1087,0.04115,0.02364,0.01839,0.085,0.04271,0.2031,0.2171,
2.192,0.3188,0.0999,0.08395,0.07632,0.1087,0.04169,0.02577,0.04425,0.05853,0.04065,0.2031,0.2171,
2.191,0.32,0.09974,0.08405,0.07648,0.108,0.04118,0.02565,0.04472,0.05815,0.04069,0.2033,0.218,
2.194,0.3245,0.1042,0.08405,0.07651,0.1076,0.04171,0.02511,0.0447,0.05813,0.04067,0.2043,0.213,
2.194,0.3224,0.103,0.08417,0.07657,0.1086,0.04225,0.02581,0.04346,0.0592,0.0396,0.2043,0.213,
2.193,0.3242,0.1029,0.0842,0.07665,0.1086,0.04225,0.02581,0.04346,0.06066,0.03814,0.2043,0.213,
2.191,0.3304,0.1027,0.08436,0.07694,0.1078,0.04175,0.0257,0.0435,0.06217,0.03672,0.2045,0.2138,
2.192,0.3324,0.1072,0.08421,0.07712,0.1074,0.04044,0.02542,0.04349,0.06216,0.03672,0.2055,0.2104,
2.191,0.3349,0.1072,0.08404,0.07703,0.107,0.04148,0.02488,0.0431,0.06221,0.03675,0.2057,0.2105,
2.191,0.3326,0.1049,0.08428,0.07709,0.1086,0.04194,0.02447,0.04314,0.06227,0.03678,0.2059,0.2107,
2.19,0.3351,0.1046,0.08453,0.07723,0.1082,0.04239,0.02405,0.04315,0.06318,0.03589,0.206,0.2108,
2.189,0.3386,0.104,0.08448,0.07728,0.108,0.0423,0.024,0.04431,0.0618,0.03582,0.2076,0.2104,
2.187,0.3507,0.102,0.08424,0.07736,0.1094,0.04155,0.02395,0.04529,0.0606,0.03574,0.2092,0.2106,
2.185,0.3567,0.1003,0.08371,0.07741,0.1106,0.0419,0.02292,0.04529,0.06059,0.03574,0.2103,0.2113,
2.185,0.3482,0.1003,0.08371,0.07741,0.1106,0.0419,0.02292,0.04529,0.06059,0.03574,0.2103,0.2113,
2.185,0.3548,0.09999,0.08396,0.07749,0.1106,0.0419,0.02292,0.04529,0.06112,0.0352,0.2103,0.2113,
2.184,0.3534,0.09973,0.08422,0.07749,0.1106,0.04217,0.02264,0.04529,0.06112,0.0352,0.2103,0.2113,
2.184,0.3548,0.09955,0.08422,0.07761,0.1098,0.04216,0.02264,0.04527,0.0611,0.03519,0.2113,0.2112,
2.183,0.3616,0.09934,0.08435,0.07777,0.1094,0.04271,0.02211,0.04528,0.06265,0.03368,0.2114,0.2113,
2.183,0.3616,0.09901,0.08465,0.07793,0.109,0.04273,0.02212,0.0453,0.06268,0.03369,0.2115,0.2114,
2.182,0.3641,0.09909,0.08473,0.07757,0.1074,0.04281,0.02216,0.04539,0.06279,0.03375,0.2118,0.2125,
2.181,0.3512,0.099,0.08457,0.07647,0.1074,0.04281,0.02216,0.04539,0.06279,0.03375,0.2118,0.2138,
2.176,0.3721,0.09868,0.08466,0.07647,0.107,0.04278,0.02249,0.04501,0.0682,0.02828,0.2128,0.2137,
2.174,0.3797,0.09754,0.08472,0.07534,0.1073,0.04332,0.022,0.04505,0.06826,0.0283,0.213,0.2152,
2.182,0.3841,0.1018,0.08491,0.07398,0.1071,0.04099,0.04735,0.01956,0.06811,0.03475,0.2081,0.2133,
2.182,0.3898,0.1017,0.0848,0.07405,0.1066,0.04097,0.04732,0.02008,0.06754,0.03473,0.209,0.2132,
2.181,0.3859,0.1002,0.08453,0.07421,0.1077,0.04016,0.04708,0.02102,0.06662,0.0347,0.2092,0.2145,
2.179,0.3842,0.101,0.08422,0.07446,0.1073,0.03857,0.04706,0.02144,0.06615,0.03468,0.2102,0.215,
2.179,0.3701,0.1024,0.08393,0.07431,0.1069,0.03845,0.04691,0.02137,0.06594,0.03457,0.2127,0.2125,
2.177,0.3759,0.0968,0.0837,0.07457,0.1123,0.03846,0.04693,0.02138,0.06686,0.0337,0.2127,0.2126,
2.177,0.3776,0.09638,0.08363,0.0748,0.112,0.03849,0.04697,0.02139,0.06692,0.03372,0.2129,0.2128,
2.179,0.3814,0.09617,0.08391,0.07483,0.1116,0.03896,0.04653,0.02261,0.06572,0.03373,0.213,0.2129,
2.179,0.3819,0.09611,0.08393,0.07487,0.1116,0.03896,0.04653,0.02261,0.06572,0.03373,0.213,0.2129,
2.178,0.3826,0.09582,0.08409,0.075,0.1116,0.03896,0.04653,0.02261,0.06733,0.03212,0.213,0.2129,
2.178,0.3861,0.09584,0.08411,0.07504,0.1113,0.03898,0.04655,0.02262,0.06736,0.03213,0.2131,0.213,
2.198,0.3783,0.09576,0.0839,0.07514,0.1108,0.03896,0.04652,0.02384,0.06606,0.04368,0.2025,0.2129,
2.198,0.3761,0.09555,0.08408,0.07524,0.1105,0.03897,0.04654,0.02385,0.06662,0.04316,0.2026,0.2129,
2.197,0.3738,0.0952,0.08343,0.07533,0.1105,0.03896,0.04653,0.02385,0.06661,0.04316,0.2036,0.2129,
2.196,0.376,0.0952,0.08343,0.07533,0.1105,0.03896,0.04653,0.02385,0.06925,0.04052,0.2036,0.2129,
2.195,0.3719,0.09345,0.08348,0.0754,0.1118,0.03898,0.04655,0.02385,0.06927,0.04053,0.2036,0.213,
2.195,0.373,0.0934,0.08334,0.07545,0.1113,0.03896,0.04652,0.02383,0.06923,0.0405,0.2046,0.2129,
2.195,0.3781,0.09298,0.08362,0.07558,0.1113,0.03896,0.04652,0.02383,0.06923,0.0405,0.2046,0.2129,
2.194,0.3338,0.09279,0.08366,0.07584,0.1109,0.04854,0.03752,0.02331,0.07024,0.03954,0.2046,0.213,
2.193,0.3468,0.09263,0.08345,0.07604,0.1095,0.0485,0.03749,0.02408,0.06941,0.03951,0.2065,0.2128,
2.193,0.3398,0.09228,0.08348,0.07612,0.1091,0.04848,0.03747,0.02406,0.06937,0.03949,0.2075,0.2127,
2.191,0.3386,0.09206,0.08353,0.0765,0.1083,0.04785,0.03813,0.02345,0.06943,0.03952,0.2076,0.2136,
2.191,0.3455,0.09033,0.08305,0.07686,0.1115,0.04781,0.03844,0.02308,0.0699,0.03894,0.2096,0.2105,
2.191,0.3432,0.09024,0.08288,0.07723,0.1111,0.04783,0.03846,0.02362,0.07047,0.03789,0.2097,0.2106,
2.191,0.3446,0.08972,0.08307,0.07729,0.111,0.04778,0.03842,0.0236,0.07039,0.03785,0.2105,0.2104,
2.19,0.3648,0.08614,0.08315,0.07772,0.1141,0.04778,0.03842,0.02403,0.07086,0.03696,0.2105,0.2104,
2.187,0.3612,0.08574,0.08326,0.07772,0.113,0.04705,0.03837,0.024,0.07077,0.03691,0.2123,0.2108,
2.195,0.3562,0.08568,0.08306,0.07651,0.1126,0.04535,0.038,0.02389,0.07062,0.04515,0.205,0.2142,
2.195,0.3534,0.08565,0.08293,0.07675,0.1122,0.04587,0.03786,0.02355,0.07064,0.04516,0.2051,0.2143,
2.18,0.3749,0.08572,0.0829,0.07579,0.1115,0.06603,0.01776,0.02356,0.07069,0.0452,0.2053,0.2156,
2.177,0.3513,0.08658,0.08248,0.07608,0.1111,0.06602,0.01776,0.02355,0.07519,0.04049,0.2063,0.2145,
2.177,0.3522,0.08656,0.08245,0.07627,0.1104,0.06608,0.01778,0.02357,0.07526,0.04053,0.2065,0.2147,
2.177,0.3556,0.08632,0.08246,0.0765,0.1104,0.06608,0.01778,0.02357,0.07526,0.04053,0.2065,0.2147,
2.174,0.3517,0.08629,0.08232,0.0769,0.1093,0.06382,0.0178,0.02359,0.07535,0.04057,0.2067,0.2173,
2.174,0.3634,0.08591,0.08267,0.07706,0.1089,0.06385,0.0178,0.0236,0.07538,0.04058,0.2068,0.2174,
2.173,0.351,0.08583,0.08289,0.07713,0.1081,0.06477,0.0173,0.02328,0.07545,0.04062,0.207,0.2176,
2.174,0.3518,0.08699,0.083,0.07726,0.108,0.0647,0.01728,0.02325,0.07537,0.04058,0.2078,0.2157,
2.175,0.3522,0.08666,0.08263,0.07746,0.1074,0.06481,0.01731,0.02468,0.0741,0.04064,0.2082,0.2161,
2.176,0.3562,0.08644,0.08285,0.07766,0.1066,0.06487,0.01733,0.02513,0.07373,0.04068,0.2084,0.2163,
2.173,0.3639,0.08525,0.08291,0.07784,0.1073,0.06333,0.01733,0.02514,0.07529,0.03917,0.2085,0.218,
2.185,0.3931,0.08509,0.08299,0.07812,0.1065,0.06366,0.01707,0.04974,0.05193,0.03806,0.2087,0.2182,
2.186,0.4237,0.08808,0.08266,0.07834,0.1064,0.06305,0.01692,0.04968,0.05187,0.03802,0.2095,0.2155,
2.186,0.4264,0.08672,0.08204,0.07864,0.1072,0.06314,0.01694,0.04974,0.05193,0.03806,0.2098,0.2158,
2.188,0.4189,0.08986,0.08212,0.07856,0.1071,0.06361,0.01638,0.04969,0.05188,0.03802,0.2106,0.2122,
2.188,0.3839,0.08986,0.08181,0.07875,0.1064,0.06369,0.01675,0.0502,0.05116,0.03807,0.2109,0.2124,
2.187,0.3876,0.08938,0.082,0.07878,0.1063,0.06363,0.01673,0.05015,0.052,0.03713,0.2117,0.2122,
2.187,0.3928,0.08938,0.082,0.07878,0.1063,0.06363,0.01673,0.05015,0.052,0.03713,0.2117,0.2122,
2.185,0.3841,0.08876,0.08197,0.07837,0.1051,0.06371,0.01675,0.05021,0.05207,0.03718,0.212,0.2138,
2.184,0.3928,0.08853,0.08199,0.07864,0.1038,0.06462,0.01586,0.05102,0.05129,0.03719,0.2131,0.2139,
2.183,0.4122,0.08837,0.08222,0.0788,0.103,0.06468,0.01587,0.05106,0.05134,0.03722,0.2133,0.2141,
2.183,0.3939,0.08824,0.08227,0.07888,0.103,0.06401,0.01587,0.05106,0.05134,0.03722,0.2133,0.2148,
2.188,0.3885,0.08895,0.08204,0.07884,0.1024,0.0639,0.01585,0.05098,0.05125,0.04072,0.2115,0.2136,
2.188,0.3941,0.08884,0.08205,0.07909,0.1017,0.06395,0.01586,0.05101,0.05244,0.0396,0.2117,0.2138,
2.188,0.3872,0.08797,0.08201,0.07908,0.1017,0.06394,0.01686,0.04999,0.05307,0.03895,0.2128,0.2137,
2.188,0.386,0.08787,0.08186,0.07898,0.1017,0.06397,0.01687,0.05002,0.0531,0.03897,0.2128,0.2138,
2.188,0.3843,0.08757,0.08217,0.07898,0.1017,0.06397,0.01687,0.05002,0.0531,0.03897,0.2128,0.2138,
2.188,0.3745,0.08745,0.08224,0.07913,0.1013,0.064,0.01742,0.0495,0.05398,0.03813,0.2129,0.2139,
2.186,0.3727,0.08448,0.08199,0.07938,0.1036,0.0645,0.01687,0.04946,0.05393,0.0381,0.2139,0.2138,
2.187,0.3738,0.08421,0.08216,0.07955,0.1033,0.06452,0.0175,0.04884,0.05396,0.03811,0.214,0.2139,
2.185,0.3755,0.08419,0.08216,0.07968,0.1029,0.06388,0.01751,0.04887,0.05452,0.03759,0.2141,0.2146,
2.185,0.3295,0.08311,0.08178,0.07979,0.1028,0.06402,0.01755,0.04898,0.05519,0.03713,0.2146,0.2151,
2.187,0.3224,0.08201,0.08161,0.07979,0.1037,0.06395,0.01753,0.04892,0.05603,0.03806,0.2135,0.2149,
2.185,0.3252,0.08173,0.08152,0.0799,0.1034,0.06333,0.01755,0.04896,0.0577,0.03647,0.2137,0.2158,
2.187,0.324,0.08393,0.08131,0.08008,0.1039,0.06329,0.01753,0.04892,0.05765,0.03644,0.2146,0.2123,
2.212,0.3166,0.08364,0.08136,0.08006,0.1038,0.06404,0.0167,0.04887,0.05819,0.05299,0.1983,0.212,
2.211,0.3191,0.08356,0.08126,0.08023,0.1038,0.06404,0.0167,0.04887,0.06044,0.05074,0.1983,0.212,
2.211,0.3205,0.0831,0.08113,0.08024,0.1038,0.064,0.01703,0.05001,0.05889,0.05071,0.1992,0.2119,
2.209,0.3169,0.08116,0.08095,0.08009,0.105,0.06381,0.01698,0.04986,0.0597,0.04957,0.2016,0.2113,
2.207,0.3198,0.08094,0.08102,0.07852,0.1041,0.0638,0.01698,0.05039,0.05916,0.04956,0.2026,0.2129,
2.205,0.3216,0.08081,0.08105,0.07873,0.1037,0.06356,0.01658,0.05041,0.05918,0.04958,0.2027,0.2137,
2.205,0.3128,0.08054,0.08132,0.07873,0.1037,0.06289,0.01727,0.04972,0.05918,0.04958,0.2027,0.2144,
2.201,0.3266,0.08037,0.08138,0.07884,0.1037,0.06004,0.01776,0.04869,0.05918,0.04958,0.2027,0.2178,
2.203,0.3143,0.08182,0.08123,0.07883,0.1036,0.05997,0.01837,0.04872,0.05841,0.04953,0.2035,0.216,
2.2,0.3159,0.08187,0.08123,0.07894,0.1029,0.05858,0.01814,0.04934,0.05773,0.04956,0.2037,0.218,
2.197,0.318,0.08149,0.08116,0.07749,0.1026,0.05751,0.01816,0.04938,0.05778,0.04961,0.2038,0.221,
2.193,0.323,0.08149,0.08116,0.07749,0.1026,0.05571,0.01816,0.04938,0.06285,0.04455,0.2038,0.2227,
2.19,0.3214,0.08149,0.08089,0.07776,0.1026,0.05356,0.01803,0.04938,0.06285,0.04455,0.2038,0.225,
2.19,0.3377,0.08129,0.0808,0.07781,0.1023,0.05361,0.01804,0.05033,0.0629,0.04369,0.204,0.2252,
2.19,0.3312,0.08129,0.08063,0.07798,0.1023,0.05361,0.01858,0.04979,0.0629,0.04369,0.204,0.2252,
2.189,0.3326,0.08105,0.08083,0.07803,0.1023,0.05404,0.01815,0.04979,0.06394,0.04265,0.204,0.2252,
2.187,0.3482,0.08073,0.0807,0.07821,0.102,0.053,0.01796,0.05051,0.06311,0.04268,0.2042,0.2269,
2.192,0.3355,0.08543,0.08091,0.07827,0.1016,0.05327,0.01822,0.04995,0.0631,0.04267,0.2052,0.2214,
2.191,0.336,0.08533,0.08102,0.07827,0.1016,0.05381,0.01768,0.04995,0.0631,0.04267,0.2052,0.2214,
2.19,0.3402,0.08673,0.08081,0.07857,0.1015,0.05375,0.01766,0.05082,0.06792,0.03683,0.206,0.2194,
2.19,0.3422,0.08675,0.08077,0.07865,0.1011,0.05378,0.01767,0.05084,0.06795,0.03684,0.2061,0.2195,
2.19,0.3594,0.08558,0.08108,0.07884,0.1006,0.05387,0.04863,0.02,0.07098,0.03399,0.2065,0.2199,
2.187,0.3457,0.08558,0.08106,0.07912,0.09954,0.05299,0.04828,0.02,0.07106,0.03402,0.2068,0.2216,
2.191,0.3558,0.08954,0.08106,0.07917,0.09948,0.05296,0.04825,0.02047,0.07054,0.034,0.2077,0.2169,
2.192,0.3474,0.0907,0.08089,0.07937,0.09938,0.05341,0.04769,0.02045,0.07047,0.03396,0.2085,0.2152,
2.195,0.3478,0.09419,0.08081,0.07938,0.09927,0.05336,0.04764,0.02111,0.06971,0.03393,0.2093,0.2113,
2.197,0.3506,0.09399,0.08093,0.07945,0.09927,0.0539,0.0471,0.02235,0.06847,0.03393,0.2093,0.2113,
2.195,0.355,0.09391,0.08084,0.07808,0.09892,0.05392,0.04712,0.02235,0.0685,0.03394,0.2094,0.213,
2.195,0.351,0.09377,0.08098,0.07808,0.09892,0.05392,0.04712,0.02235,0.0685,0.03394,0.2094,0.213,
2.193,0.3529,0.09569,0.08078,0.07806,0.09871,0.05156,0.04702,0.02302,0.06764,0.03387,0.2111,0.2126,
2.193,0.3585,0.09573,0.08073,0.07818,0.09831,0.05158,0.04705,0.02303,0.06767,0.03388,0.2112,0.2127,
2.186,0.3605,0.09273,0.08055,0.07706,0.1012,0.05161,0.04707,0.02304,0.07495,0.02664,0.2113,0.2139,
2.184,0.3737,0.09248,0.08066,0.07701,0.1007,0.05157,0.04636,0.02302,0.0749,0.02662,0.2122,0.2144,
2.183,0.3815,0.09228,0.08075,0.07713,0.1007,0.05157,0.04694,0.02245,0.0749,0.02662,0.2122,0.2144,
2.183,0.3715,0.09206,0.08072,0.07723,0.1002,0.05259,0.04586,0.02297,0.07431,0.02661,0.2131,0.2143,
2.182,0.3694,0.09199,0.08082,0.07731,0.09983,0.05261,0.04589,0.02298,0.07533,0.02563,0.2132,0.2144,
2.179,0.3772,0.09274,0.08064,0.07633,0.09937,0.0519,0.04585,0.02296,0.07582,0.02507,0.2141,0.2152,
2.175,0.3736,0.0926,0.08068,0.07643,0.09937,0.0497,0.04565,0.02366,0.07591,0.02395,0.2141,0.2179,
2.18,0.4182,0.0926,0.08064,0.07647,0.09937,0.04812,0.04511,0.06807,0.0315,0.02395,0.2141,0.22,
2.18,0.4129,0.09232,0.08071,0.07668,0.09937,0.04812,0.04511,0.06807,0.0315,0.02395,0.2141,0.22,
2.18,0.4198,0.09212,0.08069,0.0769,0.09937,0.04812,0.04511,0.06807,0.0315,0.02395,0.2141,0.22,
2.187,0.4122,0.0965,0.08064,0.07681,0.1001,0.04803,0.04504,0.06795,0.03199,0.02529,0.214,0.2136,
2.187,0.4129,0.0964,0.08069,0.07696,0.09978,0.04805,0.04505,0.06797,0.032,0.0253,0.2141,0.2137,
2.187,0.4157,0.09632,0.08073,0.07704,0.09945,0.04862,0.04452,0.06801,0.03373,0.02359,0.2142,0.2138,
2.207,0.3675,0.09607,0.08067,0.07691,0.09885,0.04854,0.04445,0.06789,0.03367,0.0345,0.205,0.2134,
2.203,0.3671,0.09525,0.08119,0.07696,0.09875,0.04638,0.04441,0.06782,0.03364,0.03446,0.2058,0.2153,
2.203,0.3552,0.09511,0.08137,0.07702,0.09839,0.0464,0.04496,0.06731,0.03517,0.03295,0.2059,0.2154,
2.203,0.3613,0.09382,0.08126,0.0773,0.09892,0.04698,0.04501,0.06683,0.0352,0.03298,0.2061,0.2156,
2.204,0.3692,0.09707,0.08125,0.07726,0.09846,0.04583,0.04498,0.06679,0.03518,0.03296,0.207,0.2132,
2.204,0.3595,0.09656,0.08168,0.07733,0.09846,0.04583,0.04498,0.06679,0.03567,0.03247,0.207,0.2132,
2.204,0.3695,0.09432,0.08173,0.07742,0.1006,0.04583,0.04498,0.06679,0.03621,0.03193,0.207,0.2132,
2.203,0.3698,0.09391,0.08175,0.07753,0.1005,0.04578,0.04556,0.06709,0.03517,0.0319,0.2078,0.213,
2.202,0.3621,0.09273,0.08193,0.07754,0.1008,0.04575,0.04616,0.06641,0.03515,0.03187,0.2087,0.2129,
2.2,0.3661,0.09146,0.08227,0.07757,0.1034,0.04423,0.04558,0.06634,0.03511,0.03184,0.2095,0.2126,
2.198,0.3674,0.09109,0.08215,0.07763,0.1029,0.04416,0.0455,0.06623,0.03629,0.03053,0.2113,0.2123,
2.198,0.3764,0.09023,0.08223,0.07772,0.103,0.04474,0.04553,0.06575,0.03632,0.03056,0.2115,0.2125,
2.197,0.3713,0.08898,0.0821,0.07783,0.1033,0.04516,0.04567,0.0656,0.03589,0.03055,0.2125,0.2124,
2.228,0.3662,0.08855,0.08205,0.07796,0.1027,0.04516,0.04566,0.06559,0.0368,0.04825,0.1949,0.2124,
2.226,0.3609,0.08751,0.08169,0.078,0.1034,0.04507,0.04557,0.06546,0.03764,0.04725,0.1965,0.212,
2.226,0.3627,0.09011,0.08155,0.07643,0.1038,0.05054,0.04001,0.06539,0.0376,0.0472,0.1973,0.2101,
2.227,0.3608,0.09011,0.08141,0.07657,0.1038,0.05054,0.04136,0.06404,0.0376,0.0472,0.1973,0.2101,
2.226,0.3614,0.08998,0.08114,0.07673,0.1035,0.05004,0.04127,0.06409,0.03763,0.04724,0.1974,0.2109,
2.226,0.3644,0.08989,0.08097,0.077,0.1035,0.05058,0.04127,0.06356,0.03763,0.04724,0.1974,0.2109,
2.226,0.3654,0.08916,0.08085,0.07703,0.104,0.05053,0.04122,0.06349,0.03861,0.04617,0.1982,0.2107,
2.225,0.3686,0.08899,0.08065,0.07715,0.1039,0.05048,0.04172,0.0629,0.04,0.0447,0.199,0.2105,
2.224,0.3727,0.08892,0.08044,0.07552,0.1039,0.05048,0.04172,0.0629,0.04091,0.04379,0.199,0.2124,
2.224,0.3722,0.08792,0.08057,0.07555,0.1047,0.05048,0.04172,0.0629,0.04091,0.04379,0.199,0.2124,
2.224,0.3746,0.08784,0.08059,0.0756,0.1047,0.05048,0.04172,0.0629,0.04091,0.04379,0.199,0.2124,
2.223,0.3745,0.08773,0.08067,0.07564,0.1047,0.04994,0.04158,0.0629,0.04091,0.04379,0.199,0.2131,
2.225,0.3448,0.09083,0.08059,0.07567,0.1046,0.04989,0.04264,0.06174,0.04086,0.04375,0.1998,0.2096,
2.224,0.3492,0.09012,0.08008,0.07573,0.1043,0.04993,0.04268,0.06178,0.0409,0.04378,0.201,0.2097,
2.224,0.3513,0.08947,0.08034,0.07579,0.1043,0.04996,0.04269,0.06181,0.04091,0.0438,0.2011,0.2098,
2.223,0.3478,0.08904,0.07999,0.0761,0.1039,0.04928,0.04269,0.0618,0.04091,0.0438,0.2021,0.2105,
2.222,0.3559,0.08899,0.07974,0.07626,0.1034,0.04926,0.04267,0.06177,0.04089,0.04377,0.2029,0.2103,
2.222,0.3492,0.08888,0.07966,0.07649,0.103,0.04928,0.04268,0.0618,0.04144,0.04326,0.203,0.2104,
2.22,0.3493,0.08856,0.07974,0.07673,0.103,0.04817,0.04268,0.06222,0.04101,0.04326,0.203,0.2115,
2.218,0.3496,0.08848,0.07978,0.07485,0.1027,0.04819,0.0427,0.06224,0.04102,0.04327,0.2031,0.2136,
2.218,0.3534,0.08677,0.07991,0.07505,0.1038,0.04821,0.04272,0.06227,0.04477,0.03956,0.2032,0.2137,
2.219,0.3579,0.08807,0.07988,0.07497,0.1049,0.04816,0.04268,0.06221,0.04472,0.03952,0.204,0.2108,
2.218,0.3693,0.08654,0.07964,0.07513,0.1059,0.04813,0.04265,0.06217,0.0447,0.0395,0.2049,0.2107,
2.218,0.361,0.09007,0.07974,0.07524,0.1051,0.04644,0.04267,0.06262,0.04428,0.03951,0.206,0.2084,
2.218,0.3558,0.08997,0.07982,0.07535,0.1047,0.04646,0.04268,0.06264,0.0443,0.03953,0.2061,0.2084,
2.218,0.3523,0.09,0.07988,0.07544,0.104,0.04649,0.04272,0.06269,0.04434,0.03956,0.2063,0.2086,
2.207,0.3889,0.09,0.07981,0.0755,0.104,0.04649,0.0787,0.02671,0.04434,0.03956,0.2063,0.2086,
2.205,0.3912,0.08851,0.07973,0.07542,0.1053,0.04587,0.07809,0.02668,0.04429,0.03952,0.2071,0.2095,
2.205,0.3936,0.08838,0.07981,0.07547,0.1053,0.04587,0.07809,0.02668,0.04429,0.03952,0.2071,0.2095,
2.204,0.3925,0.08391,0.0799,0.07554,0.1093,0.04589,0.07812,0.0267,0.04431,0.03954,0.2072,0.2096,
2.202,0.392,0.08344,0.08001,0.07566,0.1092,0.04531,0.07791,0.02667,0.04506,0.0387,0.208,0.2101,
2.201,0.3953,0.08311,0.0802,0.07561,0.1087,0.04528,0.07839,0.02736,0.04379,0.03868,0.2089,0.2099,
2.202,0.3955,0.08319,0.08023,0.07575,0.1076,0.04534,0.0785,0.02792,0.04331,0.03873,0.2092,0.2102,
2.202,0.3972,0.08307,0.08035,0.07584,0.1072,0.04536,0.07853,0.02937,0.04346,0.03717,0.2093,0.2103,
2.201,0.4003,0.08283,0.08036,0.07581,0.1071,0.04531,0.07845,0.02934,0.04543,0.03511,0.2101,0.2101,
2.201,0.4076,0.08108,0.08035,0.07601,0.1081,0.0458,0.07806,0.02936,0.04547,0.03514,0.2103,0.2103,
2.199,0.4057,0.07896,0.08026,0.07609,0.1099,0.04576,0.07851,0.02933,0.04489,0.0351,0.2112,0.2101,
2.199,0.4009,0.07877,0.08044,0.07609,0.1099,0.04576,0.07851,0.02933,0.04489,0.0351,0.2112,0.2101,
2.204,0.397,0.07872,0.08022,0.07621,0.1094,0.04469,0.0778,0.02931,0.04486,0.03969,0.2075,0.2116,
2.204,0.397,0.07872,0.08022,0.07621,0.1094,0.04469,0.0778,0.02931,0.04575,0.0388,0.2075,0.2116,
2.202,0.4164,0.07734,0.08002,0.07511,0.1105,0.04464,0.07772,0.02971,0.04527,0.03876,0.2083,0.2127,
2.205,0.3985,0.08071,0.08,0.07504,0.1114,0.04459,0.07764,0.02968,0.04523,0.03872,0.2091,0.2079,
2.205,0.4076,0.07949,0.07982,0.07505,0.1124,0.0456,0.0765,0.02965,0.04518,0.03868,0.2099,0.2077,
2.204,0.3983,0.07944,0.07955,0.07537,0.1124,0.04494,0.0765,0.03053,0.04608,0.0369,0.2099,0.2084,
2.203,0.4041,0.07938,0.07911,0.0757,0.1119,0.04491,0.07645,0.03051,0.04605,0.03688,0.2109,0.2082,
2.199,0.4031,0.07919,0.07873,0.07448,0.1116,0.04443,0.07636,0.03036,0.04825,0.0347,0.2109,0.211,
2.198,0.3968,0.07911,0.07861,0.07401,0.1116,0.04443,0.07636,0.03036,0.04878,0.03417,0.2109,0.2117,
2.181,0.3496,0.07896,0.07861,0.07416,0.1116,0.09568,0.02564,0.02983,0.04878,0.03417,0.2109,0.2117,
2.199,0.3473,0.08117,0.07846,0.07415,0.1114,0.09601,0.02519,0.03028,0.04825,0.0442,0.2017,0.2091,
2.198,0.3502,0.07956,0.07822,0.07424,0.1129,0.09591,0.02656,0.02885,0.0482,0.04416,0.2025,0.2089,
2.197,0.367,0.07896,0.07829,0.0745,0.1123,0.09656,0.02667,0.02828,0.04825,0.04421,0.2028,0.2092,
2.195,0.3761,0.0788,0.07796,0.07342,0.1121,0.09637,0.02749,0.02787,0.04763,0.04412,0.2044,0.2099,
2.191,0.3751,0.0787,0.07784,0.07363,0.1121,0.09293,0.02697,0.02787,0.04763,0.04412,0.2044,0.2139,
2.189,0.3734,0.07849,0.07798,0.07374,0.1117,0.0916,0.02645,0.02788,0.04818,0.04361,0.2045,0.2158,
2.188,0.3825,0.07835,0.07813,0.07315,0.1114,0.09164,0.02646,0.02789,0.04819,0.04362,0.2046,0.2166,
2.189,0.3797,0.08056,0.07793,0.07322,0.1113,0.09089,0.02696,0.02733,0.04814,0.04358,0.2054,0.2147,
2.192,0.3768,0.0844,0.0777,0.0733,0.1112,0.09079,0.02693,0.0273,0.04809,0.04353,0.2062,0.2106,
2.193,0.3671,0.08626,0.07761,0.07335,0.111,0.0907,0.0269,0.02727,0.04954,0.04199,0.207,0.2083,
2.19,0.3629,0.08577,0.07765,0.07353,0.1107,0.09079,0.02538,0.0273,0.04958,0.04203,0.2072,0.21,
2.19,0.3747,0.0857,0.07731,0.07367,0.1107,0.09083,0.02539,0.02731,0.0496,0.04205,0.2073,0.2101,
2.189,0.3753,0.08552,0.07701,0.0738,0.1108,0.08977,0.0254,0.02732,0.05067,0.04102,0.2074,0.2113,
2.191,0.3943,0.09058,0.07555,0.07406,0.1105,0.09088,0.02583,0.02681,0.04984,0.04106,0.2087,0.2062,
2.187,0.3954,0.08808,0.07548,0.07413,0.113,0.09128,0.02477,0.05326,0.0234,0.04106,0.2087,0.2068,
2.186,0.4066,0.08798,0.07513,0.07434,0.1126,0.09056,0.02475,0.05322,0.02489,0.03954,0.2096,0.2074,
2.193,0.3924,0.08783,0.07505,0.07432,0.1125,0.09047,0.02473,0.05317,0.02486,0.04438,0.2055,0.2072,
2.193,0.4402,0.08571,0.07524,0.07437,0.1144,0.09047,0.02531,0.05259,0.02486,0.04438,0.2055,0.2072,
2.193,0.4268,0.08547,0.07532,0.07453,0.1144,0.09089,0.02488,0.05259,0.02636,0.04289,0.2055,0.2072,
2.194,0.4268,0.08519,0.0756,0.07453,0.1144,0.09089,0.02488,0.05259,0.02689,0.04236,0.2055,0.2072,
2.192,0.4338,0.08484,0.07543,0.07461,0.1136,0.08893,0.02523,0.05226,0.02689,0.04236,0.2066,0.2092,
2.187,0.5143,0.08478,0.07508,0.07327,0.113,0.08779,0.02488,0.05273,0.02639,0.04242,0.2069,0.2128,
2.189,0.5126,0.08451,0.07477,0.0735,0.1128,0.08779,0.02543,0.05224,0.03043,0.03842,0.2071,0.213,
2.189,0.4816,0.08454,0.07465,0.07358,0.1126,0.08782,0.02544,0.05226,0.03043,0.03843,0.2072,0.2131,
2.186,0.4663,0.08392,0.07444,0.07381,0.113,0.08543,0.02598,0.05318,0.03006,0.03738,0.2073,0.2156,
2.188,0.4555,0.08942,0.0745,0.07385,0.1115,0.08406,0.0258,0.05287,0.0306,0.03686,0.2084,0.2121,
2.188,0.4589,0.08803,0.07443,0.07407,0.1121,0.08463,0.02533,0.05292,0.03062,0.03689,0.2086,0.2123,
2.186,0.4556,0.08773,0.0745,0.07425,0.1108,0.08534,0.02485,0.05373,0.02996,0.03695,0.2091,0.2128,
2.185,0.4537,0.08736,0.07413,0.07443,0.1105,0.08568,0.02399,0.0538,0.03223,0.03477,0.2094,0.2137,
