entropy,entropyInd,RabA,RabB,RabC,RabD,RabE,RabF,RabG,RabH,RabI,RabL,xER,xPM,
2.225,0.4954,0.1079,0.06387,0.06125,0.09702,0.07608,0.01666,0.04822,0.03093,0.03384,0.0357,0.2124,0.2162,
2.225,0.4941,0.1079,0.06387,0.06125,0.09702,0.07608,0.01666,0.04822,0.03093,0.03384,0.0357,0.2124,0.2162,
2.225,0.4965,0.1076,0.06384,0.06131,0.09674,0.07615,0.01667,0.04824,0.03095,0.03386,0.03573,0.2126,0.2163,
2.225,0.4908,0.11,0.0637,0.06118,0.09653,0.07598,0.01664,0.04814,0.03089,0.03379,0.03565,0.2142,0.2133,
2.239,0.4859,0.1098,0.06363,0.06111,0.09643,0.0759,0.01662,0.04809,0.03085,0.04253,0.03562,0.2063,0.2131,
2.237,0.4746,0.1085,0.0635,0.06099,0.09623,0.07575,0.01658,0.04799,0.03079,0.04244,0.03554,0.208,0.2138,
2.236,0.4742,0.1083,0.0634,0.06089,0.09567,0.07562,0.01656,0.04791,0.03074,0.04237,0.03548,0.2097,0.2134,
2.234,0.4746,0.1077,0.06328,0.0608,0.09518,0.07553,0.01654,0.04785,0.03069,0.0423,0.03544,0.2115,0.2131,
2.234,0.4763,0.1076,0.06322,0.06074,0.09508,0.07545,0.01652,0.0478,0.03066,0.04226,0.0354,0.2124,0.2129,
2.234,0.4708,0.1076,0.06322,0.06074,0.09508,0.07545,0.01652,0.0478,0.03066,0.04226,0.0354,0.2124,0.2129,
2.242,0.4564,0.1113,0.06318,0.0607,0.09502,0.07491,0.01639,0.04762,0.03045,0.04734,0.03538,0.208,0.2098,
2.242,0.4575,0.1113,0.06318,0.0607,0.09502,0.07491,0.01639,0.04762,0.03045,0.04734,0.03538,0.208,0.2098,
2.241,0.4427,0.1113,0.06313,0.06077,0.09299,0.07501,0.0164,0.04763,0.03048,0.0474,0.03537,0.2093,0.2101,
2.24,0.4417,0.1112,0.06306,0.06071,0.0929,0.07494,0.01639,0.04758,0.03045,0.04735,0.03533,0.2102,0.2099,
2.239,0.4395,0.1107,0.06302,0.06067,0.09284,0.07489,0.01638,0.04755,0.03043,0.04732,0.03531,0.2111,0.2098,
2.239,0.4395,0.1106,0.06296,0.0606,0.09274,0.07481,0.01636,0.0475,0.0304,0.04727,0.03527,0.2119,0.2096,
2.236,0.4472,0.1106,0.06298,0.06062,0.09241,0.07281,0.01623,0.04752,0.0304,0.04728,0.03528,0.212,0.2118,
2.234,0.4429,0.1106,0.06289,0.05933,0.09232,0.07284,0.01624,0.04754,0.03041,0.0473,0.03521,0.2121,0.2132,
2.234,0.4429,0.1106,0.06289,0.05933,0.09232,0.07284,0.01624,0.04754,0.03041,0.0473,0.03521,0.2121,0.2132,
2.239,0.4392,0.1123,0.06282,0.05927,0.09222,0.07276,0.01622,0.04749,0.03038,0.05032,0.03517,0.2099,0.2112,
2.239,0.444,0.1122,0.06276,0.05921,0.09213,0.07269,0.01621,0.04744,0.03035,0.05027,0.03513,0.2107,0.2109,
2.239,0.4374,0.1122,0.06276,0.05921,0.09213,0.07269,0.01621,0.04744,0.03035,0.05027,0.03513,0.2107,0.2109,
2.238,0.4764,0.112,0.06268,0.05919,0.09162,0.07278,0.01619,0.04749,0.03038,0.05032,0.03518,0.211,0.2112,
2.238,0.4375,0.1119,0.06261,0.05913,0.09153,0.07271,0.01617,0.04744,0.03035,0.05027,0.03514,0.2118,0.211,
2.238,0.4292,0.1119,0.06261,0.05913,0.09153,0.07271,0.01617,0.04744,0.03035,0.05027,0.03514,0.2118,0.211,
2.236,0.4011,0.1119,0.06257,0.0592,0.09076,0.07226,0.01605,0.04748,0.03038,0.05033,0.03504,0.2121,0.2119,
2.246,0.3983,0.1118,0.06252,0.05915,0.09034,0.07155,0.01604,0.04745,0.03035,0.05843,0.03501,0.2049,0.2125,
2.244,0.396,0.1115,0.06249,0.05918,0.09038,0.07036,0.01605,0.04747,0.03037,0.05845,0.03503,0.205,0.2138,
2.239,0.3989,0.1111,0.06251,0.05766,0.09042,0.0679,0.01606,0.0475,0.03038,0.05848,0.03503,0.2051,0.2179,
2.239,0.3987,0.1111,0.06253,0.05768,0.09008,0.06793,0.01606,0.0475,0.03039,0.0585,0.03505,0.2052,0.218,
2.238,0.3978,0.1111,0.06253,0.05768,0.09008,0.06683,0.01596,0.04736,0.03039,0.0585,0.03505,0.2052,0.2194,
2.237,0.3982,0.111,0.06252,0.05778,0.09008,0.06552,0.01638,0.04694,0.03039,0.0585,0.03505,0.2052,0.2207,
2.238,0.4015,0.1189,0.0623,0.05775,0.0899,0.06538,0.01635,0.05345,0.02549,0.0566,0.03499,0.2068,0.2121,
2.237,0.4042,0.1202,0.06223,0.05783,0.08981,0.06575,0.01586,0.05272,0.02742,0.05419,0.03497,0.2076,0.2114,
2.236,0.4075,0.1201,0.0622,0.05793,0.08981,0.06424,0.01586,0.0535,0.02824,0.05259,0.03497,0.2076,0.2129,
2.24,0.4378,0.1225,0.06232,0.0579,0.08971,0.06191,0.04572,0.02439,0.02686,0.0524,0.03495,0.2084,0.2129,
2.242,0.4417,0.1251,0.06228,0.05806,0.08923,0.06183,0.04629,0.02373,0.02842,0.05072,0.03492,0.2103,0.2091,
2.241,0.4445,0.1239,0.06224,0.05816,0.09002,0.06177,0.04677,0.02318,0.02839,0.05067,0.03488,0.2111,0.2089,
2.243,0.4318,0.1227,0.06239,0.05757,0.09014,0.06185,0.04684,0.02374,0.03394,0.04469,0.03493,0.2114,0.2098,
2.249,0.4372,0.1223,0.06228,0.05765,0.08944,0.06296,0.04573,0.02425,0.03465,0.0478,0.03496,0.2081,0.2099,
2.249,0.4281,0.1219,0.06246,0.05779,0.08944,0.06296,0.04573,0.02425,0.03465,0.0478,0.03497,0.2081,0.2099,
2.244,0.4253,0.1212,0.06285,0.05712,0.08948,0.06042,0.04568,0.02402,0.03439,0.04763,0.03497,0.2082,0.214,
2.244,0.4418,0.1208,0.06282,0.05722,0.08952,0.06045,0.0457,0.02403,0.0344,0.04765,0.03499,0.2083,0.2141,
2.244,0.4328,0.1225,0.06267,0.05726,0.08885,0.06038,0.04569,0.02401,0.03438,0.04764,0.03496,0.2093,0.2123,
2.243,0.4344,0.1242,0.06248,0.05741,0.08876,0.06017,0.04469,0.02398,0.03435,0.04759,0.03493,0.2102,0.2113,
2.242,0.4366,0.1261,0.06229,0.05765,0.08834,0.06014,0.04451,0.02343,0.03432,0.04755,0.03492,0.2111,0.2097,
2.244,0.436,0.1328,0.06201,0.05778,0.08824,0.0568,0.04491,0.02296,0.03605,0.0478,0.03489,0.2098,0.2059,
2.245,0.4454,0.1296,0.06213,0.05793,0.09087,0.05682,0.04493,0.0235,0.03554,0.04782,0.03491,0.2099,0.206,
2.245,0.4471,0.1291,0.06229,0.05795,0.09077,0.05676,0.04489,0.02401,0.03497,0.04777,0.03489,0.2108,0.2058,
2.245,0.4478,0.1291,0.06209,0.05814,0.09077,0.05676,0.04489,0.02401,0.03662,0.04612,0.03489,0.2108,0.2058,
2.262,0.4367,0.129,0.06203,0.05807,0.09068,0.0567,0.04537,0.02345,0.03764,0.05778,0.03487,0.1988,0.2056,
2.262,0.4376,0.1289,0.06225,0.05809,0.09006,0.05629,0.0453,0.02427,0.03671,0.05782,0.0349,0.199,0.2064,
2.263,0.446,0.1213,0.0626,0.05799,0.09652,0.05621,0.04523,0.02522,0.03566,0.05773,0.03473,0.2007,0.2061,
2.263,0.4498,0.1167,0.06266,0.058,0.1004,0.05618,0.0452,0.02521,0.03564,0.0577,0.03472,0.2016,0.206,
2.264,0.4634,0.1165,0.06282,0.05805,0.1004,0.05618,0.0452,0.02521,0.03652,0.05682,0.03473,0.2016,0.206,
2.262,0.4565,0.1163,0.06293,0.05811,0.1004,0.05472,0.0452,0.02521,0.03652,0.05682,0.03473,0.2016,0.2075,
2.262,0.4578,0.1163,0.06293,0.05808,0.1004,0.05419,0.04507,0.02521,0.03807,0.05527,0.03475,0.2016,0.2081,
2.262,0.4616,0.1163,0.06288,0.0582,0.0996,0.05422,0.04513,0.02524,0.03965,0.05374,0.03476,0.2018,0.2084,
2.262,0.4635,0.1155,0.06293,0.05841,0.09939,0.05429,0.04517,0.02527,0.04067,0.05283,0.03481,0.2021,0.2087,
2.241,0.4314,0.1153,0.06276,0.05849,0.09929,0.08066,0.0187,0.02524,0.04063,0.05278,0.03478,0.2029,0.2085,
2.24,0.4402,0.1144,0.06323,0.05867,0.09933,0.08156,0.01784,0.02525,0.04065,0.0528,0.03471,0.203,0.2086,
2.239,0.4403,0.1143,0.06316,0.05884,0.09933,0.08069,0.01762,0.02514,0.04052,0.0528,0.03473,0.203,0.2099,
2.236,0.4674,0.1131,0.06307,0.059,0.1001,0.07987,0.01659,0.02514,0.04364,0.04971,0.03475,0.2031,0.2119,
2.237,0.4368,0.1151,0.06291,0.05897,0.1004,0.07921,0.0166,0.02558,0.04458,0.04835,0.0346,0.2043,0.2094,
2.236,0.4364,0.115,0.06296,0.05908,0.1001,0.07977,0.01608,0.02559,0.0446,0.04837,0.03461,0.2044,0.2095,
2.235,0.4378,0.1148,0.06288,0.05904,0.09982,0.0797,0.01607,0.02557,0.04457,0.04832,0.0346,0.2053,0.2094,
2.235,0.4392,0.1146,0.06304,0.05907,0.09982,0.0797,0.01607,0.02557,0.04457,0.04832,0.03462,0.2053,0.2094,
2.234,0.4402,0.114,0.06317,0.05905,0.09961,0.07996,0.01604,0.02509,0.04448,0.04822,0.03456,0.2069,0.2089,
2.233,0.4457,0.1138,0.06304,0.05903,0.09966,0.07947,0.01591,0.0261,0.04404,0.04771,0.03459,0.207,0.2097,
2.233,0.4526,0.1127,0.06391,0.05925,0.09966,0.07989,0.01548,0.0261,0.04404,0.04771,0.0346,0.207,0.2097,
2.234,0.4537,0.1126,0.06402,0.05932,0.09933,0.07992,0.01606,0.02552,0.04405,0.04773,0.03462,0.2071,0.2098,
2.234,0.455,0.1122,0.06426,0.05933,0.09916,0.07993,0.01685,0.02474,0.04407,0.04774,0.03465,0.2072,0.2099,
2.234,0.4533,0.1122,0.06428,0.05944,0.09884,0.0805,0.01667,0.02483,0.04454,0.04686,0.03465,0.2073,0.21,
2.233,0.4557,0.1116,0.06459,0.05942,0.09873,0.08084,0.01718,0.02385,0.04449,0.04681,0.03463,0.2081,0.2098,
2.233,0.4548,0.111,0.06441,0.05951,0.0988,0.08091,0.0172,0.0243,0.04535,0.04561,0.03466,0.2083,0.2099,
2.231,0.455,0.1107,0.06414,0.05958,0.09874,0.08044,0.01751,0.02372,0.04629,0.04461,0.03465,0.2092,0.2105,
2.23,0.4408,0.1104,0.06443,0.05968,0.09809,0.0814,0.01661,0.02427,0.04579,0.04463,0.03468,0.2094,0.2107,
2.23,0.4396,0.1102,0.0646,0.05966,0.09809,0.08193,0.01608,0.02427,0.04579,0.04463,0.0347,0.2094,0.2107,
2.224,0.4408,0.1098,0.06468,0.05966,0.09814,0.0773,0.01595,0.02411,0.04569,0.04453,0.03473,0.2095,0.216,
2.223,0.4397,0.1096,0.06443,0.05972,0.09801,0.07699,0.01587,0.02401,0.04559,0.04455,0.03477,0.2096,0.2169,
2.223,0.4357,0.114,0.06409,0.05991,0.09747,0.07575,0.01584,0.02395,0.04551,0.04448,0.03471,0.2114,0.2129,
2.232,0.4371,0.1128,0.06432,0.05984,0.1006,0.07567,0.01662,0.02314,0.04908,0.04574,0.03468,0.2073,0.2103,
2.233,0.4404,0.1127,0.06417,0.06005,0.1006,0.07567,0.01704,0.02324,0.04988,0.04442,0.03469,0.2073,0.2103,
2.232,0.4413,0.1124,0.06424,0.05998,0.1005,0.07613,0.01648,0.02364,0.0494,0.04437,0.03466,0.2081,0.2101,
2.231,0.4502,0.1112,0.06474,0.06004,0.1002,0.07659,0.01607,0.02365,0.04942,0.04439,0.0347,0.2082,0.2108,
2.231,0.4394,0.1127,0.06475,0.06005,0.1,0.07609,0.01679,0.02265,0.0503,0.04342,0.03466,0.209,0.2096,
2.251,0.4194,0.1124,0.06454,0.05992,0.09967,0.07594,0.01676,0.02261,0.05118,0.05813,0.03462,0.195,0.2092,
2.252,0.4307,0.1115,0.06452,0.06012,0.1001,0.07597,0.01711,0.02341,0.0595,0.04874,0.03461,0.1951,0.2093,
2.25,0.4346,0.111,0.06513,0.06011,0.09981,0.07759,0.01551,0.02341,0.05951,0.04874,0.03465,0.1952,0.2094,
2.25,0.442,0.1109,0.06506,0.06021,0.09981,0.07759,0.01551,0.02341,0.05951,0.04874,0.03467,0.1952,0.2094,
2.247,0.4352,0.1095,0.06499,0.06019,0.1006,0.07656,0.01515,0.02337,0.0594,0.04865,0.03461,0.1967,0.2102,
2.247,0.4455,0.105,0.06499,0.06009,0.1049,0.07649,0.01513,0.02412,0.05856,0.0486,0.03462,0.1975,0.21,
2.247,0.449,0.1046,0.065,0.06016,0.1049,0.07652,0.01514,0.02413,0.05859,0.04862,0.03465,0.1976,0.2101,
2.247,0.4496,0.1044,0.06511,0.06019,0.1049,0.07652,0.01514,0.02413,0.05859,0.04862,0.03465,0.1976,0.2101,
2.246,0.4523,0.1041,0.06526,0.06022,0.1048,0.07697,0.01469,0.02414,0.05985,0.04741,0.03466,0.1977,0.2102,
2.245,0.4614,0.1036,0.06568,0.06027,0.1043,0.07754,0.01418,0.02416,0.06087,0.04647,0.03469,0.1979,0.2104,
2.248,0.4668,0.1056,0.06623,0.06029,0.1042,0.07587,0.01874,0.02026,0.0601,0.04642,0.03466,0.1987,0.209,
2.248,0.4676,0.1056,0.06593,0.06066,0.1039,0.0759,0.01874,0.02027,0.06012,0.04643,0.03469,0.1988,0.2091,
2.246,0.4755,0.1054,0.06567,0.06081,0.1038,0.0761,0.01878,0.01991,0.06169,0.04475,0.03467,0.1996,0.2089,
2.245,0.4779,0.105,0.06589,0.06077,0.1037,0.07478,0.01877,0.02102,0.06208,0.04312,0.03464,0.2004,0.2099,
2.245,0.4751,0.105,0.0658,0.06086,0.1037,0.07478,0.01919,0.02059,0.06208,0.04312,0.03464,0.2004,0.2099,
2.243,0.4777,0.104,0.0657,0.06088,0.1035,0.07392,0.01956,0.0201,0.06203,0.04303,0.03465,0.2005,0.2121,
2.249,0.5125,0.104,0.06566,0.06088,0.1035,0.07254,0.01956,0.05346,0.0287,0.04303,0.03467,0.2016,0.2124,
2.249,0.5088,0.09987,0.06573,0.06111,0.1073,0.07254,0.01956,0.05346,0.0287,0.04303,0.03467,0.2016,0.2124,
2.25,0.5005,0.09968,0.06586,0.06116,0.1073,0.07254,0.02009,0.05293,0.0287,0.04303,0.03468,0.2016,0.2124,
2.245,0.4999,0.09963,0.06574,0.06112,0.1076,0.07072,0.01955,0.05267,0.02997,0.04106,0.03467,0.2026,0.2147,
2.246,0.5027,0.1003,0.06547,0.06136,0.1074,0.07065,0.02006,0.05209,0.02994,0.04102,0.03464,0.2034,0.2136,
2.247,0.5,0.1001,0.06569,0.06143,0.1074,0.07065,0.02094,0.05121,0.03082,0.04014,0.03464,0.2034,0.2136,
2.25,0.5001,0.104,0.06547,0.06153,0.1073,0.07058,0.02091,0.05116,0.03132,0.03957,0.03462,0.2042,0.2093,
2.248,0.5006,0.1036,0.06586,0.06152,0.1073,0.06999,0.0208,0.05102,0.03114,0.03935,0.03464,0.2042,0.2105,
2.248,0.5033,0.1031,0.06626,0.06165,0.1073,0.06999,0.0208,0.05102,0.03114,0.03935,0.03464,0.2042,0.2105,
2.25,0.5037,0.1068,0.06612,0.06172,0.107,0.0691,0.02184,0.04975,0.03114,0.03935,0.03457,0.2052,0.2074,
2.25,0.5054,0.1064,0.06604,0.06181,0.1066,0.06917,0.02186,0.04982,0.03276,0.0378,0.03463,0.2055,0.2076,
2.25,0.5036,0.1058,0.06657,0.06189,0.106,0.06923,0.02187,0.05055,0.03208,0.03783,0.03467,0.2056,0.2078,
2.249,0.5063,0.1051,0.06647,0.0619,0.1058,0.06912,0.02184,0.05047,0.03202,0.03777,0.03461,0.2074,0.2075,
2.248,0.5078,0.1046,0.06655,0.06181,0.1056,0.06897,0.02213,0.05003,0.03196,0.03769,0.03454,0.209,0.207,
2.247,0.5107,0.1045,0.06663,0.0619,0.1056,0.06897,0.02217,0.04933,0.03196,0.03769,0.03456,0.209,0.2077,
2.25,0.5222,0.1041,0.06683,0.06192,0.1052,0.07008,0.021,0.05028,0.03315,0.03862,0.03452,0.2068,0.2076,
2.247,0.5208,0.1036,0.06654,0.06221,0.1045,0.06912,0.02077,0.05118,0.03654,0.03387,0.03459,0.2072,0.2099,
2.248,0.5158,0.1026,0.06648,0.0624,0.1054,0.06912,0.02223,0.04972,0.03654,0.03387,0.03459,0.2072,0.2099,
2.248,0.5171,0.1025,0.06666,0.06241,0.105,0.06982,0.02156,0.04973,0.03655,0.03388,0.03461,0.2072,0.21,
2.245,0.5264,0.1007,0.06656,0.06247,0.1051,0.06972,0.02146,0.04933,0.03656,0.0339,0.03462,0.2073,0.2123,
2.248,0.5149,0.1061,0.06652,0.06258,0.1047,0.06956,0.02177,0.05014,0.03531,0.03384,0.03457,0.2092,0.2057,
2.247,0.5166,0.1061,0.06656,0.06262,0.1044,0.0706,0.02076,0.05015,0.03532,0.03386,0.0346,0.2093,0.2058,
2.249,0.5198,0.1048,0.06638,0.06259,0.105,0.06796,0.02128,0.04961,0.03863,0.03348,0.03461,0.2073,0.2084,
2.247,0.516,0.1046,0.06664,0.06266,0.1043,0.06738,0.02114,0.04946,0.03842,0.0332,0.03467,0.2075,0.2101,
2.245,0.5056,0.1045,0.06671,0.06265,0.1043,0.06684,0.02101,0.04971,0.03779,0.03294,0.03467,0.2075,0.2114,
2.243,0.4986,0.1019,0.06655,0.06277,0.1043,0.06684,0.02101,0.04971,0.03779,0.03294,0.03468,0.2075,0.2141,
2.243,0.4973,0.1004,0.0669,0.06279,0.105,0.06683,0.02102,0.04975,0.03896,0.03181,0.0347,0.2077,0.2142,
2.242,0.4927,0.09993,0.06732,0.06278,0.105,0.06726,0.0206,0.05028,0.04006,0.03018,0.0347,0.2077,0.2142,
2.239,0.4935,0.09977,0.0675,0.06283,0.1046,0.0653,0.0206,0.05099,0.03989,0.02966,0.03472,0.2078,0.2163,
2.233,0.4887,0.1032,0.06697,0.06238,0.1044,0.06106,0.02087,0.05162,0.03851,0.0296,0.03425,0.2094,0.2177,
2.233,0.4885,0.1032,0.06693,0.0624,0.1044,0.06159,0.02034,0.05162,0.03851,0.0296,0.03427,0.2094,0.2177,
2.234,0.5177,0.1032,0.06683,0.06249,0.1044,0.06159,0.05034,0.02162,0.03851,0.0296,0.03428,0.2094,0.2177,
2.231,0.5268,0.103,0.06689,0.06254,0.1044,0.05974,0.05015,0.02226,0.0375,0.0296,0.03428,0.2094,0.2202,
2.242,0.5183,0.1036,0.06716,0.06261,0.1043,0.05967,0.0501,0.02223,0.03746,0.03509,0.03426,0.2047,0.2188,
2.242,0.5228,0.1063,0.06682,0.06283,0.1039,0.05843,0.05007,0.02296,0.03723,0.03454,0.03426,0.2056,0.2171,
2.241,0.5094,0.1087,0.0669,0.06288,0.1037,0.05671,0.05006,0.02295,0.03722,0.03452,0.03423,0.2066,0.2156,
2.241,0.5087,0.1099,0.06717,0.06279,0.1035,0.05665,0.05106,0.02188,0.03718,0.03449,0.03421,0.2075,0.2136,
2.251,0.5035,0.1127,0.06702,0.06276,0.1031,0.05658,0.05099,0.02184,0.03869,0.03827,0.03417,0.2039,0.21,
2.251,0.5016,0.1121,0.06695,0.06284,0.1037,0.05658,0.05099,0.02226,0.03827,0.03827,0.03417,0.2039,0.21,
2.253,0.5045,0.1143,0.06679,0.0629,0.1044,0.05655,0.05096,0.02277,0.03773,0.03824,0.03418,0.2048,0.2064,
2.253,0.5015,0.1137,0.06664,0.06297,0.1045,0.05788,0.04972,0.0237,0.03685,0.03828,0.03421,0.205,0.2066,
2.253,0.5014,0.1135,0.06656,0.06304,0.1044,0.05824,0.04925,0.02368,0.03681,0.03824,0.03418,0.2058,0.2064,
2.251,0.5379,0.1096,0.06614,0.06329,0.1075,0.05814,0.04958,0.0232,0.03674,0.03817,0.03412,0.2075,0.206,
2.254,0.5269,0.1094,0.06592,0.06346,0.1074,0.05808,0.04953,0.02318,0.03671,0.04028,0.0341,0.2062,0.2058,
2.253,0.4829,0.109,0.06572,0.06363,0.107,0.05781,0.04905,0.02405,0.03583,0.04026,0.03408,0.2072,0.2064,
2.253,0.4617,0.109,0.06569,0.06362,0.107,0.05781,0.04946,0.02364,0.03583,0.04026,0.03412,0.2072,0.2064,
2.253,0.4602,0.109,0.06555,0.06375,0.107,0.05781,0.04946,0.02364,0.03583,0.04026,0.03413,0.2072,0.2064,
2.253,0.46,0.109,0.06546,0.06389,0.107,0.05781,0.04946,0.02364,0.03809,0.03799,0.03413,0.2072,0.2064,
2.252,0.4623,0.1088,0.06567,0.06392,0.1063,0.05838,0.04958,0.02304,0.03864,0.0375,0.03417,0.2074,0.2066,
2.252,0.4621,0.1085,0.06552,0.0641,0.1063,0.05841,0.0496,0.02305,0.03866,0.03752,0.03418,0.2075,0.2067,
2.255,0.4628,0.1071,0.06568,0.06409,0.1063,0.05837,0.05013,0.02248,0.03863,0.04034,0.03416,0.2055,0.2072,
2.254,0.466,0.1046,0.06571,0.06418,0.1073,0.05896,0.05011,0.02196,0.03865,0.04036,0.03418,0.2056,0.2084,
2.239,0.4873,0.105,0.06542,0.0642,0.1068,0.07921,0.02888,0.02133,0.03968,0.03929,0.03418,0.2065,0.2095,
2.239,0.4716,0.106,0.06518,0.06432,0.1066,0.07968,0.02828,0.02132,0.04087,0.03803,0.03415,0.2074,0.2082,
2.25,0.4667,0.1075,0.06499,0.06447,0.1069,0.0796,0.02825,0.0213,0.04196,0.04355,0.03413,0.2016,0.2058,
2.249,0.472,0.1073,0.06484,0.06476,0.1069,0.07902,0.02889,0.02034,0.04196,0.04355,0.03414,0.2016,0.2067,
2.249,0.4749,0.1072,0.06502,0.06479,0.1063,0.07908,0.0289,0.02076,0.04417,0.04098,0.03413,0.2017,0.2069,
2.248,0.4747,0.1072,0.06503,0.06483,0.1063,0.07875,0.02882,0.02065,0.04404,0.04098,0.03415,0.2017,0.2075,
2.247,0.4789,0.1071,0.06502,0.06388,0.1063,0.07875,0.02882,0.02065,0.04404,0.04098,0.03411,0.2017,0.2086,
2.247,0.4805,0.1079,0.0649,0.06389,0.1062,0.07862,0.02985,0.02045,0.04307,0.04091,0.03408,0.2034,0.2068,
2.246,0.4884,0.1068,0.06506,0.06394,0.1069,0.07813,0.02973,0.02046,0.04309,0.04093,0.03401,0.2035,0.2075,
2.246,0.4904,0.1017,0.06504,0.06398,0.1119,0.07813,0.02973,0.02046,0.04309,0.04093,0.03402,0.2035,0.2075,
2.243,0.4891,0.1031,0.06479,0.0638,0.111,0.07835,0.02927,0.0197,0.04338,0.04022,0.03391,0.207,0.2056,
2.24,0.495,0.1031,0.06477,0.06386,0.1107,0.07653,0.0292,0.01961,0.0444,0.03911,0.03391,0.207,0.2078,
2.242,0.5074,0.104,0.06476,0.0639,0.1106,0.07697,0.02865,0.01959,0.04435,0.04055,0.03389,0.2064,0.2064,
2.25,0.4734,0.1039,0.06463,0.06389,0.1104,0.07733,0.02817,0.01957,0.0443,0.04607,0.03386,0.2016,0.2062,
2.249,0.4751,0.1027,0.06464,0.06386,0.1112,0.07752,0.02788,0.01955,0.04478,0.0455,0.03383,0.2024,0.206,
2.248,0.4836,0.1026,0.06444,0.06388,0.1113,0.07834,0.02752,0.01914,0.0448,0.04552,0.03386,0.2025,0.2061,
2.248,0.4815,0.102,0.06445,0.06407,0.1108,0.07844,0.02756,0.01958,0.04496,0.04506,0.03392,0.2028,0.2064,
2.248,0.4768,0.1013,0.06487,0.06406,0.1109,0.07846,0.02755,0.01959,0.04731,0.04275,0.03395,0.2029,0.2065,
2.246,0.4831,0.1009,0.06482,0.06404,0.1102,0.07906,0.02674,0.01955,0.04725,0.04268,0.03389,0.2047,0.2062,
2.246,0.482,0.1007,0.06493,0.06409,0.11,0.07903,0.02675,0.01956,0.04726,0.04269,0.0339,0.2048,0.2063,
2.246,0.4839,0.1006,0.06488,0.0642,0.1097,0.07907,0.02677,0.01957,0.04729,0.04271,0.0339,0.2049,0.2064,
2.246,0.4868,0.1002,0.06479,0.06438,0.1092,0.07944,0.02653,0.02056,0.04794,0.0412,0.03396,0.2051,0.2067,
2.247,0.4938,0.09968,0.06494,0.06446,0.1091,0.07936,0.02651,0.02178,0.04717,0.04064,0.03393,0.2059,0.2065,
2.251,0.5048,0.09971,0.06477,0.06468,0.1088,0.07939,0.02651,0.03559,0.03336,0.04065,0.03395,0.206,0.2065,
2.25,0.5064,0.09964,0.06464,0.06479,0.1086,0.07804,0.02652,0.03561,0.03338,0.04066,0.03398,0.2061,0.208,
2.25,0.5128,0.09927,0.0648,0.0647,0.1087,0.07806,0.02684,0.03571,0.0408,0.03285,0.034,0.2062,0.2081,
2.25,0.5173,0.09786,0.06492,0.06469,0.11,0.07806,0.02757,0.03499,0.0408,0.03285,0.03401,0.2062,0.2081,
2.25,0.5128,0.0996,0.06483,0.06468,0.1099,0.0785,0.02702,0.03495,0.04076,0.03281,0.03399,0.207,0.206,
2.249,0.5156,0.09948,0.06471,0.0649,0.1099,0.07823,0.02695,0.03487,0.04066,0.03268,0.03401,0.207,0.2066,
2.262,0.5105,0.09182,0.0647,0.065,0.1168,0.07766,0.02681,0.03485,0.04115,0.04081,0.03399,0.1993,0.2071,
2.261,0.512,0.09295,0.06449,0.06492,0.1164,0.07743,0.02744,0.03402,0.04211,0.03961,0.0339,0.2017,0.205,
2.259,0.5111,0.09291,0.0644,0.06503,0.1164,0.07634,0.02728,0.03381,0.04185,0.03961,0.03391,0.2017,0.2067,
2.259,0.51,0.09602,0.06448,0.06501,0.1162,0.07373,0.02839,0.03256,0.04184,0.03959,0.03391,0.2026,0.2056,
2.258,0.5133,0.09562,0.06468,0.06508,0.1155,0.07418,0.02791,0.03254,0.04183,0.03958,0.03391,0.2036,0.2056,
2.256,0.5147,0.09547,0.06451,0.06523,0.115,0.0738,0.0278,0.03241,0.04385,0.03737,0.03389,0.2045,0.2061,
2.255,0.5158,0.09541,0.06452,0.06525,0.1146,0.07361,0.02738,0.03243,0.04388,0.0374,0.03393,0.2047,0.2069,
2.255,0.5192,0.09643,0.06445,0.06528,0.1144,0.07354,0.02735,0.03281,0.04429,0.0365,0.0339,0.2055,0.2055,
2.255,0.513,0.09575,0.06447,0.06533,0.115,0.07354,0.02735,0.03281,0.04429,0.0365,0.03392,0.2055,0.2055,
2.254,0.5187,0.09566,0.0645,0.0654,0.1147,0.0739,0.02703,0.03282,0.04482,0.036,0.03395,0.2056,0.2056,
2.27,0.5169,0.09294,0.06452,0.06541,0.1168,0.07386,0.02702,0.03335,0.04424,0.04648,0.03394,0.196,0.2055,
2.269,0.4834,0.09083,0.0649,0.0655,0.1179,0.07351,0.02694,0.03408,0.04345,0.04652,0.03393,0.1962,0.2063,
2.27,0.4844,0.0929,0.06512,0.06544,0.1176,0.07396,0.0264,0.03503,0.04246,0.04649,0.03392,0.197,0.2036,
2.27,0.5006,0.09243,0.06493,0.0657,0.1175,0.074,0.02642,0.03506,0.04336,0.04566,0.03395,0.1972,0.2038,
2.27,0.4892,0.09195,0.0651,0.06573,0.1172,0.07428,0.02607,0.03504,0.04385,0.04509,0.03393,0.1981,0.2037,
2.265,0.4953,0.09166,0.06497,0.06603,0.117,0.07257,0.03642,0.02355,0.04365,0.04511,0.03396,0.1982,0.2069,
2.264,0.4995,0.09136,0.06523,0.06494,0.1169,0.07259,0.03711,0.02377,0.04277,0.04512,0.03397,0.1983,0.208,
2.263,0.507,0.09129,0.06524,0.06509,0.1162,0.07265,0.03791,0.023,0.04605,0.0419,0.03401,0.1984,0.2082,
2.264,0.5021,0.09359,0.06511,0.06508,0.1161,0.07284,0.0376,0.02298,0.04601,0.04186,0.03399,0.1992,0.2056,
2.262,0.5092,0.09357,0.06514,0.06517,0.1154,0.07152,0.03763,0.023,0.05052,0.03743,0.03401,0.1994,0.2072,
2.26,0.5124,0.09348,0.06482,0.0654,0.1151,0.06984,0.03766,0.02301,0.05055,0.03743,0.03404,0.1996,0.2091,
2.257,0.5068,0.09438,0.06482,0.0641,0.1146,0.07218,0.03528,0.02301,0.05052,0.03738,0.03401,0.2005,0.2091,
2.259,0.5116,0.09557,0.06491,0.06427,0.1146,0.07217,0.03561,0.02317,0.05002,0.03738,0.03401,0.2015,0.2067,
2.258,0.5017,0.09532,0.06486,0.06454,0.1146,0.07109,0.03561,0.02317,0.05002,0.03738,0.03403,0.2015,0.2078,
2.257,0.5034,0.09495,0.06513,0.06465,0.1146,0.07109,0.03594,0.02284,0.05097,0.03643,0.03403,0.2015,0.2078,
2.257,0.5415,0.09468,0.06534,0.06476,0.1143,0.07157,0.03552,0.02285,0.05099,0.03644,0.03406,0.2016,0.2079,
2.256,0.4829,0.09665,0.06521,0.06466,0.114,0.07098,0.036,0.02252,0.0502,0.03615,0.03401,0.2032,0.2063,
2.256,0.483,0.09925,0.06531,0.06472,0.1146,0.06875,0.03587,0.02307,0.04947,0.03613,0.03401,0.2041,0.2047,
2.254,0.4874,0.09872,0.06533,0.06408,0.1151,0.06753,0.03587,0.02307,0.04947,0.03613,0.03404,0.2041,0.2066,
2.254,0.4762,0.09875,0.06529,0.06416,0.1148,0.06755,0.03588,0.02306,0.04949,0.03614,0.03405,0.2042,0.2066,
2.253,0.4793,0.0984,0.06536,0.06433,0.1146,0.06785,0.03563,0.02307,0.05125,0.03441,0.03407,0.2043,0.2067,
2.251,0.4794,0.09817,0.06517,0.06444,0.1146,0.06803,0.03516,0.023,0.05394,0.03152,0.03408,0.2044,0.2075,
2.251,0.4788,0.09791,0.06529,0.06458,0.1146,0.06803,0.03516,0.023,0.05394,0.03152,0.03408,0.2044,0.2075,
2.249,0.4809,0.09878,0.06525,0.06466,0.1143,0.06673,0.03591,0.02221,0.0539,0.0315,0.03408,0.2053,0.2074,
2.262,0.4748,0.1007,0.06537,0.06464,0.114,0.06659,0.03584,0.02217,0.05379,0.03852,0.03402,0.1998,0.2045,
2.262,0.4784,0.1006,0.06538,0.06471,0.114,0.06714,0.03529,0.02217,0.05379,0.03852,0.03403,0.1998,0.2045,
2.261,0.4848,0.1006,0.06519,0.06493,0.1137,0.06598,0.03529,0.02285,0.05407,0.03759,0.03405,0.1999,0.2058,
2.257,0.4882,0.1019,0.06505,0.06502,0.1136,0.06419,0.03592,0.02217,0.05832,0.03324,0.03403,0.2007,0.2058,
2.255,0.485,0.1017,0.06518,0.06504,0.1135,0.06337,0.03572,0.02208,0.05822,0.03325,0.03405,0.2008,0.2072,
2.255,0.4808,0.1047,0.06507,0.06502,0.113,0.06159,0.03566,0.02204,0.05812,0.03319,0.034,0.2025,0.2051,
2.254,0.4775,0.1029,0.06529,0.0651,0.1139,0.06156,0.03564,0.02254,0.05757,0.03317,0.03398,0.2034,0.205,
2.255,0.4718,0.1038,0.06529,0.06517,0.1137,0.06098,0.03568,0.02343,0.05677,0.03321,0.03397,0.2046,0.2034,
2.253,0.4741,0.1036,0.06523,0.06519,0.1135,0.06036,0.03513,0.02382,0.0563,0.03318,0.03393,0.2054,0.2043,
2.253,0.4707,0.1035,0.0653,0.06526,0.1132,0.06038,0.03566,0.02331,0.05633,0.03319,0.03396,0.2055,0.2043,
2.263,0.4685,0.1047,0.06517,0.064,0.1132,0.05983,0.03617,0.02264,0.05629,0.04026,0.03395,0.1993,0.2045,
2.262,0.4699,0.1043,0.06519,0.06413,0.113,0.05977,0.03614,0.02262,0.05761,0.03884,0.03392,0.2001,0.2043,
2.262,0.4711,0.1043,0.06518,0.0642,0.1122,0.0604,0.03594,0.02231,0.0582,0.03837,0.03398,0.2004,0.2046,
2.261,0.4755,0.104,0.06503,0.06433,0.1116,0.06039,0.03592,0.0223,0.0587,0.03785,0.03399,0.2014,0.2045,
2.259,0.4776,0.1035,0.06519,0.0634,0.1115,0.06033,0.03589,0.02228,0.05864,0.03781,0.03395,0.2022,0.2053,
2.259,0.4764,0.1034,0.06508,0.06349,0.1114,0.06034,0.0359,0.02229,0.05866,0.03782,0.03397,0.2023,0.2054,
2.258,0.4751,0.1033,0.06492,0.06364,0.1112,0.0597,0.03592,0.02229,0.05868,0.03783,0.03402,0.2024,0.2061,
2.265,0.5012,0.1037,0.06446,0.06391,0.1112,0.05969,0.03591,0.04781,0.03315,0.03783,0.03402,0.2033,0.2051,
2.265,0.5034,0.1037,0.06433,0.06403,0.1112,0.05996,0.03636,0.04751,0.03326,0.03731,0.03402,0.2033,0.2051,
2.262,0.5158,0.1036,0.06435,0.06411,0.1112,0.05969,0.03497,0.04868,0.03209,0.03731,0.03403,0.2033,0.2067,
2.262,0.5168,0.1031,0.06434,0.0643,0.1106,0.06021,0.03457,0.04918,0.03169,0.03736,0.03405,0.2036,0.207,
2.262,0.5161,0.1028,0.06417,0.06435,0.1104,0.06026,0.03536,0.04846,0.03172,0.03739,0.03409,0.2038,0.2072,
2.262,0.5161,0.1038,0.06441,0.06429,0.1101,0.05969,0.03562,0.04802,0.03221,0.03685,0.03408,0.2047,0.2063,
2.249,0.5066,0.1046,0.06424,0.06191,0.1096,0.05433,0.0342,0.04786,0.03219,0.03683,0.03398,0.2056,0.2146,
2.248,0.504,0.1045,0.06424,0.06201,0.1096,0.05406,0.03414,0.04778,0.03209,0.0367,0.03399,0.2056,0.2153,
2.248,0.5048,0.1038,0.06416,0.0621,0.1097,0.05411,0.03417,0.04782,0.03211,0.03673,0.03404,0.2058,0.2155,
2.247,0.4953,0.1035,0.06438,0.06223,0.1094,0.05568,0.03263,0.04908,0.03089,0.03674,0.03406,0.2058,0.2156,
2.245,0.5049,0.103,0.06433,0.06229,0.1097,0.05461,0.03306,0.04855,0.03298,0.03425,0.03407,0.2059,0.2173,
2.244,0.5088,0.1026,0.06437,0.06226,0.1097,0.05525,0.03245,0.04857,0.033,0.03427,0.03409,0.206,0.2174,
2.243,0.5084,0.1015,0.06447,0.06238,0.1106,0.0547,0.03231,0.04933,0.03224,0.03427,0.03412,0.206,0.2181,
2.242,0.5086,0.1011,0.06475,0.06247,0.1106,0.05443,0.03225,0.04925,0.03386,0.03241,0.03412,0.206,0.2187,
2.242,0.5082,0.09935,0.06492,0.06248,0.1119,0.05446,0.03226,0.04927,0.03551,0.03078,0.03412,0.2061,0.2188,
2.242,0.4989,0.09829,0.0647,0.06279,0.1129,0.05446,0.03226,0.04927,0.03551,0.03078,0.03412,0.2061,0.2188,
2.242,0.4972,0.09802,0.06494,0.06281,0.1129,0.05446,0.03278,0.04875,0.03551,0.03078,0.03413,0.2061,0.2188,
2.242,0.5001,0.09797,0.06498,0.0629,0.1125,0.05527,0.03285,0.04843,0.035,0.03079,0.03415,0.2062,0.2189,
2.24,0.499,0.09657,0.06492,0.06264,0.1133,0.05428,0.03321,0.04814,0.03503,0.03082,0.03418,0.2064,0.2205,
2.24,0.4999,0.09646,0.06496,0.06274,0.113,0.05431,0.03323,0.04816,0.03557,0.03031,0.03418,0.2065,0.2206,
2.24,0.4967,0.09627,0.06509,0.06279,0.113,0.05431,0.03356,0.04783,0.03557,0.03031,0.03419,0.2065,0.2206,
2.24,0.4978,0.09617,0.06503,0.06294,0.113,0.0551,0.03276,0.04783,0.03557,0.03031,0.0342,0.2065,0.2206,
2.24,0.4994,0.09596,0.06521,0.06296,0.113,0.0551,0.03332,0.04728,0.03557,0.03031,0.03421,0.2065,0.2206,
2.239,0.5067,0.09407,0.06534,0.06316,0.1136,0.05512,0.03333,0.0473,0.03558,0.03032,0.03423,0.2066,0.2213,
2.254,0.4972,0.09667,0.0654,0.06312,0.1146,0.05511,0.03402,0.0466,0.03557,0.03694,0.03424,0.2009,0.2168,
2.255,0.505,0.09643,0.06559,0.06317,0.1146,0.05511,0.03402,0.0466,0.03557,0.03694,0.03424,0.2009,0.2168,
2.25,0.5021,0.0978,0.06561,0.06314,0.1145,0.05324,0.03369,0.04607,0.03554,0.03625,0.03422,0.2017,0.2182,
2.25,0.5042,0.09662,0.0657,0.06326,0.1152,0.05326,0.03371,0.04609,0.03554,0.03626,0.03425,0.2018,0.2183,
2.248,0.5019,0.09713,0.06589,0.06327,0.1151,0.053,0.03406,0.04544,0.03489,0.03597,0.03424,0.2026,0.2184,
2.248,0.5022,0.09704,0.06583,0.06349,0.1147,0.05302,0.03407,0.04546,0.03489,0.03598,0.03426,0.2027,0.2185,
2.252,0.5028,0.103,0.06557,0.06345,0.1143,0.05298,0.03405,0.04543,0.03487,0.03595,0.03423,0.2046,0.2115,
2.251,0.5147,0.1025,0.06553,0.06374,0.1141,0.05238,0.03407,0.04546,0.03489,0.03598,0.03427,0.2048,0.2124,
2.251,0.4819,0.1011,0.06548,0.06381,0.1143,0.05286,0.03401,0.04557,0.0345,0.036,0.0343,0.2049,0.2132,
2.273,0.4676,0.1065,0.06562,0.06361,0.1139,0.0527,0.03424,0.0451,0.0344,0.04853,0.03421,0.1947,0.2064,
2.271,0.4606,0.1059,0.06556,0.06359,0.1138,0.05274,0.03376,0.04502,0.03513,0.04752,0.03427,0.195,0.2078,
2.271,0.4608,0.1053,0.0657,0.06371,0.1138,0.05277,0.03377,0.04607,0.03411,0.04754,0.03429,0.195,0.2079,
2.261,0.4732,0.1044,0.0655,0.06382,0.114,0.05284,0.06149,0.01977,0.03284,0.0476,0.03435,0.1953,0.2081,
2.261,0.4735,0.1044,0.06538,0.06401,0.1136,0.05286,0.06152,0.01978,0.03372,0.04675,0.03437,0.1954,0.2082,
2.261,0.4814,0.1025,0.06533,0.06414,0.1149,0.0529,0.06218,0.02016,0.03277,0.04679,0.03442,0.1955,0.2084,
2.26,0.4744,0.1025,0.06519,0.06429,0.1149,0.0529,0.06252,0.01983,0.03277,0.04679,0.03443,0.1955,0.2084,
2.26,0.4697,0.1062,0.0651,0.06432,0.1158,0.05189,0.06221,0.01967,0.03257,0.04653,0.0344,0.1963,0.2051,
2.26,0.471,0.106,0.0651,0.06427,0.1157,0.05184,0.06215,0.02069,0.0315,0.04648,0.03438,0.1971,0.2049,
2.26,0.4769,0.1049,0.06518,0.06429,0.1157,0.05186,0.0627,0.02018,0.03569,0.04232,0.03441,0.1972,0.2056,
2.26,0.4792,0.1047,0.06479,0.06441,0.1155,0.0522,0.06213,0.02097,0.03531,0.04172,0.03435,0.1988,0.2052,
2.259,0.4821,0.1043,0.06496,0.06437,0.1154,0.05215,0.06207,0.02094,0.03528,0.04168,0.03433,0.1996,0.205,
2.258,0.4782,0.1037,0.06462,0.06468,0.1147,0.05192,0.06212,0.02089,0.03522,0.04176,0.0343,0.2,0.2061,
2.258,0.4809,0.1033,0.06467,0.06468,0.1148,0.05221,0.06188,0.02089,0.03523,0.04178,0.03433,0.2001,0.2062,
2.258,0.4795,0.1033,0.06467,0.06466,0.1148,0.05221,0.06221,0.02056,0.03523,0.04178,0.03435,0.2001,0.2062,
2.257,0.4813,0.1031,0.06447,0.06479,0.1146,0.05267,0.06163,0.02054,0.0352,0.04174,0.03431,0.2009,0.206,
2.257,0.5061,0.1013,0.06446,0.06482,0.1165,0.05267,0.06224,0.0209,0.03818,0.03779,0.03433,0.2009,0.206,
2.256,0.5099,0.1009,0.06427,0.06475,0.1162,0.05266,0.06223,0.0209,0.03904,0.03692,0.03428,0.2019,0.2059,
2.257,0.4643,0.1007,0.06446,0.06489,0.1159,0.05268,0.06226,0.02091,0.03905,0.03693,0.0343,0.202,0.206,
2.256,0.4655,0.0996,0.06418,0.06514,0.117,0.05268,0.06226,0.02091,0.03905,0.03693,0.03432,0.202,0.206,
2.255,0.4678,0.09867,0.06413,0.06522,0.1178,0.05245,0.06141,0.02091,0.03983,0.03615,0.03434,0.202,0.2071,
2.255,0.4838,0.09843,0.06412,0.06528,0.1178,0.05245,0.0614,0.0209,0.03984,0.03616,0.03439,0.2021,0.2072,
2.254,0.4951,0.09686,0.06415,0.06532,0.1193,0.05245,0.06173,0.02057,0.0407,0.0353,0.03439,0.2021,0.2072,
2.254,0.4909,0.0974,0.06391,0.0654,0.1191,0.05331,0.06086,0.02056,0.04156,0.03443,0.03434,0.203,0.2062,
2.253,0.495,0.09715,0.06367,0.06564,0.1189,0.05325,0.06079,0.02054,0.04152,0.03439,0.03432,0.2038,0.2059,
2.252,0.4956,0.09687,0.06356,0.06572,0.1187,0.05221,0.06084,0.02056,0.04155,0.03442,0.03438,0.204,0.2072,
2.254,0.4855,0.1023,0.06345,0.06575,0.1186,0.05186,0.06073,0.02045,0.0414,0.03424,0.03436,0.2049,0.2019,
2.253,0.4871,0.1022,0.06337,0.0653,0.1186,0.05186,0.06106,0.02012,0.0414,0.03424,0.03435,0.2049,0.2026,
2.253,0.4863,0.102,0.06358,0.0654,0.1182,0.05189,0.06109,0.02013,0.04142,0.03426,0.03437,0.205,0.2027,
2.252,0.4823,0.1017,0.06371,0.06532,0.1181,0.05157,0.06096,0.02002,0.04127,0.03409,0.03435,0.2058,0.2031,
2.249,0.4829,0.1014,0.06401,0.0653,0.1178,0.05066,0.06176,0.01906,0.04115,0.0341,0.03437,0.2059,0.2044,
2.248,0.4843,0.1012,0.06412,0.06543,0.1178,0.05025,0.06166,0.01935,0.04255,0.03229,0.03439,0.2059,0.2051,
2.248,0.4841,0.1012,0.06411,0.06544,0.1175,0.05076,0.0612,0.01936,0.04257,0.0323,0.03441,0.206,0.2052,
2.248,0.4827,0.09861,0.0638,0.06576,0.1194,0.05076,0.0612,0.04182,0.02011,0.0323,0.03442,0.206,0.2058,
