entropy,entropyInd,RabA,RabB,RabC,RabD,RabE,RabF,RabG,RabH,RabI,xER,xPM,
2.178,0.3355,0.106,0.0907,0.0685,0.1252,0.05449,0.03938,0.03062,0.03407,0.03502,0.2066,0.2094,
2.178,0.3353,0.1061,0.09082,0.06858,0.1241,0.05456,0.03943,0.03065,0.0341,0.03506,0.2069,0.2097,
2.178,0.3487,0.1062,0.09089,0.06863,0.1234,0.0546,0.03946,0.03067,0.03413,0.03508,0.2071,0.2099,
2.173,0.3478,0.1062,0.09089,0.06797,0.1234,0.05195,0.03946,0.03067,0.03413,0.03508,0.2071,0.2132,
2.172,0.3426,0.1046,0.09089,0.06731,0.1234,0.05195,0.03946,0.03067,0.03413,0.03508,0.2071,0.2154,
2.168,0.3444,0.1048,0.091,0.06525,0.1223,0.0509,0.0395,0.0307,0.03417,0.03511,0.2074,0.2189,
2.166,0.3465,0.1048,0.09061,0.06526,0.1224,0.05027,0.03952,0.03071,0.03418,0.03513,0.2075,0.2197,
2.166,0.3439,0.1048,0.09061,0.06526,0.1224,0.05027,0.03952,0.03071,0.03418,0.03513,0.2075,0.2197,
2.165,0.3506,0.1029,0.09061,0.06526,0.1224,0.05027,0.03952,0.03071,0.03418,0.03513,0.2075,0.2215,
2.168,0.3465,0.1082,0.09041,0.06519,0.122,0.05028,0.03953,0.03072,0.03419,0.03513,0.2086,0.2158,
2.162,0.3471,0.1108,0.09014,0.06505,0.1211,0.04555,0.03936,0.03069,0.03415,0.03509,0.2105,0.2176,
2.16,0.348,0.1097,0.09014,0.06505,0.1211,0.04489,0.03936,0.03069,0.03415,0.03509,0.2105,0.2193,
2.158,0.3499,0.1097,0.09017,0.06507,0.1207,0.04381,0.03938,0.0307,0.03417,0.03511,0.2106,0.2205,
2.157,0.343,0.1087,0.09017,0.06507,0.1207,0.04381,0.03938,0.0307,0.03417,0.03511,0.2106,0.2216,
2.166,0.3379,0.1118,0.0895,0.06494,0.1205,0.04372,0.03929,0.03063,0.03409,0.03972,0.2076,0.2183,
2.167,0.3333,0.114,0.08944,0.0649,0.12,0.04368,0.03927,0.03061,0.03407,0.03968,0.2085,0.2158,
2.166,0.3321,0.1141,0.08947,0.06492,0.1197,0.04327,0.03918,0.03049,0.03408,0.0397,0.2086,0.2166,
2.165,0.3337,0.1141,0.08947,0.06492,0.1197,0.04261,0.03918,0.03049,0.03408,0.0397,0.2086,0.2173,
2.164,0.3493,0.1128,0.08951,0.06494,0.1193,0.04263,0.03919,0.0305,0.0341,0.03971,0.2086,0.2186,
2.163,0.344,0.1126,0.08937,0.06497,0.1194,0.04199,0.03921,0.03051,0.03411,0.03973,0.2087,0.2194,
2.163,0.3332,0.1126,0.08937,0.06497,0.1194,0.04199,0.03921,0.03051,0.03411,0.03973,0.2087,0.2194,
2.163,0.3365,0.1124,0.08925,0.065,0.1194,0.04201,0.03923,0.03052,0.03413,0.03974,0.2088,0.2195,
2.163,0.3354,0.1128,0.08915,0.06496,0.1194,0.04198,0.0392,0.0305,0.0341,0.03972,0.2097,0.2184,
2.163,0.3299,0.1128,0.08843,0.06504,0.119,0.04204,0.03927,0.03055,0.03416,0.03978,0.2101,0.2188,
2.16,0.3291,0.1128,0.08847,0.06505,0.1187,0.04082,0.03897,0.03056,0.03417,0.03979,0.2102,0.2205,
2.165,0.3264,0.1141,0.08837,0.06499,0.1186,0.03924,0.03893,0.03053,0.03413,0.04423,0.2066,0.2204,
2.164,0.3296,0.1135,0.08837,0.06499,0.1186,0.03924,0.03893,0.03053,0.03413,0.04423,0.2066,0.221,
2.166,0.3224,0.1172,0.08832,0.06494,0.1181,0.03921,0.03891,0.03051,0.03411,0.0442,0.2075,0.2171,
2.166,0.3232,0.1168,0.08836,0.06497,0.1181,0.03923,0.03892,0.03052,0.03412,0.04422,0.2076,0.2172,
2.168,0.3112,0.121,0.08818,0.06484,0.1179,0.03915,0.03884,0.03046,0.03405,0.04413,0.2092,0.2123,
2.167,0.3134,0.1211,0.08824,0.06488,0.1172,0.03917,0.03887,0.03047,0.03407,0.04416,0.2094,0.2125,
2.166,0.3205,0.1204,0.08811,0.06507,0.1173,0.03854,0.0389,0.0305,0.0341,0.04419,0.2096,0.2133,
2.165,0.3256,0.1204,0.0881,0.06519,0.1169,0.03835,0.03847,0.03052,0.03468,0.04365,0.2097,0.2141,
2.166,0.3222,0.1238,0.08823,0.06514,0.1166,0.03723,0.03844,0.03049,0.03465,0.04438,0.2098,0.2112,
2.179,0.3129,0.1288,0.08827,0.06519,0.1165,0.0372,0.03842,0.03047,0.03463,0.05175,0.2033,0.2054,
2.179,0.3184,0.1286,0.08828,0.06522,0.116,0.03763,0.03795,0.03046,0.03461,0.05172,0.2042,0.2053,
2.179,0.3166,0.1269,0.08817,0.06536,0.1158,0.03794,0.03806,0.03016,0.03799,0.04845,0.2045,0.2066,
2.173,0.3161,0.1268,0.08793,0.06307,0.1152,0.04855,0.02743,0.03015,0.03798,0.04844,0.2055,0.2089,
2.171,0.3175,0.1267,0.08798,0.06188,0.1149,0.04805,0.02731,0.0369,0.03255,0.04717,0.2056,0.211,
2.165,0.3421,0.1263,0.08806,0.0621,0.1139,0.04637,0.04458,0.01975,0.0326,0.04726,0.206,0.2132,
2.165,0.3399,0.1255,0.08788,0.06242,0.114,0.04694,0.04409,0.01976,0.03263,0.0473,0.2061,0.2134,
2.165,0.3414,0.1255,0.08784,0.06258,0.1137,0.04695,0.04411,0.01977,0.03264,0.04731,0.2062,0.2135,
2.165,0.3174,0.1252,0.08786,0.06263,0.1133,0.04699,0.04414,0.01978,0.03267,0.04735,0.2064,0.2136,
2.162,0.3161,0.1252,0.08791,0.0627,0.113,0.04502,0.04416,0.02062,0.03283,0.0464,0.2065,0.2157,
2.138,0.2988,0.1249,0.08801,0.06283,0.113,0.07504,0.01347,0.02062,0.0338,0.04542,0.2065,0.2164,
2.139,0.2924,0.1282,0.08743,0.06321,0.1121,0.07498,0.01346,0.0206,0.03377,0.04538,0.2084,0.2124,
2.139,0.2948,0.1275,0.08771,0.06333,0.1121,0.07501,0.01346,0.02061,0.03379,0.0454,0.2085,0.2125,
2.14,0.3018,0.1259,0.08823,0.06333,0.1122,0.07514,0.01401,0.0201,0.03383,0.04547,0.2089,0.2129,
2.14,0.2997,0.1256,0.08824,0.06288,0.1122,0.07514,0.01401,0.02172,0.03222,0.04547,0.2089,0.2136,
2.142,0.3037,0.1298,0.08771,0.06274,0.1123,0.07516,0.01401,0.02172,0.03312,0.04459,0.21,0.2089,
2.142,0.3137,0.1273,0.08752,0.06297,0.1142,0.07523,0.01402,0.02174,0.03456,0.04321,0.2102,0.2091,
2.143,0.3351,0.121,0.08727,0.063,0.1202,0.07528,0.0151,0.02069,0.03459,0.04325,0.2104,0.2093,
2.143,0.3253,0.1193,0.0875,0.06307,0.1213,0.0753,0.01937,0.01643,0.03461,0.04326,0.2105,0.2094,
2.141,0.3413,0.119,0.08768,0.06333,0.1209,0.07321,0.01938,0.01643,0.03462,0.04327,0.2106,0.2116,
2.14,0.3302,0.119,0.08748,0.06209,0.1206,0.07325,0.01938,0.01643,0.03463,0.04329,0.2106,0.2132,
2.139,0.3364,0.1176,0.08828,0.06209,0.1206,0.07325,0.01938,0.01643,0.03463,0.04329,0.2106,0.2139,
2.141,0.3521,0.1202,0.08792,0.06222,0.1202,0.07323,0.01938,0.01643,0.04042,0.03748,0.2117,0.2109,
2.15,0.3331,0.1201,0.08792,0.06227,0.119,0.07325,0.01938,0.01643,0.04043,0.0434,0.2069,0.211,
2.147,0.3406,0.1196,0.08826,0.06095,0.1181,0.07258,0.01937,0.01642,0.04042,0.04338,0.2079,0.213,
2.143,0.3453,0.1266,0.0882,0.05786,0.1179,0.06965,0.01933,0.01639,0.04166,0.04196,0.2095,0.211,
2.142,0.344,0.1263,0.08795,0.05786,0.1176,0.0695,0.01929,0.01635,0.04158,0.04187,0.2112,0.2106,
2.141,0.3635,0.1262,0.08831,0.05795,0.1162,0.0685,0.01932,0.01637,0.04253,0.04104,0.2116,0.212,
2.137,0.347,0.1259,0.08818,0.05641,0.1163,0.06969,0.01817,0.01638,0.04255,0.04106,0.2116,0.2138,
2.144,0.3511,0.1277,0.08778,0.05647,0.1158,0.06971,0.01817,0.01638,0.04345,0.0441,0.2088,0.2116,
2.144,0.3652,0.1277,0.08789,0.05649,0.1154,0.06974,0.01818,0.01684,0.04301,0.04412,0.2089,0.2117,
2.144,0.3823,0.1269,0.08808,0.05649,0.116,0.06974,0.01818,0.01684,0.04301,0.04412,0.2089,0.2117,
2.144,0.3551,0.1285,0.0882,0.05664,0.1156,0.06902,0.01905,0.01594,0.04298,0.04409,0.2099,0.2101,
2.143,0.335,0.1281,0.08829,0.05699,0.1156,0.06747,0.01905,0.01594,0.04409,0.04298,0.2099,0.2117,
2.141,0.3574,0.1263,0.08848,0.05715,0.1161,0.0659,0.01905,0.01594,0.04462,0.04244,0.2109,0.2132,
2.145,0.3483,0.1261,0.08857,0.05734,0.1154,0.06596,0.01907,0.03922,0.02139,0.04248,0.2111,0.2134,
2.146,0.351,0.1266,0.08884,0.05743,0.115,0.06595,0.01907,0.03922,0.02234,0.04152,0.2121,0.212,
2.146,0.3533,0.1264,0.08875,0.05769,0.115,0.06595,0.01907,0.03922,0.02234,0.04152,0.2121,0.212,
2.156,0.3483,0.1291,0.08868,0.05774,0.1144,0.06518,0.01903,0.03986,0.02639,0.04131,0.2091,0.2092,
2.156,0.3286,0.1287,0.08868,0.05806,0.1137,0.06526,0.01972,0.03924,0.02642,0.04137,0.2094,0.2094,
2.157,0.3301,0.1241,0.08826,0.05823,0.1183,0.06529,0.01973,0.03968,0.02601,0.04138,0.2095,0.2095,
2.155,0.3368,0.1214,0.08825,0.05724,0.1202,0.06524,0.01972,0.03966,0.02599,0.04135,0.2104,0.2105,
2.154,0.3382,0.1207,0.08828,0.05721,0.1199,0.06523,0.01971,0.03965,0.02598,0.04134,0.2115,0.2105,
2.153,0.3376,0.1202,0.08836,0.05662,0.12,0.06526,0.01972,0.03967,0.026,0.04136,0.2115,0.2113,
2.155,0.3732,0.1216,0.08856,0.05554,0.1199,0.06369,0.02547,0.0339,0.02599,0.04224,0.2117,0.2113,
2.151,0.3484,0.1211,0.0886,0.05576,0.1187,0.07088,0.01834,0.03393,0.02601,0.04477,0.2104,0.2115,
2.15,0.3387,0.1203,0.08934,0.0558,0.1178,0.07087,0.01834,0.03392,0.02601,0.04476,0.2114,0.2115,
2.149,0.3451,0.1184,0.08992,0.05591,0.1184,0.06927,0.01836,0.03395,0.02603,0.0448,0.2116,0.2133,
2.159,0.3361,0.1191,0.08986,0.05613,0.1178,0.06943,0.01806,0.0339,0.02599,0.05197,0.2061,0.2117,
2.158,0.3453,0.1189,0.09013,0.0562,0.1203,0.06723,0.01806,0.0339,0.02599,0.05197,0.2072,0.2101,
2.156,0.3518,0.1189,0.09005,0.05633,0.1188,0.06612,0.01807,0.03392,0.02654,0.05147,0.2084,0.2114,
2.158,0.3573,0.1177,0.09021,0.05653,0.1189,0.0662,0.01809,0.03396,0.02889,0.04922,0.2087,0.2117,
2.157,0.3535,0.1173,0.08985,0.05674,0.1186,0.06606,0.01805,0.0346,0.02927,0.04796,0.2103,0.2112,
2.157,0.3464,0.1172,0.08979,0.05692,0.1183,0.06609,0.01805,0.03461,0.02928,0.04798,0.2104,0.2113,
2.158,0.3514,0.117,0.08976,0.05686,0.1182,0.06602,0.01804,0.03458,0.03361,0.04356,0.2112,0.2111,
2.157,0.3525,0.1166,0.09016,0.05546,0.1182,0.06602,0.01804,0.03458,0.03361,0.04356,0.2112,0.2125,
2.157,0.3564,0.1167,0.09009,0.05558,0.1179,0.06604,0.01804,0.03459,0.03362,0.04357,0.2113,0.2126,
2.156,0.3562,0.1161,0.09038,0.05544,0.1178,0.06606,0.01805,0.03533,0.03294,0.0436,0.2115,0.2128,
2.166,0.3431,0.1188,0.09045,0.05428,0.1187,0.06599,0.01803,0.03529,0.0329,0.04997,0.2059,0.2096,
2.162,0.3495,0.1188,0.09052,0.05435,0.1184,0.06239,0.01804,0.03637,0.03185,0.04999,0.206,0.2133,
2.162,0.3629,0.1185,0.09079,0.05438,0.1184,0.06239,0.01804,0.03637,0.03238,0.04946,0.206,0.2133,
2.159,0.3628,0.1183,0.09095,0.05378,0.118,0.06077,0.01805,0.03681,0.03197,0.04948,0.2061,0.2157,
2.157,0.3545,0.1201,0.09075,0.05306,0.1189,0.05799,0.01801,0.03673,0.03543,0.04585,0.2078,0.2154,
2.158,0.3654,0.1222,0.09058,0.05329,0.118,0.05732,0.01801,0.03761,0.04057,0.03981,0.2088,0.2138,
2.157,0.3781,0.1235,0.09044,0.05321,0.1185,0.0581,0.01713,0.03845,0.04055,0.03883,0.2106,0.2107,
2.151,0.379,0.1217,0.09059,0.05318,0.1196,0.06275,0.01255,0.03848,0.04059,0.03886,0.2108,0.2109,
2.154,0.3783,0.1216,0.09033,0.05336,0.1191,0.06182,0.01232,0.03846,0.04056,0.04234,0.2082,0.2119,
2.154,0.3763,0.1215,0.09041,0.05348,0.1188,0.06184,0.01232,0.03847,0.04058,0.04235,0.2083,0.212,
2.157,0.3724,0.1262,0.09047,0.05361,0.1186,0.0618,0.01232,0.03998,0.03902,0.04233,0.2092,0.2064,
2.155,0.3736,0.125,0.09061,0.05277,0.1184,0.06191,0.01234,0.04005,0.03909,0.0424,0.2096,0.2079,
2.155,0.3765,0.1246,0.09023,0.05287,0.1183,0.06187,0.01233,0.04003,0.0396,0.04184,0.2105,0.2078,
2.154,0.3931,0.1243,0.0903,0.05296,0.118,0.06126,0.01234,0.04105,0.03864,0.04188,0.2107,0.2086,
2.151,0.4028,0.1233,0.09012,0.05302,0.1184,0.059,0.01233,0.04102,0.03861,0.04184,0.2116,0.2107,
2.154,0.3916,0.1231,0.08993,0.05309,0.1183,0.05828,0.01231,0.04098,0.03857,0.04498,0.2093,0.2111,
2.154,0.3761,0.1266,0.08991,0.05321,0.1188,0.05628,0.01231,0.0414,0.03814,0.04497,0.2103,0.2081,
2.152,0.3744,0.1262,0.09016,0.0533,0.118,0.05427,0.01323,0.04045,0.03865,0.04442,0.2113,0.21,
2.158,0.3802,0.1249,0.09031,0.05343,0.1176,0.05421,0.01383,0.04137,0.039,0.04635,0.2092,0.2098,
2.155,0.393,0.1247,0.09037,0.05367,0.1173,0.05298,0.0133,0.04139,0.03901,0.04636,0.2093,0.2116,
2.155,0.392,0.1247,0.09019,0.05378,0.1171,0.05296,0.01331,0.04141,0.04232,0.04309,0.2094,0.2117,
2.152,0.4032,0.1258,0.08989,0.05378,0.1166,0.05207,0.01251,0.04217,0.04153,0.04307,0.2104,0.2121,
2.152,0.3961,0.1258,0.08982,0.05395,0.1163,0.05209,0.01251,0.04219,0.04449,0.04015,0.2105,0.2122,
2.152,0.4084,0.1291,0.08994,0.05399,0.1162,0.05257,0.01197,0.04257,0.04499,0.03914,0.2113,0.2083,
2.153,0.407,0.1257,0.08971,0.05431,0.118,0.05194,0.01197,0.04259,0.04501,0.04045,0.2112,0.2091,
2.16,0.3841,0.125,0.08971,0.05442,0.1176,0.05082,0.01196,0.04258,0.045,0.04584,0.2068,0.2102,
2.157,0.3595,0.1275,0.0896,0.05457,0.1175,0.04856,0.01195,0.04307,0.04787,0.04235,0.2077,0.2095,
2.157,0.3738,0.1274,0.08937,0.05472,0.1171,0.04858,0.01196,0.04311,0.04792,0.04238,0.2078,0.2096,
2.157,0.3566,0.127,0.08967,0.05489,0.1164,0.04795,0.01197,0.04314,0.04796,0.04242,0.208,0.2105,
2.157,0.3628,0.1268,0.08985,0.05495,0.1164,0.04795,0.01197,0.04314,0.0492,0.04118,0.208,0.2105,
2.155,0.3709,0.1264,0.08974,0.05501,0.1158,0.04786,0.01195,0.04307,0.05228,0.03794,0.2098,0.2101,
2.155,0.3748,0.1263,0.08967,0.05518,0.1158,0.04786,0.01195,0.0438,0.05225,0.03723,0.2098,0.2101,
2.155,0.3779,0.1261,0.08986,0.05528,0.1155,0.04788,0.01194,0.04482,0.05223,0.03627,0.2099,0.2102,
2.154,0.3806,0.1253,0.09058,0.05543,0.1143,0.04789,0.01194,0.04482,0.05276,0.03574,0.211,0.2103,
2.151,0.3839,0.1254,0.09064,0.0556,0.1132,0.04638,0.01195,0.04487,0.05374,0.03487,0.2112,0.2121,
2.152,0.3958,0.1252,0.09076,0.05567,0.1132,0.04638,0.01195,0.04573,0.05289,0.03487,0.2112,0.2121,
2.161,0.3909,0.1276,0.09089,0.05468,0.1134,0.0457,0.01195,0.04574,0.0529,0.04085,0.2064,0.2099,
2.169,0.4161,0.1268,0.0911,0.05477,0.1133,0.04574,0.03719,0.02055,0.05295,0.04088,0.2066,0.2101,
2.168,0.4161,0.1265,0.09092,0.05473,0.1131,0.04564,0.03711,0.02093,0.05242,0.0408,0.2082,0.2097,
2.166,0.4247,0.1264,0.09084,0.055,0.1125,0.04457,0.03804,0.02003,0.05245,0.04083,0.2084,0.211,
2.166,0.4274,0.1263,0.09082,0.05511,0.1125,0.04457,0.03875,0.01932,0.05245,0.04083,0.2084,0.211,
2.165,0.3959,0.1259,0.091,0.05516,0.112,0.04455,0.03873,0.01931,0.05242,0.0408,0.2093,0.2108,
2.165,0.4007,0.1258,0.09103,0.0552,0.112,0.04455,0.03873,0.01931,0.05348,0.03974,0.2093,0.2108,
2.165,0.3995,0.1257,0.09097,0.05536,0.112,0.04455,0.03873,0.01931,0.05401,0.03921,0.2093,0.2108,
2.164,0.3997,0.1255,0.09102,0.05547,0.1112,0.04453,0.03872,0.0193,0.05541,0.03779,0.2103,0.2108,
2.167,0.4005,0.1251,0.09087,0.05541,0.1109,0.04443,0.03864,0.01926,0.05529,0.04039,0.2093,0.2103,
2.166,0.4083,0.1225,0.0911,0.05549,0.113,0.04445,0.03919,0.01874,0.05785,0.03787,0.2094,0.2104,
2.166,0.4,0.1223,0.0908,0.05563,0.1129,0.04441,0.03949,0.01838,0.05779,0.03783,0.2102,0.2102,
2.166,0.4011,0.121,0.09082,0.05572,0.1141,0.04441,0.03949,0.01838,0.05779,0.03783,0.2102,0.2102,
2.181,0.3985,0.1202,0.09077,0.05573,0.1139,0.04436,0.03944,0.01994,0.05615,0.04696,0.2019,0.2107,
2.181,0.3978,0.1198,0.09085,0.05576,0.1136,0.0444,0.03948,0.01996,0.0562,0.047,0.2021,0.2108,
2.18,0.4107,0.1194,0.09107,0.05594,0.1128,0.04438,0.03981,0.01962,0.05619,0.04699,0.203,0.2108,
2.18,0.4103,0.1151,0.09094,0.05598,0.1169,0.0444,0.04036,0.01909,0.05622,0.04701,0.2031,0.2109,
2.177,0.4262,0.1136,0.09056,0.05604,0.1177,0.04285,0.04035,0.01909,0.05621,0.047,0.2041,0.2124,
2.177,0.423,0.1132,0.09012,0.05605,0.1178,0.04223,0.04041,0.01989,0.0555,0.04706,0.2044,0.2134,
2.177,0.3987,0.1122,0.09081,0.05615,0.1175,0.04227,0.04044,0.01991,0.05555,0.0471,0.2046,0.2136,
2.177,0.3778,0.1116,0.09129,0.05622,0.1164,0.04233,0.0405,0.01993,0.05563,0.04717,0.2049,0.2139,
2.179,0.3624,0.1165,0.09103,0.0563,0.1163,0.04228,0.04045,0.01991,0.05645,0.04623,0.2068,0.2078,
2.179,0.3522,0.1161,0.09119,0.05645,0.1156,0.04231,0.04051,0.02047,0.05873,0.04356,0.207,0.208,
2.178,0.3609,0.116,0.09108,0.05639,0.1153,0.04222,0.04001,0.02048,0.05878,0.0436,0.2072,0.2089,
2.176,0.3644,0.116,0.09087,0.05656,0.1144,0.04154,0.04,0.02048,0.05877,0.04359,0.2082,0.2095,
2.176,0.37,0.106,0.09078,0.05675,0.1241,0.04205,0.03952,0.02049,0.0588,0.04361,0.2083,0.2096,
2.175,0.3806,0.1046,0.09083,0.05623,0.1247,0.04209,0.03954,0.02049,0.05884,0.04364,0.2085,0.2105,
2.173,0.367,0.1045,0.09053,0.05648,0.1242,0.04139,0.03952,0.02048,0.0588,0.04361,0.2094,0.211,
2.17,0.3746,0.1032,0.0903,0.05553,0.1252,0.04135,0.03948,0.02046,0.06027,0.04203,0.2102,0.2119,
2.168,0.381,0.1018,0.09073,0.05559,0.1256,0.0407,0.03985,0.02014,0.06157,0.04083,0.2104,0.2127,
2.168,0.3821,0.1029,0.09094,0.0544,0.1248,0.04114,0.03939,0.0207,0.06099,0.04082,0.2114,0.2125,
2.167,0.365,0.101,0.09051,0.05459,0.126,0.04118,0.03944,0.02072,0.0626,0.03933,0.2117,0.2128,
2.167,0.3806,0.1006,0.09075,0.05479,0.1241,0.04129,0.03957,0.02079,0.0628,0.03946,0.2124,0.2135,
2.169,0.3667,0.1001,0.09089,0.0551,0.1231,0.04137,0.03963,0.02242,0.06129,0.03952,0.2128,0.2139,
2.168,0.3703,0.1001,0.09074,0.05525,0.1231,0.04137,0.04022,0.02183,0.06263,0.03818,0.2128,0.2139,
2.168,0.3709,0.0997,0.09085,0.0555,0.1225,0.04139,0.04026,0.02184,0.06269,0.03821,0.213,0.2141,
2.173,0.3702,0.1036,0.09073,0.05553,0.1224,0.04137,0.04023,0.02183,0.06354,0.03922,0.212,0.2095,
2.173,0.3717,0.1035,0.09075,0.05569,0.1212,0.04137,0.04024,0.02227,0.06313,0.03923,0.2131,0.2096,
2.172,0.3706,0.1034,0.0907,0.05595,0.1208,0.04138,0.04026,0.02228,0.06644,0.03597,0.2132,0.2097,
2.167,0.3816,0.1034,0.09062,0.05612,0.1201,0.03984,0.04093,0.02166,0.06948,0.03302,0.2134,0.2115,
2.164,0.3801,0.1032,0.09087,0.0562,0.1197,0.03856,0.04124,0.0211,0.06951,0.03303,0.2135,0.2131,
2.163,0.377,0.1021,0.09084,0.05623,0.1208,0.03788,0.04124,0.02153,0.06908,0.03303,0.2135,0.2138,
2.162,0.3788,0.1015,0.09101,0.05631,0.1209,0.0379,0.04126,0.02154,0.07029,0.03186,0.2136,0.2139,
2.162,0.3865,0.1015,0.09105,0.05656,0.1198,0.03795,0.0413,0.02155,0.07037,0.0319,0.2138,0.2142,
2.179,0.3737,0.09503,0.09052,0.05688,0.1247,0.038,0.04189,0.02183,0.06966,0.04276,0.2043,0.2144,
2.179,0.3775,0.09333,0.09063,0.05696,0.1259,0.03829,0.04163,0.02184,0.07074,0.04173,0.2044,0.2145,
2.175,0.3746,0.09308,0.09086,0.057,0.1247,0.03745,0.04153,0.02169,0.07058,0.04152,0.2055,0.2161,
2.176,0.3713,0.0929,0.09087,0.05717,0.1247,0.03745,0.04153,0.02169,0.07058,0.04152,0.2055,0.2161,
2.179,0.3658,0.09566,0.09078,0.05727,0.1246,0.03741,0.04148,0.02282,0.06936,0.04147,0.2063,0.2128,
2.179,0.3565,0.09556,0.09072,0.05743,0.1246,0.03741,0.04148,0.02282,0.06936,0.04147,0.2063,0.2128,
2.179,0.3688,0.09539,0.09071,0.05761,0.1246,0.03795,0.04094,0.02282,0.06936,0.04147,0.2063,0.2128,
2.176,0.3619,0.09488,0.09061,0.05653,0.1245,0.03789,0.04092,0.02281,0.07149,0.03927,0.2072,0.2138,
2.158,0.3884,0.09461,0.0905,0.05646,0.1243,0.06409,0.01501,0.02245,0.07145,0.03924,0.2082,0.2137,
2.159,0.3553,0.09343,0.09066,0.05655,0.1247,0.06414,0.01501,0.02327,0.07123,0.03873,0.2083,0.2139,
2.153,0.3634,0.09343,0.0906,0.05364,0.124,0.0627,0.01502,0.02329,0.0713,0.03877,0.2085,0.2187,
2.156,0.3536,0.09838,0.09039,0.05374,0.1223,0.06269,0.01502,0.02329,0.0713,0.03876,0.2107,0.2134,
2.156,0.3526,0.09795,0.09042,0.054,0.1216,0.06209,0.01504,0.02433,0.07093,0.03827,0.2109,0.2144,
2.156,0.3541,0.09789,0.09053,0.05416,0.1208,0.06215,0.01506,0.02435,0.07099,0.03831,0.2111,0.2146,
2.154,0.3874,0.09668,0.09068,0.05427,0.1206,0.06215,0.01505,0.02435,0.07227,0.03705,0.2122,0.2146,
2.152,0.3784,0.09522,0.09034,0.05434,0.1214,0.06238,0.01478,0.02434,0.07325,0.03605,0.2133,0.2146,
2.149,0.3641,0.09228,0.08996,0.05455,0.124,0.06239,0.01479,0.02436,0.07701,0.03239,0.2135,0.2148,
2.148,0.372,0.09134,0.0901,0.05475,0.1237,0.06247,0.01481,0.0244,0.07712,0.03243,0.2138,0.2151,
2.148,0.3533,0.0913,0.09005,0.05502,0.1227,0.06308,0.01428,0.02443,0.07722,0.03246,0.214,0.2154,
2.149,0.3486,0.09605,0.08926,0.05578,0.1223,0.06195,0.01379,0.02442,0.0772,0.03245,0.2151,0.2117,
2.15,0.3534,0.09526,0.08923,0.05602,0.122,0.06203,0.0147,0.02399,0.07686,0.03249,0.2154,0.212,
2.147,0.3733,0.09182,0.08906,0.05624,0.1254,0.06045,0.0147,0.02399,0.07686,0.03249,0.2154,0.2136,
2.146,0.3606,0.09182,0.08905,0.05636,0.125,0.06047,0.01505,0.02365,0.07817,0.03123,0.2155,0.2137,
2.145,0.3307,0.09185,0.08909,0.05651,0.1242,0.06104,0.01456,0.02367,0.07824,0.03126,0.2157,0.2139,
2.144,0.3216,0.09192,0.08898,0.05687,0.1231,0.05999,0.01457,0.02414,0.07882,0.0304,0.216,0.2153,
2.14,0.3286,0.08817,0.08911,0.05713,0.1259,0.05911,0.02401,0.01429,0.07988,0.02942,0.2162,0.2169,
2.144,0.3311,0.08787,0.08889,0.05721,0.1253,0.05899,0.02487,0.01336,0.07974,0.0325,0.2148,0.2165,
2.141,0.3454,0.08783,0.08886,0.05738,0.1249,0.05699,0.02488,0.01337,0.07978,0.03252,0.2149,0.2186,
2.145,0.3258,0.09088,0.08862,0.05757,0.1248,0.05693,0.0255,0.01356,0.07885,0.03248,0.2157,0.2151,
2.144,0.3204,0.08971,0.08874,0.0577,0.1251,0.0563,0.02552,0.01412,0.07927,0.03161,0.2159,0.216,
2.144,0.3231,0.08983,0.08879,0.05784,0.1239,0.05681,0.02511,0.01468,0.07973,0.03075,0.2162,0.2163,
2.143,0.3269,0.0898,0.08854,0.05821,0.1233,0.0574,0.02514,0.01414,0.0798,0.03078,0.2164,0.2165,
2.155,0.3201,0.09152,0.08849,0.05815,0.1231,0.05666,0.02511,0.01467,0.07917,0.03677,0.2113,0.2151,
2.153,0.3328,0.09149,0.08858,0.05818,0.1228,0.05695,0.02577,0.01375,0.08024,0.03574,0.2114,0.2152,
2.152,0.3331,0.08936,0.08865,0.05846,0.124,0.05701,0.02579,0.01376,0.08159,0.0345,0.2115,0.2154,
2.149,0.3217,0.0877,0.08848,0.05852,0.1254,0.05626,0.02577,0.01374,0.08254,0.03343,0.2124,0.2158,
2.146,0.3203,0.08739,0.08793,0.05853,0.1252,0.05549,0.02572,0.01372,0.0833,0.03246,0.2141,0.2161,
2.146,0.3273,0.0861,0.08789,0.05861,0.126,0.05543,0.02569,0.01414,0.08278,0.03243,0.215,0.2159,
2.146,0.3314,0.08604,0.08791,0.05874,0.1257,0.05545,0.02571,0.01415,0.08282,0.03244,0.2151,0.216,
2.145,0.3289,0.08594,0.08752,0.05922,0.1244,0.05546,0.02606,0.0138,0.08284,0.03245,0.2162,0.2161,
2.144,0.3316,0.08549,0.08734,0.05961,0.1238,0.05485,0.02609,0.01382,0.08295,0.03249,0.2165,0.217,
2.145,0.3254,0.08832,0.08731,0.05913,0.123,0.05524,0.02454,0.01381,0.08293,0.03352,0.2165,0.2157,
2.144,0.3226,0.08621,0.08752,0.05918,0.1246,0.05525,0.02454,0.01381,0.08296,0.03353,0.2166,0.2158,
2.161,0.3202,0.08578,0.08735,0.05929,0.1243,0.05513,0.02449,0.01378,0.08279,0.04391,0.2078,0.2154,
2.16,0.3303,0.08569,0.087,0.05799,0.1243,0.05513,0.02514,0.01409,0.08183,0.04391,0.2078,0.2171,
2.163,0.3305,0.09002,0.08648,0.05709,0.1241,0.05532,0.02482,0.01515,0.08061,0.04384,0.2096,0.213,
2.162,0.3324,0.08968,0.08659,0.05667,0.1229,0.05532,0.02483,0.01514,0.08063,0.04384,0.2107,0.2137,
2.161,0.3353,0.08933,0.08666,0.0567,0.1227,0.05526,0.0248,0.01513,0.08145,0.04289,0.2115,0.2135,
2.182,0.3642,0.08902,0.0867,0.05668,0.1217,0.05573,0.02422,0.05808,0.03837,0.04284,0.2134,0.2133,
2.179,0.3649,0.0879,0.0866,0.0569,0.1205,0.05506,0.02423,0.05863,0.03783,0.04284,0.2155,0.214,
2.179,0.3682,0.08785,0.08657,0.05708,0.1201,0.05508,0.02423,0.05945,0.03759,0.04231,0.2156,0.2141,
2.195,0.3652,0.08771,0.08659,0.05704,0.1196,0.05504,0.02422,0.05995,0.03793,0.05233,0.2056,0.2139,
2.194,0.3712,0.08767,0.08661,0.05721,0.118,0.05507,0.02423,0.06053,0.03741,0.05237,0.2068,0.2141,
2.195,0.3673,0.08762,0.08679,0.05758,0.116,0.05519,0.02492,0.06003,0.03749,0.05249,0.2073,0.2146,
2.192,0.382,0.08611,0.08695,0.05761,0.1171,0.05374,0.02493,0.06005,0.0375,0.05251,0.2074,0.2162,
2.192,0.3759,0.08603,0.08684,0.05799,0.1163,0.05378,0.02495,0.0622,0.03761,0.05038,0.2076,0.2163,
2.193,0.3793,0.08573,0.08693,0.05792,0.1153,0.05371,0.02703,0.06002,0.03756,0.05032,0.2094,0.2161,
2.19,0.3883,0.08513,0.08652,0.05684,0.1154,0.05484,0.02597,0.06061,0.03705,0.05036,0.2096,0.2177,
2.19,0.3881,0.08488,0.08674,0.05697,0.115,0.05487,0.02689,0.06045,0.03762,0.04912,0.2097,0.2178,
2.191,0.3843,0.0861,0.08679,0.05713,0.1141,0.05486,0.02688,0.06044,0.03761,0.04911,0.2107,0.2163,
2.19,0.3923,0.08564,0.0866,0.05728,0.1137,0.05484,0.02688,0.06043,0.0376,0.0491,0.2117,0.2163,
2.19,0.3559,0.08813,0.08606,0.0572,0.1135,0.05464,0.0263,0.06036,0.03811,0.04848,0.2136,0.2136,
2.194,0.3876,0.08749,0.08608,0.05747,0.1136,0.05466,0.05618,0.03124,0.03741,0.0485,0.2137,0.2137,
2.192,0.3787,0.08688,0.08623,0.05759,0.1136,0.05355,0.05621,0.03125,0.03742,0.04852,0.2138,0.2149,
2.187,0.39,0.08666,0.08597,0.05628,0.1134,0.05186,0.05609,0.03119,0.03861,0.04715,0.2155,0.2173,
2.186,0.3577,0.08591,0.0857,0.05635,0.114,0.05075,0.05611,0.03229,0.03935,0.04536,0.2156,0.2186,
2.184,0.3623,0.08572,0.08586,0.05638,0.114,0.04962,0.05688,0.03152,0.03935,0.04536,0.2156,0.2197,
2.18,0.3756,0.08561,0.08573,0.0543,0.1137,0.04897,0.05693,0.0387,0.03223,0.0454,0.2158,0.2226,
2.189,0.3684,0.08815,0.08529,0.05433,0.1143,0.04894,0.05689,0.03922,0.03365,0.04794,0.2122,0.2192,
2.187,0.3713,0.08809,0.08502,0.0544,0.1139,0.04784,0.05805,0.03868,0.03313,0.04797,0.2123,0.2205,
2.187,0.3716,0.08811,0.08499,0.05459,0.1132,0.04787,0.0581,0.03871,0.03316,0.04802,0.2125,0.2207,
2.188,0.3737,0.08701,0.08498,0.05471,0.1158,0.04784,0.05806,0.03868,0.03314,0.04799,0.2135,0.2183,
2.188,0.3416,0.08748,0.0851,0.05472,0.1166,0.04779,0.05835,0.0383,0.0331,0.04794,0.2143,0.2163,
2.186,0.3463,0.08742,0.08506,0.05482,0.1166,0.04693,0.05762,0.04014,0.03126,0.04794,0.2143,0.2179,
2.194,0.3457,0.09322,0.08493,0.05477,0.116,0.04684,0.05752,0.04006,0.03238,0.04928,0.2135,0.2115,
2.193,0.3429,0.09224,0.08474,0.05506,0.1165,0.04619,0.05755,0.04008,0.03239,0.0493,0.2136,0.2123,
2.192,0.3482,0.08931,0.08472,0.05523,0.1191,0.0462,0.05757,0.04082,0.03168,0.04932,0.2137,0.2124,
2.191,0.3541,0.089,0.08477,0.05379,0.1189,0.04615,0.05751,0.04078,0.03571,0.04519,0.2145,0.2137,
2.191,0.3559,0.08891,0.08479,0.05387,0.1189,0.04615,0.05751,0.04078,0.03571,0.04519,0.2145,0.2137,
2.191,0.357,0.0887,0.08487,0.05407,0.1186,0.04616,0.05753,0.04079,0.03572,0.04521,0.2146,0.2137,
2.191,0.3627,0.08714,0.08515,0.05434,0.1196,0.04722,0.05647,0.04079,0.03572,0.04521,0.2146,0.2137,
2.189,0.3774,0.08604,0.08505,0.05438,0.1204,0.04649,0.0564,0.04074,0.03568,0.04517,0.2155,0.2142,
2.179,0.3626,0.08588,0.08503,0.0544,0.1199,0.08001,0.04314,0.0211,0.0359,0.04968,0.2109,0.2141,
2.179,0.3493,0.08587,0.08488,0.05465,0.1195,0.08058,0.04262,0.0211,0.03591,0.0497,0.211,0.2142,
2.179,0.3702,0.08526,0.08493,0.05487,0.1196,0.08116,0.04273,0.02048,0.04138,0.04428,0.2111,0.2143,
2.178,0.3621,0.08495,0.08453,0.05509,0.1193,0.08099,0.04264,0.02043,0.04129,0.04418,0.2127,0.2138,
2.176,0.3658,0.08462,0.08458,0.05508,0.1183,0.08088,0.04359,0.0201,0.04052,0.04413,0.2146,0.2135,
2.176,0.3692,0.08422,0.08443,0.05563,0.1183,0.08088,0.04359,0.0201,0.04052,0.04413,0.2146,0.2135,
2.19,0.3993,0.08397,0.08447,0.05568,0.1179,0.0796,0.04356,0.02009,0.04049,0.05459,0.2051,0.2146,
2.189,0.3634,0.08322,0.08438,0.05571,0.1183,0.07952,0.04352,0.02007,0.04045,0.05454,0.2059,0.2144,
2.188,0.3659,0.08288,0.08446,0.05606,0.118,0.08002,0.04238,0.02007,0.04046,0.05456,0.206,0.2152,
2.187,0.3688,0.08255,0.08452,0.05633,0.118,0.07935,0.04292,0.01953,0.04046,0.05456,0.206,0.2158,
2.184,0.4653,0.0825,0.08442,0.05511,0.118,0.08025,0.04303,0.01853,0.04154,0.05348,0.206,0.2172,
2.188,0.4459,0.08584,0.08457,0.05505,0.1179,0.08016,0.04298,0.01952,0.04049,0.05343,0.2068,0.2133,
2.186,0.3665,0.08572,0.0842,0.05385,0.1179,0.08074,0.04246,0.01952,0.04248,0.05147,0.2069,0.2148,
2.183,0.3636,0.08575,0.08392,0.05402,0.1172,0.07807,0.04305,0.01954,0.0426,0.05088,0.2072,0.2178,
2.182,0.3703,0.08578,0.08304,0.05417,0.1173,0.07701,0.04309,0.01956,0.04318,0.05039,0.2073,0.2191,
2.185,0.3642,0.09211,0.08274,0.05419,0.1171,0.07672,0.04246,0.01952,0.04803,0.04534,0.209,0.2128,
2.184,0.3619,0.09214,0.08167,0.05393,0.1168,0.07674,0.04247,0.01952,0.04804,0.04536,0.2091,0.2143,
2.182,0.3663,0.09084,0.08174,0.05405,0.1179,0.07517,0.04305,0.01894,0.04804,0.04536,0.2091,0.2159,
2.177,0.3788,0.09076,0.08173,0.05414,0.1179,0.07225,0.04351,0.01814,0.04804,0.04536,0.2091,0.2191,
2.172,0.3481,0.09063,0.08143,0.05458,0.1179,0.06888,0.04525,0.0164,0.04804,0.04536,0.2091,0.2225,
2.173,0.3655,0.09262,0.08145,0.05492,0.1159,0.06896,0.04529,0.0164,0.04905,0.04444,0.2104,0.2206,
2.172,0.3571,0.09254,0.08149,0.05506,0.1155,0.06763,0.0453,0.01641,0.04907,0.04446,0.2105,0.2221,
2.17,0.3624,0.09084,0.0816,0.05509,0.1168,0.06753,0.04478,0.01641,0.05123,0.04234,0.2106,0.2229,
2.169,0.3619,0.09075,0.08158,0.05529,0.1164,0.06739,0.04429,0.01641,0.05233,0.04127,0.2107,0.2236,
2.167,0.363,0.08889,0.08138,0.05442,0.1179,0.06744,0.04433,0.01643,0.05238,0.04131,0.2109,0.2247,
2.167,0.3623,0.09114,0.08107,0.05464,0.1173,0.06616,0.0443,0.01642,0.05325,0.04038,0.2118,0.2235,
2.167,0.3595,0.09119,0.08091,0.05487,0.1169,0.06619,0.04475,0.01599,0.05327,0.0404,0.2119,0.2236,
2.166,0.3722,0.09194,0.08126,0.0549,0.1164,0.06582,0.04438,0.01598,0.05414,0.03947,0.2128,0.2229,
2.165,0.3376,0.09144,0.08172,0.05495,0.1164,0.06633,0.04445,0.0154,0.05414,0.03947,0.2128,0.2229,
2.162,0.3524,0.09122,0.08186,0.05511,0.116,0.06477,0.04527,0.0146,0.05416,0.03949,0.2129,0.2246,
2.161,0.3339,0.09086,0.08205,0.05528,0.116,0.06369,0.04527,0.0146,0.05416,0.03949,0.2129,0.2257,
2.158,0.336,0.08965,0.08217,0.05553,0.1169,0.06166,0.04527,0.0146,0.05416,0.03949,0.2129,0.2277,
2.16,0.3399,0.09041,0.08216,0.05566,0.1183,0.06159,0.04522,0.01458,0.0541,0.03945,0.2137,0.2248,
2.159,0.3415,0.08927,0.08206,0.05605,0.1177,0.06173,0.04532,0.01461,0.05519,0.03856,0.2142,0.2253,
2.159,0.3523,0.08922,0.08213,0.05624,0.1169,0.06222,0.04493,0.01462,0.05524,0.0386,0.2144,0.2255,
2.168,0.3388,0.09331,0.08214,0.05625,0.1156,0.05832,0.04488,0.01459,0.05518,0.04546,0.2095,0.2248,
2.172,0.3325,0.1001,0.08187,0.05621,0.1169,0.05746,0.04474,0.01455,0.05501,0.04532,0.212,0.2158,
2.172,0.3388,0.1015,0.08163,0.0563,0.1168,0.05718,0.04423,0.01507,0.05594,0.04374,0.2128,0.2148,
2.172,0.341,0.1014,0.08181,0.05635,0.1161,0.05724,0.04427,0.01509,0.05599,0.04378,0.213,0.2149,
2.172,0.3391,0.1014,0.082,0.05649,0.1149,0.05731,0.04432,0.0151,0.0566,0.0433,0.2133,0.2152,
2.172,0.3398,0.1012,0.08218,0.0566,0.1145,0.05733,0.04434,0.0151,0.05663,0.04332,0.2134,0.2153,
2.166,0.344,0.1031,0.08212,0.05518,0.1141,0.05784,0.04741,0.01144,0.05762,0.04225,0.2143,0.2146,
2.165,0.3518,0.103,0.08226,0.05528,0.1137,0.05895,0.04635,0.01145,0.05981,0.0401,0.2144,0.2147,
2.166,0.3513,0.103,0.08234,0.05536,0.1129,0.05899,0.04693,0.01168,0.05908,0.04014,0.2146,0.2149,
2.185,0.3527,0.1025,0.08205,0.05558,0.1128,0.05896,0.0469,0.01269,0.06354,0.04766,0.2025,0.2148,
2.183,0.368,0.09954,0.08178,0.05558,0.1147,0.05934,0.04624,0.01265,0.06445,0.04646,0.205,0.2142,
2.165,0.4546,0.0991,0.08214,0.05566,0.1147,0.08405,0.02153,0.01356,0.06355,0.04646,0.205,0.2142,
2.164,0.3467,0.09867,0.08193,0.05565,0.114,0.08315,0.02147,0.01428,0.06261,0.04633,0.2076,0.2143,
2.163,0.349,0.09856,0.08141,0.05603,0.1139,0.08306,0.02144,0.01427,0.06361,0.04521,0.2084,0.2141,
2.162,0.3467,0.09844,0.08148,0.05608,0.1139,0.0824,0.02098,0.0147,0.06318,0.04521,0.2084,0.2152,
2.16,0.3318,0.09829,0.08164,0.05608,0.1139,0.08092,0.02045,0.01524,0.06265,0.04521,0.2084,0.2173,
2.159,0.3425,0.09808,0.08166,0.05626,0.1139,0.08192,0.01945,0.01524,0.06265,0.04521,0.2084,0.2173,
2.158,0.3378,0.09779,0.08182,0.05648,0.1135,0.08128,0.01945,0.01523,0.06521,0.04269,0.2085,0.218,
2.157,0.3376,0.09758,0.08183,0.05601,0.1135,0.08128,0.01999,0.0147,0.06521,0.04269,0.2085,0.2187,
2.156,0.3383,0.09758,0.08172,0.05612,0.1135,0.07971,0.01999,0.01541,0.06573,0.04145,0.2085,0.2203,
2.155,0.3346,0.1006,0.08145,0.05624,0.1133,0.07753,0.01995,0.01538,0.06662,0.04033,0.2101,0.2185,
2.153,0.3385,0.09972,0.08156,0.05635,0.1137,0.07644,0.01995,0.01538,0.06788,0.03912,0.2102,0.2197,
2.152,0.3541,0.09532,0.08168,0.05642,0.1179,0.07644,0.01995,0.01538,0.06788,0.03912,0.2102,0.2197,
2.152,0.3527,0.09523,0.08173,0.05647,0.1179,0.07644,0.02051,0.01524,0.06745,0.03912,0.2102,0.2197,
2.152,0.3618,0.0937,0.08154,0.0568,0.119,0.07647,0.02051,0.01524,0.06747,0.03913,0.2103,0.2198,
2.15,0.3391,0.09577,0.08153,0.05677,0.1185,0.07485,0.0205,0.01577,0.07118,0.03482,0.2112,0.2191,
2.152,0.3372,0.09932,0.08136,0.05698,0.1179,0.07474,0.0205,0.01577,0.07119,0.03483,0.2124,0.2151,
2.152,0.3341,0.09896,0.08105,0.05729,0.1179,0.07477,0.02051,0.01577,0.07123,0.03484,0.2125,0.2152,
2.152,0.3378,0.09852,0.08098,0.05747,0.118,0.07526,0.02006,0.01578,0.07126,0.03486,0.2126,0.2153,
2.152,0.3366,0.09817,0.08103,0.05751,0.1177,0.07533,0.02006,0.01579,0.07132,0.03489,0.2127,0.2155,
2.152,0.3394,0.09809,0.08101,0.05761,0.1177,0.07533,0.02006,0.01579,0.07132,0.03489,0.2127,0.2155,
2.143,0.3403,0.09607,0.08105,0.05791,0.1194,0.07544,0.01658,0.01579,0.07185,0.03435,0.2127,0.2189,
2.146,0.3413,0.09849,0.08122,0.05806,0.1189,0.07603,0.01592,0.01735,0.07022,0.03432,0.2137,0.2158,
2.146,0.3798,0.09837,0.08107,0.05832,0.1189,0.07603,0.01592,0.01735,0.07022,0.03432,0.2137,0.2158,
2.146,0.3293,0.09718,0.08115,0.05837,0.12,0.07603,0.01592,0.01735,0.07022,0.03432,0.2137,0.2158,
2.159,0.3277,0.1002,0.08105,0.05843,0.1196,0.07585,0.01624,0.01699,0.07071,0.04092,0.2075,0.2126,
2.159,0.3308,0.1001,0.08087,0.05878,0.1193,0.07588,0.01624,0.01699,0.07073,0.04093,0.2075,0.2127,
2.157,0.3444,0.1001,0.08094,0.05888,0.1185,0.07393,0.01626,0.017,0.0708,0.04097,0.2077,0.2149,
2.159,0.3459,0.1025,0.0807,0.05898,0.1184,0.07385,0.01678,0.01688,0.07029,0.04093,0.2086,0.2122,
2.158,0.3481,0.1023,0.08081,0.0591,0.1184,0.07206,0.01678,0.01688,0.07029,0.04093,0.2086,0.2139,
2.157,0.341,0.1017,0.08089,0.05935,0.1181,0.07212,0.01794,0.01573,0.07035,0.04096,0.2087,0.2141,
2.155,0.3409,0.1011,0.08069,0.05958,0.118,0.07242,0.01758,0.01572,0.0724,0.03884,0.2097,0.214,
2.153,0.3491,0.1034,0.08052,0.05946,0.1178,0.07078,0.01701,0.01568,0.07225,0.03876,0.2113,0.2131,
2.152,0.3582,0.1031,0.0803,0.05965,0.1177,0.07081,0.01756,0.01515,0.07353,0.03753,0.2114,0.2132,
2.152,0.3696,0.1029,0.08052,0.05972,0.1174,0.07084,0.01812,0.01458,0.07356,0.03754,0.2115,0.2133,
2.149,0.3378,0.102,0.08083,0.05979,0.1171,0.06869,0.01815,0.0146,0.07365,0.03759,0.2118,0.2158,
2.165,0.369,0.1021,0.08063,0.06011,0.1165,0.06861,0.01869,0.06074,0.02892,0.03573,0.212,0.216,
2.162,0.3765,0.1019,0.08071,0.06015,0.1165,0.06636,0.01869,0.0615,0.02817,0.03573,0.212,0.2182,
2.156,0.383,0.1018,0.08052,0.06018,0.1166,0.06237,0.01856,0.06206,0.02764,0.03575,0.2121,0.2225,
2.157,0.3812,0.1049,0.08039,0.06022,0.1161,0.06233,0.01855,0.06338,0.02625,0.03572,0.213,0.2191,
2.156,0.3844,0.1049,0.08026,0.06035,0.1161,0.06233,0.01855,0.06437,0.02664,0.03434,0.213,0.2191,
2.156,0.3925,0.1049,0.08022,0.06055,0.1157,0.06235,0.01856,0.06514,0.03311,0.02713,0.2131,0.2192,
2.156,0.3903,0.1052,0.08034,0.06051,0.1155,0.06231,0.01855,0.0651,0.03309,0.02711,0.214,0.2183,
2.153,0.3947,0.1052,0.08042,0.0606,0.1151,0.0601,0.01856,0.06513,0.03436,0.02587,0.2141,0.2206,
2.153,0.3825,0.1047,0.08054,0.06069,0.1148,0.06014,0.01857,0.06518,0.03439,0.02588,0.2143,0.2208,
2.176,0.3781,0.1068,0.0805,0.0607,0.1144,0.05862,0.01855,0.06513,0.03588,0.03703,0.2026,0.2198,
2.173,0.3437,0.1075,0.08022,0.06097,0.1141,0.05718,0.01803,0.06518,0.0359,0.03705,0.2037,0.2201,
2.171,0.3526,0.1068,0.08073,0.05943,0.1141,0.05763,0.01757,0.06518,0.0359,0.03705,0.2037,0.2219,
2.171,0.354,0.1055,0.08082,0.05961,0.1142,0.05771,0.01759,0.06526,0.03595,0.0371,0.204,0.2222,
2.166,0.3531,0.1055,0.08099,0.05963,0.1138,0.05505,0.01749,0.06515,0.03578,0.0369,0.2041,0.2256,
2.169,0.3511,0.1106,0.08068,0.05961,0.1151,0.05488,0.01743,0.06495,0.03567,0.03678,0.2066,0.2177,
2.171,0.3447,0.1158,0.08075,0.0596,0.115,0.05371,0.01741,0.06488,0.03653,0.03585,0.2074,0.2131,
2.171,0.3417,0.1157,0.08096,0.05974,0.1144,0.05361,0.01796,0.06439,0.03655,0.03587,0.2076,0.2132,
2.169,0.3909,0.1154,0.08107,0.05992,0.1144,0.05167,0.01796,0.06439,0.03655,0.03587,0.2076,0.2152,
2.169,0.3973,0.1151,0.08122,0.06006,0.1144,0.05167,0.01796,0.06439,0.03655,0.03587,0.2076,0.2152,
2.169,0.3791,0.115,0.08126,0.06011,0.1144,0.05167,0.01796,0.06439,0.03655,0.03587,0.2076,0.2152,
2.166,0.3849,0.1148,0.08111,0.06015,0.1145,0.04945,0.01797,0.06442,0.03656,0.03589,0.2077,0.2175,
2.166,0.3722,0.1164,0.08092,0.06016,0.1144,0.04942,0.01796,0.06438,0.03654,0.03587,0.2086,0.2153,
2.166,0.3718,0.1118,0.08078,0.06024,0.1188,0.04987,0.01753,0.06441,0.03656,0.03588,0.2087,0.2154,
2.166,0.366,0.1116,0.08059,0.06044,0.1185,0.0499,0.01789,0.06411,0.03658,0.0359,0.2088,0.2156,
2.166,0.3769,0.1111,0.08076,0.0606,0.1179,0.05051,0.01781,0.06376,0.03663,0.03595,0.2091,0.2159,
2.169,0.3701,0.1146,0.08056,0.06078,0.1174,0.0505,0.01834,0.06321,0.03662,0.03595,0.2101,0.2119,
2.165,0.3754,0.1131,0.08034,0.06092,0.1186,0.04854,0.01832,0.06358,0.03737,0.0347,0.211,0.2135,
2.164,0.3826,0.1126,0.08043,0.06111,0.1185,0.04831,0.01779,0.06363,0.03739,0.03473,0.2112,0.2144,
2.163,0.3771,0.1124,0.08065,0.0612,0.1181,0.04832,0.0178,0.06419,0.03686,0.03474,0.2113,0.2145,
2.163,0.3769,0.1121,0.0808,0.06131,0.1181,0.04832,0.0178,0.06419,0.03686,0.03474,0.2113,0.2145,
2.161,0.3688,0.1117,0.08103,0.06136,0.1173,0.0488,0.01725,0.06572,0.0353,0.03473,0.2123,0.2145,
2.162,0.3593,0.1111,0.08184,0.06148,0.1162,0.0494,0.01727,0.06527,0.03534,0.03477,0.2126,0.2148,
2.161,0.3624,0.111,0.08189,0.06175,0.1154,0.04809,0.01782,0.06477,0.03626,0.0339,0.2128,0.2163,
2.158,0.355,0.1108,0.08175,0.06185,0.1152,0.04654,0.01783,0.06483,0.03629,0.03393,0.213,0.2181,
2.156,0.3547,0.1115,0.08104,0.0619,0.1151,0.04518,0.01783,0.06482,0.03628,0.03392,0.214,0.2184,
2.156,0.3573,0.1114,0.08092,0.06212,0.1151,0.04518,0.01783,0.06482,0.03628,0.03392,0.214,0.2184,
2.158,0.3588,0.1141,0.08087,0.06199,0.1149,0.04495,0.01725,0.07709,0.02379,0.04213,0.2074,0.2156,
2.158,0.3538,0.1138,0.0812,0.06206,0.1145,0.04551,0.01671,0.07713,0.0238,0.04214,0.2075,0.2157,
2.159,0.3633,0.1149,0.08141,0.06211,0.114,0.04548,0.0167,0.07707,0.02378,0.04211,0.2084,0.214,
2.158,0.3488,0.1147,0.08123,0.06222,0.1139,0.04633,0.01579,0.07753,0.02598,0.0393,0.2092,0.2138,
2.158,0.3821,0.1145,0.08142,0.06231,0.1136,0.04635,0.01579,0.0781,0.02667,0.03809,0.2093,0.2139,
2.167,0.4154,0.1132,0.08111,0.06221,0.1132,0.04688,0.06952,0.02383,0.02666,0.03809,0.2114,0.2139,
2.166,0.3994,0.113,0.08067,0.06228,0.1131,0.04712,0.06974,0.02381,0.02664,0.03752,0.2124,0.2138,
2.166,0.4042,0.113,0.08046,0.06255,0.1127,0.04646,0.06977,0.02382,0.03065,0.03354,0.2125,0.2145,
2.164,0.4052,0.112,0.08045,0.06267,0.1136,0.04534,0.07031,0.02328,0.03065,0.03354,0.2125,0.2157,
2.163,0.4012,0.1127,0.0806,0.06262,0.1131,0.04476,0.07013,0.02325,0.03062,0.03351,0.2134,0.2153,
2.168,0.3931,0.1137,0.08097,0.06267,0.1118,0.04472,0.07006,0.02323,0.03059,0.03673,0.2121,0.2135,
2.165,0.3928,0.1133,0.08134,0.06252,0.1094,0.04322,0.07016,0.02326,0.03062,0.03679,0.2135,0.2159,
2.164,0.3996,0.1127,0.08158,0.06267,0.1087,0.04327,0.07092,0.02262,0.03065,0.03684,0.2138,0.2162,
2.174,0.3291,0.1145,0.08107,0.06289,0.1085,0.0423,0.07111,0.02248,0.03017,0.04373,0.2086,0.2146,
2.174,0.3365,0.1145,0.08084,0.06322,0.1081,0.04232,0.07114,0.02292,0.02975,0.04375,0.2087,0.2147,
2.171,0.3334,0.1124,0.08031,0.063,0.1096,0.0422,0.07155,0.02226,0.02967,0.04364,0.2113,0.2141,
2.167,0.3451,0.1124,0.08029,0.06322,0.1088,0.03954,0.07162,0.02227,0.03075,0.04261,0.2115,0.217,
2.166,0.3491,0.1123,0.0804,0.06336,0.1081,0.03917,0.0714,0.02282,0.03023,0.04265,0.2117,0.2179,
2.165,0.3519,0.1078,0.08054,0.06343,0.1124,0.03805,0.0714,0.02282,0.03143,0.04145,0.2117,0.219,
2.167,0.3431,0.112,0.08041,0.06349,0.1123,0.03801,0.07132,0.0228,0.03139,0.04141,0.2125,0.2144,
2.166,0.3396,0.1121,0.08039,0.06363,0.1115,0.03804,0.07219,0.022,0.03141,0.04144,0.2127,0.2146,
2.166,0.3177,0.1117,0.0806,0.06385,0.1101,0.03811,0.07234,0.02203,0.03252,0.04046,0.2132,0.2151,
2.166,0.3194,0.1117,0.08074,0.06397,0.1093,0.03814,0.07241,0.02277,0.03183,0.04049,0.2134,0.2153,
2.167,0.3128,0.1113,0.08124,0.06422,0.1081,0.03819,0.0725,0.0228,0.03187,0.04054,0.2137,0.2156,
2.166,0.318,0.1109,0.08109,0.06428,0.1076,0.03818,0.07249,0.02279,0.03187,0.04054,0.2147,0.2155,
2.186,0.3168,0.1143,0.08127,0.06434,0.1075,0.03701,0.07241,0.02277,0.03183,0.05381,0.2022,0.2125,
2.175,0.3214,0.1141,0.08128,0.06452,0.1075,0.03756,0.08065,0.01648,0.02934,0.05381,0.2022,0.2125,
2.175,0.3255,0.1123,0.08173,0.06481,0.1065,0.03818,0.08029,0.01651,0.0294,0.05392,0.2027,0.2137,
2.176,0.3276,0.1114,0.08172,0.06507,0.1063,0.03928,0.07933,0.01652,0.02943,0.05399,0.203,0.214,
2.174,0.3338,0.1112,0.08161,0.06311,0.1062,0.04022,0.07827,0.01651,0.03031,0.05303,0.2038,0.2158,
2.174,0.3352,0.1111,0.0814,0.06337,0.1062,0.04022,0.07827,0.01651,0.03031,0.05303,0.2038,0.2158,
2.176,0.3472,0.1109,0.08134,0.06335,0.1052,0.04071,0.07764,0.01648,0.03461,0.04863,0.2056,0.2155,
2.173,0.3709,0.1105,0.08129,0.06344,0.1052,0.03915,0.07802,0.01668,0.03535,0.04738,0.2057,0.2172,
2.174,0.3734,0.1098,0.0814,0.06362,0.1054,0.03916,0.07805,0.01723,0.03482,0.04741,0.2058,0.2173,
2.174,0.3726,0.109,0.0821,0.06381,0.1039,0.03925,0.07823,0.01866,0.0335,0.04751,0.2062,0.2178,
2.17,0.3765,0.1086,0.08243,0.06384,0.1039,0.03653,0.07823,0.01866,0.0335,0.04751,0.2062,0.2205,
2.167,0.3623,0.11,0.08233,0.06386,0.1038,0.03445,0.07815,0.01864,0.03346,0.04746,0.2071,0.2208,
2.166,0.34,0.11,0.08233,0.06386,0.1038,0.03332,0.07815,0.02231,0.02979,0.04746,0.2071,0.2219,
2.164,0.3413,0.1098,0.08261,0.06394,0.1034,0.0322,0.07861,0.02188,0.03071,0.04657,0.2071,0.2231,
2.165,0.3429,0.1129,0.08265,0.064,0.1021,0.03221,0.07918,0.02454,0.02752,0.04658,0.2083,0.22,
