RabA,RabB,RabC,RabD,RabE,RabF,RabG,RabH,RabI,xER,xPM,
1213000.0,1038000.0,783700.0,1432000.0,623400.0,450500.0,350300.0,389700.0,400700.0,2364000.0,2396000.0,
1213000.0,1038000.0,783500.0,1418000.0,623300.0,450500.0,350200.0,389700.0,400600.0,2364000.0,2396000.0,
1212000.0,1038000.0,783400.0,1408000.0,623200.0,450400.0,350100.0,389600.0,400500.0,2364000.0,2396000.0,
1212000.0,1038000.0,775900.0,1408000.0,593100.0,450400.0,350100.0,389600.0,400500.0,2364000.0,2433000.0,
1195000.0,1038000.0,768400.0,1408000.0,593100.0,450400.0,350100.0,389600.0,400500.0,2364000.0,2459000.0,
1194000.0,1037000.0,743800.0,1394000.0,580300.0,450400.0,350000.0,389500.0,400300.0,2364000.0,2496000.0,
1194000.0,1032000.0,743700.0,1394000.0,572800.0,450400.0,350000.0,389500.0,400300.0,2364000.0,2503000.0,
1194000.0,1032000.0,743700.0,1394000.0,572800.0,450400.0,350000.0,389500.0,400300.0,2364000.0,2503000.0,
1173000.0,1032000.0,743700.0,1394000.0,572800.0,450400.0,350000.0,389500.0,400300.0,2364000.0,2524000.0,
1232000.0,1030000.0,742600.0,1390000.0,572800.0,450300.0,349900.0,389400.0,400200.0,2376000.0,2459000.0,
1263000.0,1028000.0,741600.0,1381000.0,519300.0,448700.0,349800.0,389400.0,400100.0,2400000.0,2480000.0,
1250000.0,1028000.0,741600.0,1381000.0,511800.0,448700.0,349800.0,389400.0,400100.0,2400000.0,2501000.0,
1250000.0,1028000.0,741500.0,1376000.0,499200.0,448700.0,349800.0,389300.0,400000.0,2400000.0,2513000.0,
1239000.0,1028000.0,741500.0,1376000.0,499200.0,448700.0,349800.0,389300.0,400000.0,2400000.0,2525000.0,
1276000.0,1022000.0,741500.0,1376000.0,499200.0,448700.0,349800.0,389300.0,453500.0,2370000.0,2493000.0,
1303000.0,1022000.0,741500.0,1372000.0,499100.0,448700.0,349800.0,389300.0,453400.0,2382000.0,2466000.0,
1303000.0,1022000.0,741400.0,1367000.0,494200.0,447400.0,348200.0,389200.0,453400.0,2382000.0,2474000.0,
1303000.0,1022000.0,741400.0,1367000.0,486700.0,447400.0,348200.0,389200.0,453400.0,2382000.0,2481000.0,
1288000.0,1022000.0,741300.0,1362000.0,486700.0,447400.0,348100.0,389200.0,453300.0,2382000.0,2496000.0,
1285000.0,1020000.0,741300.0,1362000.0,479100.0,447400.0,348100.0,389200.0,453300.0,2382000.0,2503000.0,
1285000.0,1020000.0,741300.0,1362000.0,479100.0,447400.0,348100.0,389200.0,453300.0,2382000.0,2503000.0,
1282000.0,1018000.0,741300.0,1362000.0,479100.0,447400.0,348100.0,389200.0,453300.0,2382000.0,2503000.0,
1288000.0,1018000.0,741300.0,1362000.0,479100.0,447400.0,348100.0,389200.0,453300.0,2394000.0,2493000.0,
1285000.0,1007000.0,740900.0,1356000.0,479000.0,447400.0,348100.0,389100.0,453200.0,2394000.0,2493000.0,
1285000.0,1007000.0,740800.0,1351000.0,464900.0,443800.0,348000.0,389100.0,453100.0,2394000.0,2510000.0,
1301000.0,1007000.0,740800.0,1351000.0,447300.0,443800.0,348000.0,389100.0,504200.0,2355000.0,2512000.0,
1293000.0,1007000.0,740800.0,1351000.0,447300.0,443800.0,348000.0,389100.0,504200.0,2355000.0,2520000.0,
1337000.0,1007000.0,740800.0,1347000.0,447300.0,443800.0,348000.0,389100.0,504200.0,2366000.0,2476000.0,
1332000.0,1007000.0,740800.0,1347000.0,447300.0,443800.0,348000.0,389100.0,504200.0,2366000.0,2476000.0,
1382000.0,1007000.0,740800.0,1347000.0,447300.0,443800.0,348000.0,389100.0,504200.0,2390000.0,2426000.0,
1382000.0,1007000.0,740600.0,1338000.0,447100.0,443700.0,347900.0,389000.0,504000.0,2390000.0,2426000.0,
1373000.0,1005000.0,742100.0,1338000.0,439600.0,443700.0,347900.0,389000.0,504000.0,2390000.0,2433000.0,
1372000.0,1004000.0,743200.0,1333000.0,437200.0,438500.0,347900.0,395300.0,497700.0,2390000.0,2441000.0,
1412000.0,1006000.0,743000.0,1330000.0,424600.0,438500.0,347800.0,395300.0,506300.0,2393000.0,2410000.0,
1471000.0,1007000.0,744000.0,1330000.0,424600.0,438500.0,347800.0,395300.0,590700.0,2321000.0,2344000.0,
1469000.0,1008000.0,744900.0,1325000.0,429800.0,433400.0,347800.0,395300.0,590700.0,2333000.0,2344000.0,
1448000.0,1006000.0,745400.0,1320000.0,432700.0,434100.0,343900.0,433200.0,552600.0,2333000.0,2357000.0,
1447000.0,1003000.0,719400.0,1314000.0,553900.0,312900.0,343900.0,433200.0,552600.0,2344000.0,2383000.0,
1444000.0,1003000.0,705500.0,1310000.0,547800.0,311400.0,420700.0,371100.0,537900.0,2344000.0,2406000.0,
1437000.0,1002000.0,706800.0,1296000.0,527700.0,507400.0,224700.0,371100.0,537900.0,2344000.0,2426000.0,
1427000.0,999400.0,709900.0,1296000.0,533800.0,501400.0,224700.0,371100.0,537900.0,2344000.0,2426000.0,
1426000.0,998500.0,711300.0,1292000.0,533700.0,501300.0,224700.0,371100.0,537800.0,2344000.0,2426000.0,
1422000.0,997900.0,711200.0,1287000.0,533600.0,501300.0,224700.0,371000.0,537800.0,2344000.0,2426000.0,
1421000.0,998000.0,711800.0,1282000.0,511000.0,501300.0,234100.0,372600.0,526700.0,2344000.0,2449000.0,
1418000.0,999100.0,713200.0,1282000.0,851900.0,152900.0,234100.0,383700.0,515600.0,2344000.0,2456000.0,
1457000.0,993300.0,718100.0,1273000.0,851800.0,152900.0,234100.0,383600.0,515500.0,2368000.0,2413000.0,
1448000.0,995900.0,719200.0,1273000.0,851800.0,152900.0,234100.0,383600.0,515500.0,2368000.0,2413000.0,
1427000.0,1000000.0,717900.0,1272000.0,851700.0,158800.0,227900.0,383500.0,515400.0,2368000.0,2413000.0,
1424000.0,1000000.0,712700.0,1272000.0,851700.0,158800.0,246200.0,365200.0,515400.0,2368000.0,2421000.0,
1470000.0,993900.0,710900.0,1272000.0,851700.0,158800.0,246200.0,375300.0,505300.0,2380000.0,2368000.0,
1441000.0,990800.0,713000.0,1292000.0,851700.0,158700.0,246100.0,391300.0,489200.0,2380000.0,2368000.0,
1368000.0,987200.0,712600.0,1359000.0,851500.0,170800.0,234000.0,391300.0,489200.0,2380000.0,2368000.0,
1349000.0,989300.0,713100.0,1371000.0,851300.0,219000.0,185800.0,391300.0,489100.0,2380000.0,2368000.0,
1345000.0,990900.0,715700.0,1367000.0,827400.0,219000.0,185700.0,391300.0,489000.0,2380000.0,2391000.0,
1345000.0,988300.0,701400.0,1362000.0,827400.0,219000.0,185700.0,391200.0,489000.0,2380000.0,2408000.0,
1328000.0,997300.0,701400.0,1362000.0,827400.0,219000.0,185700.0,391200.0,489000.0,2380000.0,2416000.0,
1358000.0,993300.0,703000.0,1358000.0,827400.0,219000.0,185700.0,456700.0,423500.0,2391000.0,2383000.0,
1357000.0,993000.0,703400.0,1344000.0,827400.0,218900.0,185600.0,456600.0,490200.0,2337000.0,2383000.0,
1351000.0,997100.0,688500.0,1334000.0,819900.0,218900.0,185500.0,456600.0,490100.0,2348000.0,2407000.0,
1433000.0,998400.0,655000.0,1334000.0,788500.0,218900.0,185500.0,471600.0,475000.0,2372000.0,2389000.0,
1432000.0,997700.0,656300.0,1334000.0,788500.0,218900.0,185500.0,471600.0,475000.0,2396000.0,2389000.0,
1429000.0,1000000.0,656300.0,1316000.0,775700.0,218800.0,185400.0,481600.0,464800.0,2396000.0,2401000.0,
1425000.0,998100.0,638500.0,1316000.0,788900.0,205600.0,185400.0,481600.0,464800.0,2396000.0,2420000.0,
1445000.0,993400.0,639000.0,1311000.0,788900.0,205600.0,185400.0,491600.0,499100.0,2363000.0,2395000.0,
1444000.0,994100.0,639000.0,1306000.0,788900.0,205600.0,190500.0,486500.0,499100.0,2363000.0,2395000.0,
1435000.0,996300.0,639000.0,1312000.0,788900.0,205600.0,190500.0,486500.0,499100.0,2363000.0,2395000.0,
1455000.0,998200.0,641100.0,1308000.0,781200.0,215700.0,180400.0,486500.0,499000.0,2375000.0,2378000.0,
1450000.0,999200.0,645000.0,1308000.0,763600.0,215700.0,180400.0,499000.0,486400.0,2375000.0,2396000.0,
1429000.0,1002000.0,647000.0,1314000.0,746000.0,215700.0,180400.0,505100.0,480400.0,2387000.0,2414000.0,
1426000.0,1002000.0,648500.0,1306000.0,746000.0,215700.0,443600.0,241900.0,480400.0,2387000.0,2414000.0,
1432000.0,1005000.0,649600.0,1301000.0,746000.0,215700.0,443600.0,252700.0,469600.0,2399000.0,2398000.0,
1430000.0,1004000.0,652500.0,1301000.0,746000.0,215700.0,443600.0,252700.0,469600.0,2399000.0,2398000.0,
1462000.0,1005000.0,654200.0,1297000.0,738500.0,215600.0,451600.0,299000.0,468100.0,2370000.0,2370000.0,
1456000.0,1003000.0,656900.0,1287000.0,738400.0,223100.0,444000.0,299000.0,468100.0,2370000.0,2370000.0,
1403000.0,998200.0,658600.0,1338000.0,738400.0,223100.0,448800.0,294100.0,468100.0,2370000.0,2370000.0,
1373000.0,998700.0,647700.0,1361000.0,738300.0,223100.0,448800.0,294100.0,468000.0,2381000.0,2383000.0,
1366000.0,999200.0,647600.0,1357000.0,738300.0,223100.0,448800.0,294100.0,468000.0,2393000.0,2383000.0,
1360000.0,999600.0,640600.0,1357000.0,738300.0,223100.0,448800.0,294100.0,468000.0,2393000.0,2390000.0,
1376000.0,1002000.0,628400.0,1357000.0,720700.0,288300.0,383600.0,294100.0,478000.0,2395000.0,2391000.0,
1369000.0,1002000.0,630500.0,1342000.0,801500.0,207400.0,383600.0,294100.0,506200.0,2379000.0,2391000.0,
1360000.0,1010000.0,631100.0,1332000.0,801500.0,207400.0,383600.0,294100.0,506200.0,2391000.0,2391000.0,
1338000.0,1016000.0,631800.0,1338000.0,782700.0,207400.0,383600.0,294100.0,506200.0,2391000.0,2410000.0,
1348000.0,1017000.0,635200.0,1333000.0,785800.0,204300.0,383600.0,294100.0,588100.0,2333000.0,2396000.0,
1346000.0,1020000.0,635800.0,1361000.0,760600.0,204300.0,383600.0,294000.0,588000.0,2344000.0,2377000.0,
1345000.0,1018000.0,636900.0,1343000.0,747500.0,204300.0,383500.0,300000.0,581900.0,2356000.0,2390000.0,
1329000.0,1019000.0,638300.0,1342000.0,747500.0,204300.0,383500.0,326100.0,555800.0,2356000.0,2390000.0,
1327000.0,1017000.0,642000.0,1342000.0,747500.0,204300.0,391500.0,331200.0,542700.0,2380000.0,2390000.0,
1326000.0,1015000.0,643800.0,1338000.0,747500.0,204200.0,391500.0,331100.0,542600.0,2380000.0,2390000.0,
1325000.0,1016000.0,643800.0,1338000.0,747500.0,204200.0,391500.0,380500.0,493100.0,2392000.0,2390000.0,
1321000.0,1021000.0,627900.0,1338000.0,747500.0,204200.0,391500.0,380500.0,493100.0,2392000.0,2406000.0,
1320000.0,1019000.0,629000.0,1334000.0,747300.0,204200.0,391400.0,380500.0,493100.0,2392000.0,2406000.0,
1312000.0,1022000.0,626900.0,1332000.0,746900.0,204100.0,399400.0,372400.0,493000.0,2392000.0,2406000.0,
1345000.0,1024000.0,614300.0,1344000.0,746900.0,204100.0,399400.0,372400.0,565600.0,2331000.0,2372000.0,
1344000.0,1024000.0,614900.0,1339000.0,705800.0,204100.0,411400.0,360300.0,565600.0,2331000.0,2413000.0,
1341000.0,1027000.0,615200.0,1339000.0,705800.0,204100.0,411400.0,366300.0,559500.0,2331000.0,2413000.0,
1338000.0,1029000.0,608200.0,1335000.0,687200.0,204100.0,416200.0,361500.0,559500.0,2331000.0,2439000.0,
1361000.0,1028000.0,601200.0,1348000.0,657100.0,204100.0,416200.0,401400.0,519600.0,2354000.0,2441000.0,
1385000.0,1027000.0,603900.0,1338000.0,649600.0,204100.0,426300.0,459800.0,451100.0,2366000.0,2423000.0,
1401000.0,1026000.0,603700.0,1344000.0,659200.0,194400.0,436300.0,460200.0,440600.0,2390000.0,2391000.0,
1380000.0,1027000.0,602900.0,1356000.0,711300.0,142300.0,436200.0,460200.0,440600.0,2390000.0,2391000.0,
1379000.0,1025000.0,605300.0,1351000.0,701300.0,139700.0,436200.0,460200.0,480300.0,2362000.0,2404000.0,
1378000.0,1025000.0,606400.0,1347000.0,701200.0,139700.0,436200.0,460100.0,480200.0,2362000.0,2404000.0,
1432000.0,1026000.0,608200.0,1346000.0,701200.0,139700.0,453600.0,442800.0,480200.0,2374000.0,2342000.0,
1415000.0,1026000.0,597700.0,1341000.0,701200.0,139700.0,453600.0,442800.0,480200.0,2374000.0,2354000.0,
1412000.0,1023000.0,599200.0,1341000.0,701200.0,139700.0,453600.0,448800.0,474200.0,2386000.0,2354000.0,
1407000.0,1022000.0,599600.0,1336000.0,693600.0,139700.0,464800.0,437500.0,474200.0,2386000.0,2362000.0,
1397000.0,1021000.0,600700.0,1342000.0,668500.0,139700.0,464700.0,437400.0,474100.0,2398000.0,2387000.0,
1396000.0,1020000.0,602100.0,1342000.0,660900.0,139700.0,464700.0,437400.0,510100.0,2373000.0,2395000.0,
1436000.0,1020000.0,603500.0,1347000.0,638400.0,139700.0,469600.0,432600.0,510100.0,2385000.0,2360000.0,
1432000.0,1023000.0,604700.0,1338000.0,615700.0,150000.0,458900.0,438500.0,504000.0,2397000.0,2383000.0,
1419000.0,1026000.0,606900.0,1336000.0,615700.0,157100.0,469900.0,443000.0,526500.0,2376000.0,2383000.0,
1416000.0,1026000.0,609400.0,1332000.0,601500.0,151100.0,469900.0,442900.0,526400.0,2376000.0,2403000.0,
1416000.0,1023000.0,610300.0,1329000.0,601000.0,151100.0,469900.0,480300.0,489000.0,2376000.0,2403000.0,
1428000.0,1020000.0,610500.0,1324000.0,591000.0,142000.0,478700.0,471400.0,488900.0,2388000.0,2408000.0,
1427000.0,1019000.0,612100.0,1319000.0,591000.0,142000.0,478700.0,504700.0,455600.0,2388000.0,2408000.0,
1466000.0,1022000.0,613200.0,1319000.0,597000.0,135900.0,483500.0,511000.0,444500.0,2400000.0,2366000.0,
1426000.0,1018000.0,616400.0,1340000.0,589500.0,135800.0,483300.0,510800.0,459100.0,2397000.0,2373000.0,
1419000.0,1018000.0,617700.0,1335000.0,576900.0,135800.0,483300.0,510800.0,520400.0,2348000.0,2386000.0,
1448000.0,1018000.0,620000.0,1335000.0,551800.0,135800.0,489400.0,544000.0,481200.0,2360000.0,2380000.0,
1446000.0,1015000.0,621200.0,1330000.0,551500.0,135800.0,489400.0,544000.0,481200.0,2360000.0,2380000.0,
1441000.0,1017000.0,622600.0,1321000.0,543900.0,135800.0,489300.0,544000.0,481200.0,2360000.0,2388000.0,
1438000.0,1019000.0,623300.0,1321000.0,543900.0,135800.0,489300.0,558100.0,467100.0,2360000.0,2388000.0,
1436000.0,1020000.0,625000.0,1316000.0,543800.0,135800.0,489300.0,594000.0,431000.0,2383000.0,2388000.0,
1435000.0,1019000.0,626900.0,1316000.0,543800.0,135800.0,497700.0,593600.0,423000.0,2383000.0,2388000.0,
1432000.0,1020000.0,627800.0,1312000.0,543800.0,135600.0,509000.0,593200.0,411900.0,2383000.0,2388000.0,
1422000.0,1028000.0,629300.0,1298000.0,543800.0,135500.0,508800.0,599000.0,405700.0,2395000.0,2388000.0,
1421000.0,1028000.0,630400.0,1283000.0,525900.0,135500.0,508800.0,609300.0,395400.0,2395000.0,2405000.0,
1419000.0,1029000.0,631200.0,1283000.0,525900.0,135500.0,518400.0,599700.0,395400.0,2395000.0,2405000.0,
1446000.0,1030000.0,619800.0,1285000.0,518000.0,135500.0,518400.0,599700.0,463000.0,2339000.0,2379000.0,
1436000.0,1032000.0,620300.0,1283000.0,518000.0,421200.0,232700.0,599700.0,463000.0,2339000.0,2379000.0,
1435000.0,1032000.0,621100.0,1283000.0,518000.0,421200.0,237600.0,594800.0,463000.0,2363000.0,2379000.0,
1433000.0,1030000.0,623600.0,1276000.0,505400.0,431300.0,227100.0,594700.0,462900.0,2363000.0,2392000.0,
1432000.0,1030000.0,624800.0,1276000.0,505400.0,439400.0,219100.0,594700.0,462900.0,2363000.0,2392000.0,
1428000.0,1032000.0,625800.0,1270000.0,505400.0,439400.0,219100.0,594700.0,462900.0,2375000.0,2392000.0,
1428000.0,1033000.0,626300.0,1270000.0,505400.0,439400.0,219100.0,606800.0,450900.0,2375000.0,2392000.0,
1427000.0,1032000.0,628000.0,1270000.0,505400.0,439400.0,219100.0,612800.0,444800.0,2375000.0,2392000.0,
1424000.0,1033000.0,629400.0,1261000.0,505300.0,439400.0,219000.0,628800.0,428800.0,2387000.0,2392000.0,
1423000.0,1033000.0,630000.0,1261000.0,505300.0,439400.0,219000.0,628800.0,459200.0,2380000.0,2392000.0,
1392000.0,1035000.0,630700.0,1284000.0,505300.0,445400.0,213000.0,657600.0,430400.0,2380000.0,2392000.0,
1392000.0,1033000.0,633000.0,1284000.0,505300.0,449300.0,209100.0,657600.0,430400.0,2392000.0,2392000.0,
1377000.0,1033000.0,634000.0,1298000.0,505300.0,449300.0,209100.0,657600.0,430400.0,2392000.0,2392000.0,
1368000.0,1034000.0,634800.0,1298000.0,505300.0,449300.0,227200.0,639500.0,534800.0,2299000.0,2399000.0,
1364000.0,1034000.0,634500.0,1293000.0,505300.0,449300.0,227200.0,639500.0,534800.0,2299000.0,2399000.0,
1358000.0,1037000.0,636600.0,1283000.0,505100.0,453100.0,223300.0,639500.0,534800.0,2311000.0,2399000.0,
1309000.0,1035000.0,636900.0,1330000.0,505100.0,459100.0,217200.0,639500.0,534800.0,2311000.0,2399000.0,
1293000.0,1030000.0,637600.0,1339000.0,487500.0,459100.0,217200.0,639500.0,534800.0,2322000.0,2417000.0,
1286000.0,1024000.0,636900.0,1339000.0,479900.0,459100.0,226000.0,630600.0,534700.0,2322000.0,2425000.0,
1273000.0,1031000.0,637500.0,1333000.0,479900.0,459100.0,226000.0,630600.0,534700.0,2322000.0,2425000.0,
1265000.0,1034000.0,637100.0,1320000.0,479700.0,459000.0,225900.0,630500.0,534600.0,2322000.0,2425000.0,
1322000.0,1033000.0,638800.0,1320000.0,479700.0,459000.0,225900.0,640500.0,524500.0,2346000.0,2357000.0,
1315000.0,1033000.0,639600.0,1310000.0,479400.0,459000.0,231900.0,665400.0,493600.0,2346000.0,2357000.0,
1314000.0,1031000.0,638400.0,1305000.0,477900.0,452900.0,231900.0,665400.0,493600.0,2346000.0,2365000.0,
1314000.0,1029000.0,640300.0,1296000.0,470300.0,452900.0,231900.0,665400.0,493500.0,2357000.0,2372000.0,
1200000.0,1027000.0,642300.0,1404000.0,475900.0,447300.0,231900.0,665400.0,493500.0,2357000.0,2372000.0,
1183000.0,1027000.0,635800.0,1410000.0,475900.0,447100.0,231700.0,665300.0,493400.0,2357000.0,2380000.0,
1183000.0,1024000.0,639000.0,1406000.0,468300.0,447100.0,231700.0,665200.0,493400.0,2369000.0,2387000.0,
1169000.0,1023000.0,628900.0,1418000.0,468300.0,447100.0,231700.0,682600.0,476100.0,2381000.0,2400000.0,
1152000.0,1027000.0,629000.0,1421000.0,460600.0,451000.0,227800.0,696700.0,462000.0,2381000.0,2407000.0,
1164000.0,1029000.0,615700.0,1412000.0,465600.0,445800.0,234300.0,690300.0,462000.0,2393000.0,2406000.0,
1142000.0,1023000.0,617000.0,1425000.0,465500.0,445800.0,234200.0,707600.0,444600.0,2393000.0,2406000.0,
1133000.0,1022000.0,617400.0,1398000.0,465300.0,445800.0,234200.0,707600.0,444600.0,2393000.0,2406000.0,
1126000.0,1022000.0,619700.0,1384000.0,465300.0,445700.0,252200.0,689300.0,444500.0,2393000.0,2406000.0,
1126000.0,1021000.0,621400.0,1384000.0,465300.0,452400.0,245500.0,704400.0,429400.0,2393000.0,2406000.0,
1120000.0,1021000.0,623600.0,1377000.0,465200.0,452400.0,245500.0,704400.0,429400.0,2393000.0,2406000.0,
1165000.0,1020000.0,624400.0,1377000.0,465200.0,452400.0,245500.0,714500.0,441000.0,2383000.0,2356000.0,
1163000.0,1020000.0,626000.0,1362000.0,465000.0,452400.0,250300.0,709600.0,441000.0,2395000.0,2356000.0,
1161000.0,1019000.0,628600.0,1357000.0,465000.0,452400.0,250300.0,746500.0,404200.0,2395000.0,2356000.0,
1161000.0,1017000.0,630000.0,1348000.0,447200.0,459400.0,243200.0,779900.0,370700.0,2395000.0,2374000.0,
1158000.0,1020000.0,630600.0,1343000.0,432600.0,462800.0,236700.0,779900.0,370600.0,2395000.0,2391000.0,
1145000.0,1019000.0,631000.0,1356000.0,425100.0,462800.0,241600.0,775100.0,370600.0,2395000.0,2399000.0,
1138000.0,1021000.0,631600.0,1356000.0,425100.0,462800.0,241600.0,788300.0,357300.0,2395000.0,2399000.0,
1137000.0,1020000.0,633500.0,1342000.0,425100.0,462600.0,241400.0,788200.0,357200.0,2395000.0,2399000.0,
1063000.0,1013000.0,636400.0,1395000.0,425100.0,468700.0,244200.0,779400.0,478400.0,2286000.0,2399000.0,
1044000.0,1013000.0,637000.0,1408000.0,428200.0,465600.0,244200.0,791100.0,466700.0,2286000.0,2399000.0,
1040000.0,1016000.0,637200.0,1394000.0,418600.0,464200.0,242500.0,789000.0,464100.0,2297000.0,2416000.0,
1038000.0,1016000.0,639000.0,1394000.0,418600.0,464200.0,242500.0,789000.0,464100.0,2297000.0,2416000.0,
1070000.0,1016000.0,640800.0,1394000.0,418600.0,464200.0,255400.0,776100.0,464100.0,2309000.0,2382000.0,
1069000.0,1015000.0,642700.0,1394000.0,418600.0,464200.0,255400.0,776100.0,464100.0,2309000.0,2382000.0,
1067000.0,1015000.0,644700.0,1394000.0,424600.0,458200.0,255400.0,776100.0,464100.0,2309000.0,2382000.0,
1062000.0,1015000.0,633000.0,1394000.0,424200.0,458200.0,255400.0,800500.0,439700.0,2320000.0,2394000.0,
1060000.0,1014000.0,632500.0,1393000.0,718000.0,168100.0,251500.0,800500.0,439600.0,2332000.0,2394000.0,
1046000.0,1015000.0,632900.0,1396000.0,717900.0,168000.0,260400.0,797300.0,433600.0,2332000.0,2394000.0,
1045000.0,1013000.0,599900.0,1387000.0,701200.0,168000.0,260400.0,797300.0,433600.0,2332000.0,2446000.0,
1100000.0,1011000.0,600900.0,1368000.0,700900.0,168000.0,260400.0,797300.0,433400.0,2355000.0,2386000.0,
1094000.0,1010000.0,603000.0,1358000.0,693400.0,168000.0,271600.0,792000.0,427400.0,2355000.0,2394000.0,
1092000.0,1010000.0,604300.0,1348000.0,693400.0,168000.0,271600.0,792000.0,427400.0,2355000.0,2394000.0,
1078000.0,1011000.0,605300.0,1345000.0,693100.0,167900.0,271500.0,806000.0,413200.0,2367000.0,2394000.0,
1062000.0,1008000.0,606200.0,1354000.0,695900.0,164800.0,271500.0,817100.0,402200.0,2379000.0,2394000.0,
1028000.0,1003000.0,607900.0,1382000.0,695300.0,164800.0,271500.0,858300.0,360900.0,2379000.0,2394000.0,
1017000.0,1003000.0,609400.0,1377000.0,695300.0,164800.0,271500.0,858300.0,360900.0,2379000.0,2394000.0,
1015000.0,1001000.0,611600.0,1364000.0,701100.0,158700.0,271500.0,858200.0,360800.0,2379000.0,2394000.0,
1068000.0,992200.0,620000.0,1360000.0,688700.0,153400.0,271400.0,858200.0,360700.0,2391000.0,2353000.0,
1057000.0,990600.0,621900.0,1355000.0,688600.0,163200.0,266300.0,853300.0,360700.0,2391000.0,2353000.0,
1019000.0,988700.0,624400.0,1393000.0,671000.0,163200.0,266300.0,853300.0,360700.0,2391000.0,2371000.0,
1019000.0,988100.0,625400.0,1387000.0,671000.0,167000.0,262400.0,867400.0,346600.0,2391000.0,2371000.0,
1018000.0,987600.0,626500.0,1377000.0,676700.0,161400.0,262400.0,867400.0,346600.0,2391000.0,2371000.0,
1018000.0,985100.0,629600.0,1362000.0,664100.0,161400.0,267300.0,872600.0,336500.0,2391000.0,2384000.0,
975300.0,985600.0,631900.0,1392000.0,653800.0,265600.0,158100.0,883600.0,325400.0,2391000.0,2399000.0,
973600.0,984900.0,633900.0,1388000.0,653600.0,275600.0,148000.0,883500.0,360100.0,2380000.0,2399000.0,
972700.0,984100.0,635500.0,1383000.0,631200.0,275600.0,148000.0,883500.0,360100.0,2380000.0,2421000.0,
1008000.0,982500.0,638200.0,1383000.0,631200.0,282700.0,150300.0,874100.0,360100.0,2392000.0,2385000.0,
993700.0,983000.0,639100.0,1386000.0,623700.0,282700.0,156400.0,878100.0,350200.0,2392000.0,2393000.0,
993700.0,982100.0,639800.0,1371000.0,628400.0,277800.0,162300.0,881900.0,340200.0,2392000.0,2393000.0,
992400.0,978500.0,643400.0,1362000.0,634400.0,277800.0,156300.0,881900.0,340200.0,2392000.0,2393000.0,
1013000.0,979000.0,643400.0,1362000.0,626900.0,277800.0,162300.0,875900.0,406800.0,2337000.0,2379000.0,
1012000.0,979600.0,643300.0,1358000.0,629800.0,285000.0,152000.0,887300.0,395200.0,2337000.0,2379000.0,
987200.0,979400.0,645800.0,1370000.0,629800.0,285000.0,152000.0,901400.0,381200.0,2337000.0,2379000.0,
970000.0,978600.0,647200.0,1387000.0,622300.0,285000.0,152000.0,912900.0,369700.0,2349000.0,2387000.0,
968200.0,974200.0,648400.0,1387000.0,614700.0,285000.0,152000.0,922900.0,359700.0,2372000.0,2394000.0,
954900.0,974700.0,650000.0,1398000.0,614700.0,285000.0,156800.0,918100.0,359700.0,2384000.0,2394000.0,
953800.0,974600.0,651200.0,1393000.0,614700.0,285000.0,156800.0,918100.0,359700.0,2384000.0,2394000.0,
952400.0,969900.0,656300.0,1379000.0,614600.0,288800.0,152900.0,918000.0,359600.0,2396000.0,2394000.0,
946100.0,966600.0,659700.0,1370000.0,607100.0,288800.0,152900.0,918000.0,359600.0,2396000.0,2402000.0,
977600.0,966500.0,654600.0,1361000.0,611400.0,271600.0,152900.0,918000.0,371000.0,2397000.0,2388000.0,
953800.0,968400.0,654800.0,1378000.0,611300.0,271500.0,152800.0,917900.0,371000.0,2397000.0,2388000.0,
951100.0,968500.0,657400.0,1378000.0,611300.0,271500.0,152800.0,917900.0,486900.0,2304000.0,2388000.0,
950100.0,964700.0,642900.0,1378000.0,611300.0,278800.0,156200.0,907300.0,486900.0,2304000.0,2407000.0,
999800.0,960400.0,634000.0,1378000.0,614400.0,275700.0,168200.0,895200.0,486900.0,2327000.0,2366000.0,
995600.0,961300.0,629200.0,1364000.0,614200.0,275600.0,168100.0,895100.0,486700.0,2339000.0,2373000.0,
992800.0,963100.0,630200.0,1364000.0,614200.0,275600.0,168100.0,905200.0,476700.0,2351000.0,2373000.0,
990600.0,964700.0,630700.0,1354000.0,620200.0,269500.0,646300.0,427000.0,476700.0,2374000.0,2373000.0,
978000.0,963500.0,633100.0,1341000.0,612600.0,269500.0,652300.0,420900.0,476700.0,2398000.0,2381000.0,
977000.0,962700.0,634800.0,1336000.0,612600.0,269500.0,661100.0,418100.0,470600.0,2398000.0,2381000.0,
976000.0,963600.0,634700.0,1331000.0,612500.0,269500.0,667100.0,422000.0,582400.0,2288000.0,2381000.0,
974800.0,963000.0,636100.0,1312000.0,612400.0,269400.0,673100.0,416000.0,582300.0,2300000.0,2381000.0,
972100.0,962900.0,638900.0,1287000.0,612300.0,276500.0,665900.0,415900.0,582300.0,2300000.0,2381000.0,
954900.0,964200.0,638900.0,1298000.0,596000.0,276500.0,665900.0,415900.0,582300.0,2300000.0,2397000.0,
953200.0,962100.0,642500.0,1289000.0,595800.0,276400.0,689200.0,416600.0,558200.0,2300000.0,2397000.0,
950900.0,964300.0,642400.0,1279000.0,595700.0,299800.0,665700.0,416600.0,558100.0,2323000.0,2397000.0,
943400.0,958800.0,629900.0,1279000.0,607800.0,287800.0,671700.0,410600.0,558100.0,2323000.0,2412000.0,
940200.0,960900.0,631000.0,1274000.0,607800.0,297800.0,669600.0,416700.0,544100.0,2323000.0,2412000.0,
953900.0,961500.0,632900.0,1264000.0,607800.0,297800.0,669600.0,416700.0,544100.0,2334000.0,2396000.0,
948900.0,959500.0,634600.0,1259000.0,607700.0,297800.0,669600.0,416600.0,544000.0,2346000.0,2396000.0,
977700.0,954800.0,634600.0,1259000.0,606100.0,291800.0,669600.0,422800.0,537800.0,2370000.0,2370000.0,
970200.0,954600.0,637200.0,1259000.0,606100.0,623000.0,346400.0,414800.0,537800.0,2370000.0,2370000.0,
963000.0,955800.0,638300.0,1259000.0,593600.0,623000.0,346400.0,414800.0,537800.0,2370000.0,2382000.0,
962600.0,955000.0,625200.0,1259000.0,576000.0,623000.0,346400.0,428900.0,523700.0,2393000.0,2414000.0,
953800.0,951400.0,625600.0,1266000.0,563400.0,623000.0,358500.0,436900.0,503600.0,2393000.0,2427000.0,
951700.0,953300.0,625900.0,1266000.0,550900.0,631500.0,350000.0,436900.0,503600.0,2393000.0,2439000.0,
949600.0,951000.0,602300.0,1262000.0,543200.0,631400.0,429200.0,357500.0,503600.0,2393000.0,2470000.0,
978400.0,946700.0,603000.0,1268000.0,543200.0,631400.0,435300.0,373500.0,532100.0,2355000.0,2433000.0,
976900.0,942800.0,603200.0,1264000.0,530500.0,643700.0,428900.0,367400.0,532000.0,2355000.0,2445000.0,
976200.0,941700.0,604800.0,1254000.0,530400.0,643700.0,428900.0,367300.0,532000.0,2355000.0,2445000.0,
964600.0,942100.0,606600.0,1284000.0,530400.0,643700.0,428900.0,367300.0,532000.0,2367000.0,2420000.0,
970900.0,944400.0,607300.0,1294000.0,530400.0,647500.0,425000.0,367300.0,532000.0,2378000.0,2401000.0,
970200.0,944000.0,608400.0,1294000.0,520900.0,639500.0,445400.0,346900.0,532000.0,2378000.0,2418000.0,
1036000.0,944200.0,608800.0,1289000.0,520700.0,639400.0,445300.0,359900.0,547800.0,2373000.0,2352000.0,
1025000.0,941600.0,611800.0,1295000.0,513200.0,639400.0,445300.0,359900.0,547800.0,2373000.0,2359000.0,
992000.0,941000.0,613400.0,1322000.0,513100.0,639400.0,453400.0,351800.0,547700.0,2373000.0,2359000.0,
989500.0,942500.0,598100.0,1322000.0,513100.0,639400.0,453400.0,397100.0,502500.0,2385000.0,2375000.0,
988500.0,942700.0,598900.0,1322000.0,513100.0,639400.0,453400.0,397100.0,502500.0,2385000.0,2375000.0,
985800.0,943200.0,601000.0,1318000.0,513000.0,639400.0,453300.0,397000.0,502500.0,2385000.0,2375000.0,
968400.0,946400.0,603900.0,1329000.0,524800.0,627500.0,453300.0,397000.0,502500.0,2385000.0,2375000.0,
957200.0,946300.0,605000.0,1339000.0,517300.0,627500.0,453300.0,397000.0,502500.0,2397000.0,2383000.0,
956000.0,946600.0,605600.0,1335000.0,890700.0,480300.0,234800.0,399700.0,553100.0,2348000.0,2383000.0,
955500.0,944500.0,608100.0,1330000.0,896600.0,474200.0,234800.0,399600.0,553000.0,2348000.0,2383000.0,
948300.0,944600.0,610200.0,1330000.0,902700.0,475300.0,227700.0,460200.0,492500.0,2348000.0,2383000.0,
946800.0,942200.0,614000.0,1330000.0,902700.0,475300.0,227700.0,460200.0,492500.0,2371000.0,2383000.0,
944300.0,943900.0,614700.0,1321000.0,902500.0,486500.0,224400.0,452100.0,492500.0,2395000.0,2383000.0,
939800.0,942200.0,620800.0,1321000.0,902500.0,486500.0,224400.0,452100.0,492500.0,2395000.0,2383000.0,
937600.0,943300.0,621800.0,1316000.0,888900.0,486400.0,224300.0,452100.0,609600.0,2290000.0,2397000.0,
930200.0,943200.0,622800.0,1323000.0,888900.0,486400.0,224300.0,452100.0,609600.0,2301000.0,2397000.0,
926000.0,943600.0,626400.0,1318000.0,894100.0,473500.0,224200.0,452000.0,609600.0,2301000.0,2404000.0,
922300.0,944300.0,629400.0,1318000.0,886500.0,479600.0,218200.0,452000.0,609600.0,2301000.0,2412000.0,
921700.0,943200.0,615700.0,1318000.0,896600.0,480700.0,207000.0,464100.0,597500.0,2301000.0,2427000.0,
960100.0,945900.0,615700.0,1318000.0,896600.0,480700.0,218300.0,452800.0,597500.0,2313000.0,2386000.0,
958300.0,941300.0,602000.0,1318000.0,902600.0,474700.0,218300.0,474900.0,575400.0,2313000.0,2401000.0,
957300.0,936900.0,603100.0,1309000.0,871600.0,480600.0,218200.0,475600.0,568100.0,2313000.0,2431000.0,
956800.0,926300.0,604200.0,1309000.0,859000.0,480600.0,218200.0,481600.0,562100.0,2313000.0,2444000.0,
1030000.0,924800.0,605700.0,1309000.0,857500.0,474600.0,218200.0,536900.0,506800.0,2336000.0,2379000.0,
1029000.0,912500.0,602500.0,1304000.0,857400.0,474500.0,218100.0,536800.0,506800.0,2336000.0,2394000.0,
1015000.0,913300.0,603900.0,1317000.0,839800.0,481000.0,211700.0,536800.0,506800.0,2336000.0,2412000.0,
1014000.0,913200.0,604900.0,1317000.0,807200.0,486100.0,202700.0,536800.0,506800.0,2336000.0,2448000.0,
1013000.0,909800.0,609800.0,1317000.0,769500.0,505500.0,183300.0,536800.0,506800.0,2336000.0,2486000.0,
1034000.0,908900.0,612900.0,1293000.0,769500.0,505300.0,183100.0,547400.0,495900.0,2348000.0,2462000.0,
1032000.0,908900.0,614200.0,1288000.0,754400.0,505300.0,183000.0,547300.0,495900.0,2348000.0,2477000.0,
1013000.0,909800.0,614200.0,1302000.0,752900.0,499300.0,183000.0,571200.0,472000.0,2348000.0,2485000.0,
1011000.0,909100.0,616100.0,1297000.0,750900.0,493500.0,182900.0,583200.0,459900.0,2348000.0,2492000.0,
989700.0,906000.0,605900.0,1312000.0,750900.0,493500.0,182900.0,583200.0,459900.0,2348000.0,2502000.0,
1015000.0,903200.0,608700.0,1307000.0,737000.0,493500.0,182900.0,593200.0,449900.0,2359000.0,2490000.0,
1015000.0,900900.0,611000.0,1302000.0,737000.0,498400.0,178100.0,593200.0,449900.0,2359000.0,2490000.0,
1024000.0,905400.0,611700.0,1297000.0,733400.0,494500.0,178100.0,603300.0,439800.0,2371000.0,2483000.0,
1019000.0,910500.0,612300.0,1297000.0,739000.0,495300.0,171600.0,603300.0,439800.0,2371000.0,2483000.0,
1016000.0,911700.0,613800.0,1292000.0,721400.0,504200.0,162600.0,603200.0,439800.0,2371000.0,2501000.0,
1012000.0,913900.0,615600.0,1292000.0,709300.0,504200.0,162600.0,603200.0,439800.0,2371000.0,2513000.0,
998500.0,915100.0,618500.0,1302000.0,686700.0,504200.0,162600.0,603200.0,439800.0,2371000.0,2536000.0,
1008000.0,916100.0,620600.0,1319000.0,686700.0,504200.0,162600.0,603200.0,439800.0,2383000.0,2506000.0,
993000.0,912800.0,623500.0,1310000.0,686700.0,504200.0,162500.0,613900.0,429000.0,2383000.0,2506000.0,
991500.0,912800.0,625000.0,1300000.0,691500.0,499300.0,162500.0,613900.0,429000.0,2383000.0,2506000.0,
1038000.0,913600.0,625600.0,1285000.0,648700.0,499200.0,162300.0,613800.0,505700.0,2330000.0,2500000.0,
1117000.0,913500.0,627200.0,1305000.0,641200.0,499200.0,162300.0,613800.0,505700.0,2365000.0,2408000.0,
1134000.0,911800.0,628900.0,1305000.0,638700.0,494100.0,168400.0,624800.0,488600.0,2377000.0,2399000.0,
1132000.0,913000.0,628900.0,1295000.0,638700.0,494100.0,168400.0,624800.0,488600.0,2377000.0,2399000.0,
1130000.0,913900.0,629500.0,1281000.0,638700.0,494000.0,168300.0,630800.0,482500.0,2377000.0,2399000.0,
1128000.0,915400.0,630500.0,1276000.0,638700.0,494000.0,168300.0,630800.0,482500.0,2377000.0,2399000.0,
1149000.0,915300.0,615100.0,1271000.0,644700.0,528500.0,127500.0,642300.0,470900.0,2389000.0,2392000.0,
1147000.0,916400.0,615800.0,1266000.0,656700.0,516400.0,127500.0,666400.0,446800.0,2389000.0,2392000.0,
1147000.0,916600.0,616200.0,1257000.0,656700.0,522400.0,130100.0,657700.0,446800.0,2389000.0,2392000.0,
1142000.0,913900.0,619100.0,1257000.0,656700.0,522400.0,141300.0,707700.0,530900.0,2256000.0,2392000.0,
1112000.0,913200.0,620600.0,1281000.0,662700.0,516300.0,141300.0,719800.0,518800.0,2290000.0,2392000.0,
1107000.0,917300.0,621600.0,1281000.0,938600.0,240500.0,151400.0,709700.0,518800.0,2290000.0,2392000.0,
1105000.0,917300.0,623200.0,1276000.0,931000.0,240300.0,159900.0,701000.0,518800.0,2324000.0,2400000.0,
1105000.0,912500.0,628000.0,1276000.0,931000.0,240300.0,159900.0,713000.0,506800.0,2336000.0,2400000.0,
1103000.0,913200.0,628600.0,1276000.0,923600.0,235200.0,164700.0,708200.0,506800.0,2336000.0,2413000.0,
1102000.0,915000.0,628600.0,1276000.0,907000.0,229200.0,170800.0,702200.0,506800.0,2336000.0,2435000.0,
1099000.0,915300.0,630600.0,1276000.0,918200.0,218000.0,170800.0,702200.0,506800.0,2336000.0,2435000.0,
1096000.0,916700.0,632700.0,1272000.0,910600.0,217900.0,170700.0,730600.0,478200.0,2336000.0,2443000.0,
1093000.0,916800.0,627500.0,1272000.0,910600.0,223900.0,164600.0,730600.0,478200.0,2336000.0,2450000.0,
1093000.0,915500.0,628800.0,1272000.0,893000.0,223900.0,172700.0,736400.0,464400.0,2336000.0,2468000.0,
1129000.0,914400.0,631400.0,1272000.0,870400.0,223900.0,172700.0,748000.0,452800.0,2359000.0,2453000.0,
1119000.0,915200.0,632300.0,1276000.0,857700.0,223800.0,172600.0,761700.0,439000.0,2359000.0,2465000.0,
1070000.0,916600.0,633200.0,1323000.0,857700.0,223800.0,172600.0,761700.0,439000.0,2359000.0,2465000.0,
1069000.0,917100.0,633700.0,1323000.0,857700.0,230200.0,171000.0,756900.0,439000.0,2359000.0,2465000.0,
1051000.0,914600.0,637100.0,1335000.0,857700.0,230100.0,170900.0,756800.0,438900.0,2359000.0,2465000.0,
1075000.0,915000.0,637100.0,1330000.0,840100.0,230100.0,177000.0,798900.0,390800.0,2371000.0,2459000.0,
1114000.0,912800.0,639300.0,1322000.0,838600.0,230000.0,176900.0,798800.0,390800.0,2383000.0,2414000.0,
1110000.0,909000.0,642600.0,1322000.0,838600.0,230000.0,176900.0,798800.0,390800.0,2383000.0,2414000.0,
1104000.0,907800.0,644200.0,1322000.0,843700.0,224800.0,176900.0,798800.0,390800.0,2383000.0,2414000.0,
1100000.0,907500.0,644100.0,1318000.0,843700.0,224700.0,176800.0,798700.0,390700.0,2383000.0,2414000.0,
1099000.0,907300.0,645300.0,1318000.0,843700.0,224700.0,176800.0,798700.0,390700.0,2383000.0,2414000.0,
1076000.0,907700.0,648600.0,1337000.0,845000.0,185700.0,176800.0,804800.0,384700.0,2383000.0,2451000.0,
1104000.0,910200.0,650700.0,1332000.0,852100.0,178400.0,194400.0,787000.0,384700.0,2395000.0,2419000.0,
1102000.0,908600.0,653600.0,1332000.0,852100.0,178400.0,194400.0,787000.0,384700.0,2395000.0,2419000.0,
1089000.0,909400.0,654100.0,1344000.0,852100.0,178400.0,194400.0,787000.0,384700.0,2395000.0,2419000.0,
1123000.0,908900.0,655300.0,1341000.0,850600.0,182200.0,190500.0,792900.0,458800.0,2326000.0,2384000.0,
1122000.0,906500.0,658800.0,1337000.0,850500.0,182100.0,190400.0,792800.0,458800.0,2326000.0,2384000.0,
1121000.0,906400.0,659400.0,1327000.0,827900.0,182100.0,190400.0,792800.0,458800.0,2326000.0,2406000.0,
1150000.0,904700.0,661100.0,1327000.0,827900.0,188100.0,189200.0,788000.0,458800.0,2338000.0,2378000.0,
1147000.0,905900.0,662600.0,1327000.0,807800.0,188100.0,189200.0,788000.0,458800.0,2338000.0,2398000.0,
1139000.0,906000.0,664700.0,1322000.0,807700.0,200900.0,176100.0,787900.0,458800.0,2338000.0,2398000.0,
1133000.0,904300.0,667700.0,1322000.0,811600.0,197100.0,176100.0,811400.0,435300.0,2350000.0,2398000.0,
1161000.0,904300.0,667700.0,1322000.0,794900.0,191000.0,176100.0,811400.0,435300.0,2373000.0,2393000.0,
1158000.0,901400.0,669600.0,1322000.0,794900.0,197100.0,170100.0,825500.0,421300.0,2373000.0,2393000.0,
1155000.0,903400.0,670100.0,1317000.0,794800.0,203300.0,163600.0,825400.0,421200.0,2373000.0,2393000.0,
1143000.0,905700.0,670000.0,1313000.0,769700.0,203300.0,163600.0,825300.0,421200.0,2373000.0,2418000.0,
1143000.0,902700.0,672900.0,1304000.0,768100.0,209300.0,680000.0,323800.0,400100.0,2373000.0,2418000.0,
1141000.0,903600.0,673400.0,1304000.0,743000.0,209300.0,688500.0,315300.0,400100.0,2373000.0,2443000.0,
1139000.0,901100.0,673400.0,1304000.0,698000.0,207700.0,694500.0,309300.0,400100.0,2373000.0,2490000.0,
1175000.0,900100.0,674400.0,1300000.0,697900.0,207700.0,709700.0,293900.0,400000.0,2385000.0,2453000.0,
1175000.0,898700.0,675800.0,1300000.0,697900.0,207700.0,720800.0,298300.0,384500.0,2385000.0,2453000.0,
1174000.0,897800.0,677700.0,1295000.0,697800.0,207700.0,729100.0,370600.0,303600.0,2385000.0,2453000.0,
1178000.0,899700.0,677700.0,1293000.0,697800.0,207700.0,729100.0,370600.0,303600.0,2397000.0,2444000.0,
1177000.0,900200.0,678400.0,1288000.0,672700.0,207700.0,729100.0,384700.0,289600.0,2397000.0,2469000.0,
1171000.0,900800.0,678800.0,1283000.0,672700.0,207700.0,729000.0,384600.0,289500.0,2397000.0,2469000.0,
1195000.0,900900.0,679300.0,1280000.0,656000.0,207600.0,728900.0,401500.0,414400.0,2267000.0,2460000.0,
1202000.0,897100.0,681800.0,1276000.0,639400.0,201600.0,728800.0,401400.0,414400.0,2278000.0,2461000.0,
1194000.0,902700.0,664600.0,1276000.0,644500.0,196500.0,728800.0,401400.0,414400.0,2278000.0,2481000.0,
1179000.0,902500.0,665600.0,1276000.0,644500.0,196500.0,728800.0,401400.0,414400.0,2278000.0,2481000.0,
1177000.0,904000.0,665600.0,1271000.0,614500.0,195200.0,727200.0,399400.0,411800.0,2278000.0,2518000.0,
1238000.0,903400.0,667500.0,1289000.0,614500.0,195200.0,727200.0,399400.0,411800.0,2313000.0,2437000.0,
1298000.0,905100.0,668000.0,1289000.0,601900.0,195200.0,727200.0,409500.0,401800.0,2324000.0,2388000.0,
1295000.0,906600.0,668900.0,1282000.0,600300.0,201100.0,721000.0,409300.0,401700.0,2324000.0,2388000.0,
1292000.0,907800.0,671000.0,1282000.0,578600.0,201100.0,721000.0,409300.0,401700.0,2324000.0,2410000.0,
1289000.0,909500.0,672500.0,1282000.0,578600.0,201100.0,721000.0,409300.0,401700.0,2324000.0,2410000.0,
1288000.0,910000.0,673100.0,1282000.0,578600.0,201100.0,721000.0,409300.0,401700.0,2324000.0,2410000.0,
1285000.0,907900.0,673300.0,1282000.0,553500.0,201100.0,721000.0,409300.0,401700.0,2324000.0,2435000.0,
1304000.0,906300.0,673800.0,1282000.0,553500.0,201100.0,721000.0,409300.0,401700.0,2336000.0,2412000.0,
1252000.0,904300.0,674300.0,1330000.0,558300.0,196300.0,721000.0,409300.0,401700.0,2336000.0,2412000.0,
1248000.0,901300.0,676000.0,1326000.0,558100.0,200100.0,717000.0,409100.0,401600.0,2336000.0,2412000.0,
1241000.0,902100.0,676800.0,1317000.0,564200.0,198900.0,712200.0,409100.0,401600.0,2336000.0,2412000.0,
1280000.0,899900.0,679000.0,1312000.0,564200.0,204900.0,706100.0,409100.0,401600.0,2348000.0,2367000.0,
1265000.0,898400.0,681200.0,1327000.0,542800.0,204900.0,711000.0,417900.0,388000.0,2359000.0,2388000.0,
1258000.0,898700.0,682800.0,1324000.0,539700.0,198800.0,710900.0,417700.0,388000.0,2359000.0,2396000.0,
1255000.0,900700.0,683500.0,1319000.0,539700.0,198800.0,716800.0,411600.0,387900.0,2359000.0,2396000.0,
1252000.0,902400.0,684700.0,1319000.0,539700.0,198800.0,716800.0,411600.0,387900.0,2359000.0,2396000.0,
1248000.0,905000.0,685400.0,1311000.0,545000.0,192700.0,734100.0,394300.0,387900.0,2371000.0,2396000.0,
1239000.0,912800.0,685800.0,1296000.0,551000.0,192600.0,728000.0,394200.0,387900.0,2371000.0,2396000.0,
1237000.0,912600.0,688100.0,1287000.0,535900.0,198600.0,721900.0,404100.0,377800.0,2371000.0,2411000.0,
1233000.0,910300.0,688600.0,1282000.0,518200.0,198500.0,721800.0,404000.0,377700.0,2371000.0,2428000.0,
1242000.0,902500.0,689300.0,1282000.0,503200.0,198500.0,721800.0,404000.0,377700.0,2383000.0,2432000.0,
1241000.0,901200.0,691800.0,1282000.0,503200.0,198500.0,721800.0,404000.0,377700.0,2383000.0,2432000.0,
1273000.0,902500.0,691800.0,1282000.0,501700.0,192500.0,860300.0,265500.0,470100.0,2314000.0,2406000.0,
1269000.0,905700.0,692300.0,1277000.0,507700.0,186500.0,860300.0,265500.0,470100.0,2314000.0,2406000.0,
1283000.0,908600.0,693200.0,1273000.0,507600.0,186400.0,860200.0,265400.0,470100.0,2326000.0,2388000.0,
1282000.0,907600.0,695200.0,1273000.0,517700.0,176400.0,866300.0,290300.0,439100.0,2338000.0,2388000.0,
1279000.0,909300.0,695900.0,1268000.0,517600.0,176300.0,872200.0,297800.0,425400.0,2338000.0,2388000.0,
1264000.0,905700.0,694600.0,1264000.0,523500.0,776300.0,266100.0,297700.0,425300.0,2361000.0,2388000.0,
1262000.0,901300.0,695800.0,1264000.0,526400.0,779200.0,266000.0,297600.0,419200.0,2373000.0,2388000.0,
1262000.0,898600.0,698600.0,1259000.0,518900.0,779200.0,266000.0,342300.0,374600.0,2373000.0,2396000.0,
1251000.0,898500.0,699900.0,1269000.0,506300.0,785200.0,260000.0,342300.0,374600.0,2373000.0,2409000.0,
1259000.0,900700.0,699800.0,1264000.0,500200.0,783700.0,259900.0,342200.0,374500.0,2385000.0,2406000.0,
1271000.0,905600.0,700900.0,1250000.0,500200.0,783600.0,259800.0,342100.0,410800.0,2372000.0,2387000.0,
1265000.0,908100.0,698100.0,1221000.0,482500.0,783400.0,259700.0,341900.0,410800.0,2384000.0,2411000.0,
1257000.0,909600.0,698700.0,1212000.0,482500.0,790700.0,252300.0,341800.0,410800.0,2384000.0,2411000.0,
1279000.0,905500.0,702400.0,1212000.0,472400.0,794300.0,251100.0,337000.0,488500.0,2330000.0,2397000.0,
1278000.0,902500.0,705800.0,1207000.0,472400.0,794300.0,255900.0,332200.0,488500.0,2330000.0,2397000.0,
1258000.0,899100.0,705300.0,1227000.0,472400.0,801000.0,249100.0,332200.0,488500.0,2365000.0,2397000.0,
1257000.0,897900.0,707000.0,1217000.0,442200.0,801000.0,249000.0,343900.0,476600.0,2365000.0,2427000.0,
1255000.0,898400.0,708100.0,1208000.0,437700.0,797800.0,255000.0,337800.0,476500.0,2365000.0,2435000.0,
1205000.0,899900.0,708800.0,1256000.0,425200.0,797800.0,255000.0,351200.0,463200.0,2365000.0,2447000.0,
1253000.0,899500.0,710200.0,1256000.0,425200.0,797800.0,255000.0,351200.0,463200.0,2377000.0,2398000.0,
1253000.0,898500.0,711200.0,1246000.0,425100.0,806800.0,245900.0,351000.0,463100.0,2377000.0,2398000.0,
1246000.0,898800.0,712000.0,1228000.0,424900.0,806700.0,245700.0,362700.0,451100.0,2377000.0,2398000.0,
1244000.0,899500.0,712700.0,1218000.0,424900.0,806700.0,253700.0,354600.0,451100.0,2377000.0,2398000.0,
1238000.0,903900.0,714500.0,1203000.0,424900.0,806600.0,253600.0,354600.0,451100.0,2377000.0,2398000.0,
1234000.0,902300.0,715200.0,1198000.0,424900.0,806600.0,253600.0,354600.0,451100.0,2389000.0,2398000.0,
1273000.0,905300.0,716700.0,1198000.0,412300.0,806600.0,253600.0,354600.0,599400.0,2253000.0,2367000.0,
1271000.0,905500.0,718700.0,1198000.0,418400.0,898500.0,183600.0,326800.0,599400.0,2253000.0,2367000.0,
1249000.0,908400.0,720400.0,1183000.0,424300.0,892400.0,183500.0,326700.0,599300.0,2253000.0,2375000.0,
1237000.0,907100.0,722200.0,1180000.0,436000.0,880500.0,183400.0,326700.0,599300.0,2253000.0,2375000.0,
1236000.0,906700.0,701200.0,1180000.0,446900.0,869700.0,183400.0,336700.0,589200.0,2264000.0,2397000.0,
1235000.0,904400.0,704100.0,1180000.0,446900.0,869700.0,183400.0,336700.0,589200.0,2264000.0,2397000.0,
1234000.0,904800.0,704700.0,1170000.0,452800.0,863600.0,183300.0,384900.0,540900.0,2287000.0,2397000.0,
1229000.0,903800.0,705400.0,1170000.0,435200.0,867400.0,185500.0,393000.0,526800.0,2287000.0,2415000.0,
1220000.0,904600.0,707000.0,1172000.0,435200.0,867400.0,191500.0,387000.0,526800.0,2287000.0,2415000.0,
1208000.0,910300.0,707600.0,1152000.0,435200.0,867400.0,206900.0,371400.0,526800.0,2287000.0,2415000.0,
1205000.0,913900.0,707900.0,1152000.0,405000.0,867400.0,206900.0,371400.0,526800.0,2287000.0,2445000.0,
1221000.0,913800.0,708800.0,1152000.0,382400.0,867400.0,206900.0,371400.0,526800.0,2298000.0,2450000.0,
1221000.0,913800.0,708800.0,1152000.0,369800.0,867400.0,247600.0,330700.0,526800.0,2298000.0,2463000.0,
1218000.0,916500.0,709400.0,1148000.0,357200.0,872100.0,242700.0,340700.0,516600.0,2298000.0,2475000.0,
1253000.0,916600.0,709800.0,1133000.0,357200.0,878200.0,272100.0,305200.0,516600.0,2310000.0,2440000.0,
1251000.0,914700.0,713500.0,1133000.0,357200.0,883000.0,267300.0,305200.0,516600.0,2310000.0,2440000.0,
1249000.0,915900.0,714500.0,1128000.0,357100.0,882900.0,273200.0,299100.0,516600.0,2310000.0,2440000.0,
1248000.0,913900.0,716000.0,1124000.0,357100.0,882900.0,293700.0,284700.0,510500.0,2310000.0,2440000.0,
1291000.0,911200.0,719500.0,1120000.0,506900.0,733100.0,293700.0,284700.0,510500.0,2333000.0,2395000.0,
1290000.0,907600.0,724600.0,1110000.0,506800.0,733100.0,293600.0,330700.0,464400.0,2356000.0,2395000.0,
1230000.0,907000.0,713500.0,1170000.0,506800.0,733100.0,293600.0,330700.0,464400.0,2356000.0,2407000.0,
1211000.0,905100.0,716700.0,1183000.0,484200.0,743900.0,288700.0,360300.0,428600.0,2356000.0,2430000.0,
1206000.0,909500.0,716700.0,1183000.0,489600.0,738500.0,294700.0,354300.0,428600.0,2356000.0,2430000.0,
1188000.0,915800.0,717300.0,1195000.0,458100.0,738500.0,300800.0,348300.0,428600.0,2356000.0,2461000.0,
1187000.0,916700.0,717300.0,1191000.0,444300.0,738400.0,300700.0,367800.0,409000.0,2356000.0,2475000.0,
1184000.0,917700.0,719300.0,1191000.0,444300.0,738400.0,300700.0,367800.0,409000.0,2356000.0,2475000.0,
1167000.0,918200.0,720400.0,1206000.0,444300.0,738400.0,300700.0,367800.0,409000.0,2356000.0,2475000.0,
1176000.0,916000.0,722700.0,1206000.0,444300.0,744800.0,294200.0,367800.0,409000.0,2368000.0,2461000.0,
1114000.0,914800.0,723200.0,1263000.0,444300.0,744800.0,294200.0,367800.0,409000.0,2368000.0,2461000.0,
1124000.0,914400.0,724500.0,1272000.0,450300.0,738800.0,294200.0,367800.0,409000.0,2380000.0,2441000.0,
1142000.0,914400.0,726700.0,1272000.0,448800.0,732800.0,294200.0,367800.0,409000.0,2392000.0,2428000.0,
1130000.0,914600.0,728600.0,1277000.0,448700.0,732700.0,294200.0,390300.0,386300.0,2392000.0,2428000.0,
1148000.0,914400.0,729500.0,1272000.0,444400.0,719500.0,294200.0,396400.0,427600.0,2356000.0,2428000.0,
1138000.0,912900.0,730400.0,1267000.0,444400.0,725500.0,299400.0,395200.0,417600.0,2356000.0,2428000.0,
1164000.0,912500.0,733000.0,1275000.0,444400.0,725500.0,299400.0,413300.0,399500.0,2368000.0,2387000.0,
1164000.0,912700.0,718000.0,1265000.0,436800.0,725500.0,299400.0,419300.0,393400.0,2380000.0,2410000.0,
1123000.0,913100.0,718300.0,1294000.0,436700.0,733000.0,291700.0,419200.0,393400.0,2380000.0,2410000.0,
1117000.0,911800.0,719900.0,1290000.0,436700.0,733000.0,291700.0,432300.0,380300.0,2380000.0,2410000.0,
1184000.0,912000.0,705300.0,1285000.0,943700.0,229900.0,287800.0,432300.0,380300.0,2392000.0,2358000.0,
1183000.0,910800.0,707500.0,1280000.0,943700.0,229900.0,287800.0,464300.0,348300.0,2392000.0,2358000.0,
1167000.0,917300.0,708800.0,1283000.0,943600.0,229900.0,293800.0,468200.0,535200.0,2207000.0,2358000.0,
1157000.0,914900.0,711100.0,1273000.0,913300.0,229800.0,298500.0,463300.0,535100.0,2240000.0,2388000.0,
1142000.0,914300.0,711700.0,1278000.0,913300.0,235800.0,292500.0,463300.0,535100.0,2240000.0,2388000.0,
1140000.0,912200.0,715300.0,1274000.0,890700.0,241900.0,286400.0,475400.0,523000.0,2240000.0,2411000.0,
1135000.0,914600.0,717700.0,1274000.0,890700.0,246700.0,281600.0,489200.0,509200.0,2240000.0,2411000.0,
1151000.0,922600.0,718400.0,1264000.0,855500.0,246700.0,281600.0,499200.0,499200.0,2251000.0,2421000.0,
1180000.0,922100.0,718900.0,1260000.0,855500.0,246700.0,281600.0,499200.0,499200.0,2263000.0,2392000.0,
1179000.0,921300.0,720600.0,1260000.0,855500.0,246700.0,281600.0,510900.0,487500.0,2263000.0,2392000.0,
1161000.0,919300.0,723100.0,1277000.0,843000.0,246700.0,281600.0,510900.0,487500.0,2263000.0,2405000.0,
1186000.0,923000.0,724000.0,1272000.0,820400.0,246700.0,281600.0,510900.0,487500.0,2274000.0,2397000.0,
1185000.0,921300.0,726300.0,1267000.0,820300.0,246600.0,281500.0,510900.0,487400.0,2274000.0,2397000.0,
1176000.0,927700.0,728800.0,1267000.0,820300.0,371200.0,157000.0,510900.0,487400.0,2274000.0,2397000.0,
1174000.0,929100.0,729800.0,1262000.0,812800.0,371200.0,165000.0,502800.0,487400.0,2274000.0,2405000.0,
1173000.0,928100.0,731500.0,1262000.0,812800.0,371200.0,165000.0,502800.0,487400.0,2274000.0,2405000.0,
1171000.0,926300.0,735400.0,1257000.0,812800.0,377200.0,159000.0,517900.0,472300.0,2274000.0,2405000.0,
1181000.0,926500.0,723300.0,1272000.0,812800.0,377200.0,159000.0,523900.0,466300.0,2285000.0,2387000.0,
1179000.0,927500.0,725000.0,1267000.0,812800.0,386200.0,150000.0,523900.0,466300.0,2297000.0,2387000.0,
1178000.0,927300.0,725900.0,1267000.0,811200.0,380200.0,150000.0,523900.0,466300.0,2297000.0,2395000.0,
1172000.0,927800.0,726100.0,1262000.0,811200.0,380100.0,149900.0,523900.0,466300.0,2308000.0,2395000.0,
1154000.0,928200.0,727300.0,1273000.0,793600.0,380000.0,154700.0,525000.0,460200.0,2320000.0,2412000.0,
1154000.0,927600.0,727300.0,1259000.0,793600.0,386100.0,148700.0,525000.0,460200.0,2320000.0,2412000.0,
1178000.0,927500.0,729800.0,1259000.0,786000.0,386100.0,148700.0,575500.0,409700.0,2343000.0,2393000.0,
1172000.0,927000.0,730700.0,1250000.0,786000.0,386100.0,148600.0,575400.0,409700.0,2343000.0,2393000.0,
1170000.0,929400.0,730700.0,1250000.0,784500.0,380000.0,153400.0,576600.0,403700.0,2343000.0,2401000.0,
1169000.0,929700.0,731800.0,1240000.0,784500.0,394100.0,139300.0,576600.0,403700.0,2343000.0,2401000.0,
1167000.0,926200.0,737400.0,1240000.0,776900.0,394100.0,139300.0,576600.0,403700.0,2343000.0,2408000.0,
1143000.0,929800.0,738900.0,1254000.0,776900.0,394100.0,139200.0,576500.0,403600.0,2343000.0,2408000.0,
1177000.0,928800.0,739900.0,1254000.0,776900.0,394100.0,139200.0,576500.0,403600.0,2355000.0,2375000.0,
1172000.0,925400.0,742200.0,1250000.0,776900.0,394100.0,144100.0,571700.0,403600.0,2355000.0,2375000.0,
1167000.0,928100.0,724400.0,1250000.0,776900.0,394100.0,144100.0,571700.0,403600.0,2366000.0,2394000.0,
1167000.0,927400.0,725100.0,1250000.0,792800.0,378200.0,144100.0,571700.0,403600.0,2366000.0,2394000.0,
1164000.0,929100.0,726400.0,1245000.0,792700.0,378200.0,144000.0,590700.0,384500.0,2366000.0,2394000.0,
1164000.0,927300.0,728200.0,1245000.0,799100.0,359300.0,144000.0,590700.0,384500.0,2366000.0,2407000.0,
1202000.0,928200.0,728200.0,1245000.0,758800.0,359300.0,144000.0,590700.0,384500.0,2378000.0,2408000.0,
1202000.0,927700.0,728700.0,1240000.0,758800.0,359300.0,144000.0,590700.0,384500.0,2378000.0,2408000.0,
1201000.0,925500.0,731300.0,1236000.0,741300.0,359300.0,154100.0,615000.0,350000.0,2378000.0,2426000.0,
1234000.0,922700.0,731800.0,1207000.0,741100.0,359200.0,153900.0,614800.0,350000.0,2390000.0,2384000.0,
1233000.0,921800.0,734000.0,1187000.0,733500.0,359200.0,153800.0,647600.0,317000.0,2390000.0,2391000.0,
1233000.0,921000.0,727300.0,1177000.0,736600.0,356100.0,158700.0,642800.0,317000.0,2390000.0,2399000.0,
1232000.0,921300.0,709800.0,1177000.0,736600.0,356100.0,175600.0,625900.0,337500.0,2382000.0,2417000.0,
1229000.0,923000.0,710300.0,1177000.0,736600.0,356100.0,250000.0,564500.0,324500.0,2382000.0,2417000.0,
1238000.0,927400.0,711200.0,1193000.0,711500.0,356100.0,250000.0,564500.0,324500.0,2394000.0,2413000.0,
1263000.0,931200.0,705100.0,1188000.0,710000.0,350100.0,250000.0,564500.0,362300.0,2368000.0,2398000.0,
1294000.0,926600.0,709600.0,1183000.0,702500.0,350100.0,250000.0,564500.0,362300.0,2380000.0,2375000.0,
1278000.0,926900.0,709700.0,1193000.0,702400.0,350100.0,250000.0,570500.0,429300.0,2366000.0,2375000.0,
1268000.0,936200.0,710700.0,1193000.0,702400.0,350100.0,250000.0,570500.0,429300.0,2366000.0,2375000.0,
1261000.0,931500.0,712700.0,1193000.0,848100.0,204400.0,250000.0,570500.0,429300.0,2366000.0,2375000.0,
1256000.0,935300.0,699200.0,1193000.0,851800.0,199600.0,243600.0,591600.0,408200.0,2366000.0,2397000.0,
1250000.0,935500.0,698000.0,1179000.0,855600.0,199600.0,239700.0,600400.0,475600.0,2325000.0,2397000.0,
1249000.0,936400.0,698000.0,1179000.0,855600.0,199600.0,239700.0,600400.0,475600.0,2325000.0,2397000.0,
1248000.0,937100.0,698800.0,1174000.0,848100.0,203400.0,235800.0,600400.0,475600.0,2325000.0,2405000.0,
1220000.0,933300.0,702500.0,1198000.0,840500.0,203400.0,235700.0,600300.0,475600.0,2325000.0,2412000.0,
1213000.0,937600.0,705000.0,1193000.0,845000.0,191300.0,240500.0,603900.0,467100.0,2325000.0,2420000.0,
1231000.0,934800.0,708700.0,1194000.0,844900.0,191300.0,240400.0,603800.0,467100.0,2336000.0,2390000.0,
1178000.0,935200.0,710300.0,1245000.0,829900.0,197400.0,239200.0,598900.0,467100.0,2360000.0,2405000.0,
1159000.0,935400.0,710600.0,1263000.0,804700.0,197400.0,279000.0,559200.0,467100.0,2360000.0,2431000.0,
1154000.0,935100.0,710500.0,1259000.0,804700.0,197400.0,278900.0,559100.0,467100.0,2360000.0,2431000.0,
1150000.0,934900.0,709700.0,1259000.0,804700.0,203400.0,272900.0,572400.0,453700.0,2360000.0,2431000.0,
1186000.0,934600.0,711600.0,1259000.0,804700.0,203400.0,272900.0,572400.0,453700.0,2372000.0,2393000.0,
1186000.0,933200.0,713100.0,1259000.0,804700.0,211500.0,264700.0,572400.0,453700.0,2372000.0,2393000.0,
1185000.0,933300.0,714100.0,1259000.0,801900.0,210500.0,260900.0,572400.0,453700.0,2372000.0,2401000.0,
1182000.0,931200.0,715800.0,1247000.0,794300.0,210500.0,260800.0,572300.0,453700.0,2372000.0,2408000.0,
1181000.0,930500.0,717900.0,1247000.0,786800.0,210500.0,260800.0,572300.0,453700.0,2372000.0,2416000.0,
1177000.0,931800.0,718500.0,1238000.0,774200.0,210500.0,260800.0,572300.0,453700.0,2372000.0,2428000.0,
1191000.0,932100.0,719200.0,1219000.0,774200.0,210500.0,260700.0,572200.0,453600.0,2384000.0,2413000.0,
1206000.0,933500.0,721400.0,1195000.0,766500.0,210500.0,260600.0,572100.0,453500.0,2395000.0,2402000.0,
1183000.0,931500.0,713900.0,1204000.0,772500.0,204400.0,260500.0,589100.0,436400.0,2395000.0,2410000.0,
1180000.0,926800.0,711400.0,1204000.0,759900.0,204400.0,260500.0,589100.0,436400.0,2395000.0,2422000.0,
1178000.0,926700.0,713800.0,1194000.0,759900.0,204400.0,260500.0,589000.0,436400.0,2395000.0,2422000.0,
1211000.0,926000.0,715200.0,1184000.0,759900.0,204400.0,260500.0,589000.0,467600.0,2376000.0,2388000.0,
1211000.0,925400.0,715500.0,1175000.0,742200.0,204400.0,260400.0,588900.0,467500.0,2388000.0,2406000.0,
1231000.0,923300.0,718300.0,1175000.0,742200.0,204400.0,260400.0,588900.0,504300.0,2363000.0,2385000.0,
1214000.0,930500.0,721300.0,1182000.0,722100.0,204400.0,260400.0,588900.0,504300.0,2363000.0,2405000.0,
1202000.0,933900.0,708800.0,1212000.0,722100.0,204400.0,260400.0,625100.0,468100.0,2375000.0,2396000.0,
1197000.0,934700.0,709400.0,1212000.0,732200.0,198200.0,256500.0,633100.0,460100.0,2399000.0,2396000.0,
1190000.0,940500.0,710600.0,1212000.0,735200.0,195100.0,256500.0,650200.0,443000.0,2399000.0,2396000.0,
1189000.0,940300.0,711400.0,1212000.0,722700.0,195100.0,269600.0,637100.0,443000.0,2399000.0,2408000.0,
1238000.0,943100.0,712300.0,1207000.0,722700.0,195100.0,269600.0,654200.0,511000.0,2326000.0,2351000.0,
1221000.0,943100.0,712300.0,1223000.0,707600.0,195100.0,269600.0,664200.0,501000.0,2326000.0,2366000.0,
1203000.0,941400.0,713900.0,1236000.0,695000.0,195100.0,269600.0,745800.0,419300.0,2326000.0,2379000.0,
1202000.0,939100.0,716600.0,1222000.0,682400.0,195100.0,269500.0,751800.0,413200.0,2337000.0,2391000.0,
1201000.0,937900.0,718300.0,1213000.0,682400.0,195100.0,269500.0,766900.0,398100.0,2337000.0,2391000.0,
1234000.0,937500.0,707600.0,1208000.0,674800.0,195100.0,269500.0,805600.0,359300.0,2349000.0,2376000.0,
1233000.0,936800.0,709900.0,1208000.0,674800.0,195100.0,279500.0,795600.0,359300.0,2361000.0,2376000.0,
1192000.0,940300.0,696200.0,1229000.0,679300.0,183000.0,279500.0,795600.0,359200.0,2361000.0,2398000.0,
1190000.0,941000.0,697800.0,1229000.0,679300.0,183000.0,279500.0,795600.0,359200.0,2373000.0,2398000.0,
1176000.0,941700.0,699300.0,1241000.0,679300.0,183000.0,279500.0,810700.0,344100.0,2396000.0,2398000.0,
1151000.0,941400.0,700500.0,1266000.0,671800.0,183000.0,279500.0,820700.0,334100.0,2396000.0,2406000.0,
1184000.0,940700.0,701500.0,1261000.0,664200.0,186900.0,275600.0,826700.0,426800.0,2310000.0,2379000.0,
1183000.0,941400.0,702000.0,1256000.0,664200.0,186900.0,275600.0,826700.0,426800.0,2310000.0,2379000.0,
1182000.0,940100.0,704000.0,1246000.0,664100.0,186800.0,275500.0,826600.0,426800.0,2310000.0,2379000.0,
1181000.0,939000.0,703000.0,1239000.0,660000.0,182000.0,273300.0,823800.0,426800.0,2310000.0,2393000.0,
1180000.0,939600.0,704200.0,1239000.0,644900.0,182000.0,273300.0,823800.0,426800.0,2310000.0,2408000.0,
1159000.0,942300.0,704800.0,1251000.0,624800.0,182000.0,273300.0,823800.0,426800.0,2310000.0,2429000.0,
1133000.0,947600.0,705200.0,1266000.0,624800.0,182000.0,273300.0,829900.0,420800.0,2310000.0,2429000.0,
1119000.0,938000.0,684200.0,1298000.0,627900.0,178900.0,273300.0,829900.0,420800.0,2321000.0,2426000.0,
997300.0,937700.0,668700.0,1410000.0,620400.0,178900.0,273300.0,848000.0,402700.0,2321000.0,2449000.0,
1033000.0,936000.0,670100.0,1390000.0,620400.0,178900.0,273300.0,848000.0,402700.0,2333000.0,2413000.0,
1044000.0,935400.0,670400.0,1371000.0,612800.0,178900.0,273300.0,857800.0,392800.0,2344000.0,2409000.0,
1038000.0,932900.0,673700.0,1352000.0,595200.0,178800.0,273200.0,857700.0,392700.0,2344000.0,2427000.0,
1044000.0,933000.0,674700.0,1367000.0,589100.0,177300.0,278000.0,852800.0,392700.0,2356000.0,2408000.0,
1059000.0,935800.0,674700.0,1367000.0,577100.0,174200.0,286000.0,850800.0,386600.0,2368000.0,2405000.0,
1034000.0,934500.0,676000.0,1387000.0,577100.0,174200.0,285900.0,850700.0,386600.0,2368000.0,2405000.0,
1031000.0,936400.0,677100.0,1382000.0,577000.0,174200.0,285900.0,850700.0,386500.0,2368000.0,2405000.0,
1029000.0,937600.0,677500.0,1382000.0,577000.0,174200.0,285900.0,850700.0,386500.0,2368000.0,2405000.0,
1023000.0,936100.0,679100.0,1413000.0,577000.0,174200.0,285900.0,850700.0,386500.0,2380000.0,2380000.0,
1023000.0,934500.0,680800.0,1403000.0,583000.0,168200.0,285900.0,850600.0,386500.0,2380000.0,2380000.0,
1023000.0,932800.0,674900.0,1398000.0,583000.0,168200.0,285900.0,891300.0,345800.0,2380000.0,2388000.0,
1018000.0,935900.0,677300.0,1398000.0,576500.0,162100.0,297900.0,879300.0,345800.0,2380000.0,2401000.0,
1051000.0,935900.0,677300.0,1398000.0,576500.0,168200.0,291900.0,879300.0,460600.0,2289000.0,2367000.0,
1045000.0,934300.0,678900.0,1404000.0,579600.0,171100.0,285900.0,896400.0,443500.0,2289000.0,2367000.0,
1036000.0,935800.0,680600.0,1395000.0,573500.0,169600.0,285900.0,896400.0,443500.0,2289000.0,2375000.0,
1033000.0,935500.0,682500.0,1386000.0,573500.0,177600.0,277800.0,906300.0,433400.0,2300000.0,2375000.0,
1026000.0,942200.0,683000.0,1381000.0,579500.0,177600.0,277700.0,910300.0,423300.0,2300000.0,2375000.0,
1023000.0,942200.0,685600.0,1377000.0,579500.0,184100.0,277300.0,919300.0,408200.0,2312000.0,2375000.0,
1022000.0,942800.0,686700.0,1377000.0,586000.0,177600.0,277300.0,937400.0,390100.0,2312000.0,2375000.0,
1019000.0,944200.0,687500.0,1377000.0,586000.0,177600.0,283300.0,931400.0,390100.0,2312000.0,2375000.0,
1019000.0,944800.0,687500.0,1367000.0,585900.0,177500.0,283200.0,931300.0,390100.0,2323000.0,2375000.0,
1015000.0,945300.0,690600.0,1367000.0,585900.0,177500.0,661700.0,552900.0,390100.0,2323000.0,2375000.0,
1014000.0,945000.0,691800.0,1367000.0,578400.0,188000.0,651200.0,552900.0,390100.0,2335000.0,2382000.0,
1011000.0,946300.0,685700.0,1367000.0,578400.0,188000.0,651200.0,552900.0,390100.0,2335000.0,2390000.0,
1008000.0,947900.0,686800.0,1362000.0,578300.0,188000.0,651100.0,562800.0,380000.0,2335000.0,2390000.0,
991100.0,947800.0,687200.0,1374000.0,578300.0,194100.0,645100.0,568900.0,373900.0,2347000.0,2390000.0,
991100.0,946800.0,688300.0,1369000.0,578300.0,641200.0,198000.0,637900.0,304900.0,2358000.0,2390000.0,
964600.0,940900.0,689500.0,1376000.0,578300.0,641200.0,197900.0,637800.0,304800.0,2358000.0,2390000.0,
917000.0,942200.0,692300.0,1419000.0,578300.0,645100.0,194000.0,637800.0,304800.0,2358000.0,2390000.0,
967300.0,945600.0,693300.0,1410000.0,555600.0,645000.0,198800.0,633000.0,304800.0,2370000.0,2357000.0,
949400.0,943900.0,695300.0,1403000.0,525500.0,651500.0,192400.0,663100.0,274700.0,2382000.0,2387000.0,
914300.0,944000.0,696400.0,1427000.0,525400.0,651500.0,192300.0,678100.0,259500.0,2382000.0,2387000.0,
913000.0,943100.0,684600.0,1408000.0,525400.0,651500.0,192300.0,678100.0,259500.0,2394000.0,2399000.0,
900300.0,942400.0,685800.0,1415000.0,525400.0,657500.0,186300.0,678100.0,259500.0,2394000.0,2399000.0,
920600.0,942600.0,688100.0,1406000.0,512800.0,657500.0,186300.0,691200.0,308100.0,2344000.0,2388000.0,
918700.0,943900.0,688800.0,1406000.0,490200.0,657500.0,186300.0,718600.0,280700.0,2356000.0,2411000.0,
909200.0,941500.0,690600.0,1401000.0,487500.0,652700.0,186300.0,718600.0,280600.0,2356000.0,2419000.0,
935900.0,942600.0,667900.0,1397000.0,487500.0,662300.0,176600.0,718600.0,280600.0,2379000.0,2413000.0,
926000.0,939800.0,670700.0,1396000.0,487500.0,662300.0,176600.0,718600.0,280600.0,2379000.0,2413000.0,
955600.0,937400.0,673700.0,1403000.0,487500.0,662300.0,176600.0,737300.0,261800.0,2391000.0,2371000.0,
952300.0,934200.0,675100.0,1398000.0,487400.0,662300.0,176600.0,737300.0,308000.0,2357000.0,2371000.0,
949500.0,935400.0,676700.0,1388000.0,457300.0,662300.0,176600.0,737300.0,308000.0,2357000.0,2402000.0,
945300.0,938000.0,678300.0,1383000.0,444700.0,654800.0,176600.0,737300.0,308000.0,2357000.0,2422000.0,
975400.0,937700.0,679900.0,1368000.0,444700.0,654700.0,176500.0,737200.0,307900.0,2369000.0,2390000.0,
974600.0,938000.0,680300.0,1368000.0,710700.0,388700.0,176500.0,737200.0,307900.0,2381000.0,2390000.0,
973100.0,935000.0,683200.0,1361000.0,703000.0,388500.0,176300.0,737200.0,307800.0,2381000.0,2397000.0,
1008000.0,938000.0,684900.0,1352000.0,680100.0,388200.0,185000.0,728300.0,350300.0,2362000.0,2379000.0,
1003000.0,936900.0,686500.0,1352000.0,686100.0,382100.0,185000.0,728300.0,350300.0,2362000.0,2379000.0,
964700.0,936500.0,687400.0,1380000.0,692200.0,376100.0,197100.0,716300.0,350300.0,2374000.0,2379000.0,
963000.0,937200.0,688000.0,1371000.0,684600.0,376100.0,197000.0,716200.0,350300.0,2374000.0,2386000.0,
962300.0,935900.0,690000.0,1371000.0,677100.0,376100.0,197000.0,716200.0,350300.0,2374000.0,2394000.0,
960500.0,935900.0,691800.0,1371000.0,686200.0,367000.0,209900.0,703300.0,350300.0,2398000.0,2394000.0,
960500.0,935900.0,691800.0,1371000.0,686200.0,367000.0,215900.0,697300.0,410200.0,2350000.0,2394000.0,
957900.0,935100.0,695000.0,1366000.0,691000.0,362100.0,215900.0,710300.0,397100.0,2373000.0,2394000.0,
955500.0,936000.0,696600.0,1366000.0,691000.0,366000.0,212000.0,710300.0,397100.0,2373000.0,2394000.0,
992000.0,936200.0,696900.0,1372000.0,691000.0,358500.0,218000.0,704300.0,397100.0,2397000.0,2344000.0,
992000.0,933600.0,699400.0,1367000.0,845000.0,204400.0,218000.0,704200.0,397100.0,2397000.0,2344000.0,
985600.0,934000.0,699100.0,1358000.0,845000.0,296200.0,126200.0,704200.0,485800.0,2320000.0,2344000.0,
985000.0,933300.0,700500.0,1358000.0,845000.0,296200.0,126200.0,716200.0,473700.0,2332000.0,2344000.0,
983400.0,933700.0,701800.0,1358000.0,837400.0,296200.0,126200.0,729300.0,460600.0,2332000.0,2351000.0,
983300.0,930300.0,705100.0,1348000.0,821800.0,295400.0,125200.0,728100.0,459100.0,2332000.0,2372000.0,
972300.0,929400.0,706900.0,1343000.0,827800.0,293200.0,121300.0,728100.0,459100.0,2344000.0,2372000.0,
965000.0,930000.0,708300.0,1338000.0,820200.0,293200.0,127300.0,722000.0,459100.0,2344000.0,2379000.0,
941900.0,927400.0,696900.0,1357000.0,820200.0,293200.0,127300.0,722000.0,459000.0,2344000.0,2393000.0,
919800.0,927300.0,698700.0,1367000.0,825000.0,288400.0,127200.0,735000.0,445900.0,2379000.0,2393000.0,
919000.0,926600.0,700000.0,1363000.0,824900.0,288400.0,127200.0,734900.0,445900.0,2379000.0,2393000.0,
917600.0,924900.0,702100.0,1339000.0,842900.0,270200.0,133100.0,752100.0,422300.0,2379000.0,2393000.0,
917000.0,925000.0,702600.0,1330000.0,842800.0,270000.0,133000.0,752100.0,422200.0,2379000.0,2393000.0,
916600.0,924300.0,703700.0,1325000.0,825100.0,269900.0,132900.0,752100.0,422200.0,2379000.0,2411000.0,
933400.0,922500.0,706100.0,1321000.0,825000.0,269900.0,132900.0,752100.0,422100.0,2391000.0,2393000.0,
919000.0,925200.0,706800.0,1322000.0,817500.0,269900.0,132900.0,752100.0,422100.0,2391000.0,2400000.0,
918300.0,924200.0,708500.0,1322000.0,823500.0,263900.0,132900.0,752100.0,422100.0,2391000.0,2400000.0,
902100.0,925900.0,702000.0,1330000.0,815900.0,263700.0,132800.0,752000.0,422100.0,2391000.0,2416000.0,
902100.0,924600.0,695800.0,1330000.0,793200.0,263700.0,143200.0,747600.0,416100.0,2391000.0,2446000.0,
900300.0,926400.0,695800.0,1320000.0,793200.0,263700.0,143200.0,747600.0,416100.0,2391000.0,2446000.0,
944400.0,925500.0,696300.0,1320000.0,780700.0,263700.0,143200.0,758700.0,481500.0,2338000.0,2410000.0,
929200.0,925000.0,696800.0,1330000.0,765100.0,249200.0,331600.0,587900.0,463900.0,2338000.0,2440000.0,
915900.0,924600.0,699200.0,1342000.0,757600.0,249200.0,671600.0,281900.0,429900.0,2338000.0,2447000.0,
914300.0,923600.0,701700.0,1337000.0,757400.0,249000.0,671500.0,281900.0,429900.0,2338000.0,2447000.0,
898300.0,925700.0,703000.0,1329000.0,757400.0,249000.0,671500.0,281900.0,429900.0,2338000.0,2447000.0,
921700.0,924200.0,706200.0,1324000.0,749900.0,255100.0,665500.0,281900.0,429900.0,2350000.0,2430000.0,
919600.0,924700.0,707800.0,1314000.0,749900.0,255100.0,670300.0,277100.0,429900.0,2350000.0,2430000.0,
980600.0,924400.0,709700.0,1305000.0,749800.0,254900.0,670200.0,277100.0,429900.0,2362000.0,2367000.0,
976700.0,927000.0,710800.0,1300000.0,727100.0,254900.0,670200.0,283000.0,423800.0,2385000.0,2390000.0,
976700.0,925900.0,711900.0,1290000.0,727100.0,297200.0,638400.0,286600.0,409700.0,2397000.0,2390000.0,
975500.0,925100.0,714000.0,1290000.0,727100.0,297200.0,638400.0,314500.0,450900.0,2352000.0,2390000.0,
972000.0,928100.0,714400.0,1280000.0,733200.0,291100.0,638400.0,314500.0,450900.0,2352000.0,2390000.0,
967900.0,927600.0,691900.0,1271000.0,733000.0,291000.0,638300.0,314400.0,450900.0,2352000.0,2411000.0,
967300.0,926300.0,693800.0,1271000.0,733000.0,291000.0,638300.0,332500.0,432800.0,2352000.0,2411000.0,
979700.0,926800.0,694300.0,1271000.0,730500.0,280900.0,647900.0,365800.0,389800.0,2363000.0,2411000.0,
979200.0,924100.0,696900.0,1261000.0,730500.0,280900.0,647900.0,365800.0,389800.0,2363000.0,2411000.0,
966600.0,919700.0,698800.0,1252000.0,730500.0,280900.0,647900.0,375800.0,379700.0,2363000.0,2411000.0,
994900.0,917800.0,700600.0,1252000.0,730500.0,280900.0,652700.0,371000.0,379700.0,2387000.0,2382000.0,
994800.0,916400.0,702000.0,1247000.0,730300.0,280800.0,652600.0,371000.0,379700.0,2399000.0,2382000.0,
973500.0,917500.0,702500.0,1262000.0,730300.0,280800.0,663900.0,365700.0,373700.0,2399000.0,2382000.0,
973500.0,915700.0,704200.0,1252000.0,730300.0,280800.0,663900.0,376800.0,362600.0,2399000.0,2382000.0,
973500.0,914400.0,705600.0,1247000.0,730200.0,284500.0,659900.0,376800.0,362600.0,2399000.0,2382000.0,
970600.0,915000.0,707600.0,1242000.0,722600.0,284500.0,659900.0,376700.0,362600.0,2399000.0,2390000.0,
966500.0,914500.0,707300.0,1237000.0,722600.0,284500.0,659900.0,393800.0,345500.0,2399000.0,2390000.0,
965400.0,911000.0,706700.0,1237000.0,710100.0,284500.0,659900.0,393800.0,345500.0,2399000.0,2402000.0,
965000.0,909300.0,708700.0,1233000.0,688700.0,284500.0,659800.0,393700.0,345400.0,2399000.0,2424000.0,
997600.0,905500.0,710400.0,1233000.0,694700.0,278500.0,659800.0,393700.0,413000.0,2355000.0,2383000.0,
993700.0,901800.0,711900.0,1229000.0,694700.0,278500.0,659800.0,393700.0,413000.0,2355000.0,2383000.0,
971500.0,899800.0,715800.0,1249000.0,694700.0,278500.0,668700.0,396000.0,401900.0,2355000.0,2383000.0,
934500.0,899400.0,716200.0,1286000.0,694700.0,278500.0,766600.0,298000.0,401900.0,2367000.0,2383000.0,
926900.0,899700.0,718400.0,1282000.0,694600.0,278400.0,766500.0,298000.0,401900.0,2367000.0,2383000.0,
909900.0,900500.0,719300.0,1300000.0,677000.0,278400.0,766500.0,335000.0,364900.0,2379000.0,2382000.0,
906400.0,897700.0,721700.0,1299000.0,677000.0,288000.0,767300.0,324500.0,364900.0,2391000.0,2382000.0,
882800.0,895500.0,724900.0,1312000.0,677000.0,288000.0,767300.0,338600.0,387800.0,2366000.0,2382000.0,
880800.0,896100.0,726300.0,1312000.0,639100.0,661100.0,400300.0,332600.0,387800.0,2366000.0,2420000.0,
893200.0,892300.0,730000.0,1307000.0,639100.0,675500.0,385800.0,332500.0,387700.0,2378000.0,2408000.0,
919200.0,900400.0,730400.0,1303000.0,639000.0,675400.0,385800.0,332400.0,387700.0,2390000.0,2373000.0,
913400.0,902900.0,713100.0,1300000.0,639000.0,675400.0,390600.0,327600.0,387700.0,2390000.0,2391000.0,
888900.0,899400.0,716600.0,1325000.0,639000.0,675400.0,390600.0,327600.0,472200.0,2317000.0,2391000.0,
886800.0,897000.0,721000.0,1325000.0,639000.0,675400.0,390600.0,327600.0,472200.0,2329000.0,2391000.0,
871500.0,897500.0,722200.0,1323000.0,639000.0,675400.0,390600.0,327600.0,472200.0,2340000.0,2391000.0,
871500.0,895500.0,724200.0,1318000.0,616800.0,675400.0,390600.0,327600.0,472200.0,2340000.0,2413000.0,
871200.0,894000.0,726000.0,1318000.0,616800.0,675400.0,390600.0,327600.0,472200.0,2340000.0,2413000.0,
903600.0,892700.0,707000.0,1314000.0,596700.0,675400.0,390500.0,364700.0,434900.0,2352000.0,2421000.0,
927000.0,892300.0,708100.0,1304000.0,588800.0,683100.0,382800.0,364700.0,434900.0,2364000.0,2404000.0,
926100.0,892100.0,688900.0,1300000.0,566200.0,683000.0,382700.0,370700.0,428900.0,2364000.0,2447000.0,
925000.0,891900.0,680400.0,1300000.0,566200.0,683000.0,382700.0,380800.0,418800.0,2364000.0,2457000.0,
921800.0,894800.0,680600.0,1300000.0,566200.0,683000.0,390800.0,390800.0,400700.0,2364000.0,2457000.0,
920500.0,894400.0,667300.0,1285000.0,566200.0,683000.0,390800.0,390800.0,400700.0,2364000.0,2471000.0,
970000.0,895300.0,644500.0,1276000.0,566200.0,683000.0,390800.0,390800.0,400700.0,2376000.0,2443000.0,
965900.0,897400.0,646100.0,1266000.0,566000.0,682900.0,390600.0,390700.0,400700.0,2376000.0,2443000.0,
996700.0,897400.0,647000.0,1266000.0,566000.0,682900.0,390600.0,390700.0,400700.0,2399000.0,2407000.0,
996700.0,896900.0,647500.0,1266000.0,566000.0,682900.0,390600.0,390700.0,400700.0,2399000.0,2407000.0,
977700.0,896800.0,648800.0,1264000.0,566200.0,675100.0,390600.0,390700.0,400700.0,2399000.0,2414000.0,
1021000.0,895500.0,649900.0,1249000.0,566200.0,679000.0,386700.0,400700.0,410300.0,2392000.0,2371000.0,
1020000.0,897000.0,649900.0,1240000.0,566100.0,678900.0,395500.0,436100.0,415600.0,2354000.0,2371000.0,
1018000.0,897800.0,650700.0,1240000.0,566100.0,757300.0,317200.0,450200.0,401600.0,2354000.0,2371000.0,
1016000.0,899200.0,651200.0,1240000.0,566100.0,763300.0,311200.0,450200.0,401600.0,2354000.0,2371000.0,
1014000.0,900200.0,651600.0,1230000.0,566100.0,763200.0,311100.0,450200.0,401600.0,2354000.0,2371000.0,
1013000.0,900500.0,652300.0,1230000.0,566100.0,763200.0,311100.0,450200.0,401600.0,2354000.0,2371000.0,
1009000.0,894400.0,645600.0,1230000.0,572100.0,757100.0,311100.0,450200.0,401600.0,2354000.0,2378000.0,
1004000.0,893800.0,645400.0,1226000.0,572100.0,763200.0,305100.0,450200.0,401600.0,2366000.0,2378000.0,
1004000.0,892500.0,646500.0,1221000.0,572100.0,769200.0,299000.0,450100.0,401500.0,2366000.0,2378000.0,
995400.0,896100.0,646500.0,1221000.0,572100.0,769200.0,299000.0,460200.0,391500.0,2389000.0,2378000.0,
994000.0,895500.0,648200.0,1216000.0,572000.0,769100.0,298900.0,460200.0,433100.0,2360000.0,2378000.0,
950700.0,893200.0,650500.0,1260000.0,578000.0,763100.0,303700.0,455300.0,433100.0,2360000.0,2378000.0,
936700.0,893600.0,650700.0,1268000.0,578000.0,763100.0,303700.0,455300.0,433100.0,2371000.0,2378000.0,
935900.0,891900.0,653100.0,1258000.0,578000.0,763000.0,303700.0,461300.0,427000.0,2371000.0,2378000.0,
935800.0,890600.0,654000.0,1239000.0,582800.0,758200.0,303600.0,471300.0,416900.0,2371000.0,2378000.0,
932800.0,888400.0,653800.0,1230000.0,588800.0,752200.0,303600.0,471200.0,416900.0,2371000.0,2378000.0,
931000.0,889900.0,653800.0,1225000.0,594700.0,746000.0,303500.0,471200.0,416900.0,2371000.0,2378000.0,
922700.0,896900.0,654700.0,1220000.0,582200.0,746000.0,303500.0,494100.0,394000.0,2371000.0,2391000.0,
919000.0,896600.0,657500.0,1207000.0,564200.0,742200.0,302500.0,492900.0,392400.0,2371000.0,2416000.0,
916400.0,897500.0,658700.0,1197000.0,563700.0,730100.0,302500.0,492900.0,392400.0,2371000.0,2429000.0,
915100.0,896300.0,644500.0,1197000.0,563700.0,736100.0,296500.0,492900.0,392400.0,2371000.0,2445000.0,
912800.0,898200.0,644900.0,1197000.0,563700.0,736100.0,296500.0,492900.0,392400.0,2371000.0,2445000.0,
912200.0,898800.0,644900.0,1182000.0,575900.0,723900.0,296500.0,543500.0,341800.0,2371000.0,2445000.0,
909100.0,900900.0,645800.0,1182000.0,575900.0,723900.0,296500.0,543500.0,341800.0,2371000.0,2445000.0,
906800.0,902500.0,646200.0,1178000.0,575900.0,723800.0,296400.0,549500.0,335800.0,2371000.0,2445000.0,
964000.0,901200.0,647900.0,1173000.0,594600.0,705100.0,296400.0,565600.0,319700.0,2383000.0,2388000.0,
960500.0,903500.0,648700.0,1168000.0,582000.0,708900.0,292500.0,565500.0,319700.0,2383000.0,2400000.0,
973400.0,904800.0,648700.0,1168000.0,582000.0,708900.0,292500.0,565500.0,319700.0,2395000.0,2386000.0,
961800.0,904200.0,650900.0,1168000.0,582000.0,717900.0,283500.0,571600.0,313600.0,2395000.0,2386000.0,
961700.0,902700.0,652200.0,1164000.0,582000.0,717900.0,283400.0,597600.0,388200.0,2307000.0,2386000.0,
961600.0,899700.0,655000.0,1159000.0,581900.0,717800.0,283400.0,597600.0,388200.0,2307000.0,2386000.0,
961300.0,898500.0,656500.0,1154000.0,581900.0,717800.0,283400.0,597600.0,388200.0,2307000.0,2386000.0,
947100.0,895300.0,657400.0,1165000.0,1093000.0,206800.0,283400.0,597600.0,388200.0,2307000.0,2386000.0,
905600.0,896600.0,657400.0,1196000.0,1093000.0,206800.0,283400.0,603700.0,382100.0,2307000.0,2386000.0,
903800.0,898400.0,657400.0,1186000.0,1075000.0,206800.0,289400.0,603700.0,376100.0,2307000.0,2404000.0,
911400.0,898100.0,657200.0,1187000.0,1075000.0,206700.0,289300.0,603600.0,376100.0,2318000.0,2381000.0,
1007000.0,899500.0,658600.0,1187000.0,1023000.0,206700.0,294100.0,616400.0,358500.0,2341000.0,2335000.0,
1004000.0,900200.0,660200.0,1187000.0,1023000.0,206700.0,294100.0,616400.0,358500.0,2341000.0,2335000.0,
1002000.0,901500.0,643300.0,1182000.0,1008000.0,206700.0,294100.0,616400.0,358500.0,2341000.0,2368000.0,
958000.0,894600.0,651500.0,1225000.0,988200.0,206700.0,294100.0,616400.0,358500.0,2341000.0,2388000.0,
955700.0,894500.0,653900.0,1225000.0,930000.0,205200.0,294100.0,616400.0,358500.0,2341000.0,2447000.0,
962000.0,896100.0,654400.0,1206000.0,922400.0,205100.0,294000.0,640900.0,333800.0,2353000.0,2446000.0,
961700.0,895400.0,655400.0,1190000.0,906100.0,205100.0,294000.0,653600.0,321200.0,2353000.0,2462000.0,
958400.0,897000.0,657200.0,1185000.0,898500.0,205100.0,302100.0,645500.0,321200.0,2353000.0,2470000.0,
954500.0,895000.0,657800.0,1181000.0,885900.0,205100.0,302000.0,645500.0,321100.0,2353000.0,2482000.0,
952100.0,896900.0,658300.0,1181000.0,905000.0,186100.0,302000.0,645500.0,321100.0,2353000.0,2482000.0,
992800.0,892500.0,662600.0,1176000.0,878500.0,186000.0,308000.0,649700.0,310800.0,2365000.0,2468000.0,
1027000.0,891300.0,662400.0,1176000.0,853400.0,192100.0,314900.0,636800.0,310800.0,2377000.0,2455000.0,
1025000.0,888800.0,647300.0,1171000.0,853400.0,192100.0,319700.0,643100.0,299700.0,2377000.0,2470000.0,
1013000.0,888300.0,622900.0,1173000.0,856500.0,189000.0,319700.0,643100.0,299700.0,2377000.0,2495000.0,
1010000.0,887100.0,626600.0,1163000.0,856500.0,189000.0,330500.0,632200.0,299700.0,2377000.0,2495000.0,
1009000.0,887100.0,627400.0,1163000.0,856500.0,189000.0,330500.0,632200.0,299700.0,2377000.0,2495000.0,
1009000.0,885400.0,629200.0,1163000.0,835700.0,195000.0,324500.0,632200.0,299700.0,2377000.0,2516000.0,
998500.0,886700.0,629500.0,1152000.0,794000.0,195000.0,324400.0,632100.0,299700.0,2377000.0,2557000.0,
992100.0,885700.0,630600.0,1154000.0,798800.0,190200.0,324400.0,642200.0,289600.0,2377000.0,2557000.0,
988500.0,888800.0,631100.0,1154000.0,798800.0,190200.0,332500.0,634100.0,289600.0,2377000.0,2557000.0,
1034000.0,888800.0,631100.0,1154000.0,791200.0,190200.0,332500.0,634100.0,289600.0,2388000.0,2520000.0,
1033000.0,887500.0,633400.0,1154000.0,773400.0,190200.0,332500.0,650000.0,273800.0,2388000.0,2537000.0,
1019000.0,886200.0,636400.0,1166000.0,773400.0,190200.0,337300.0,645100.0,273800.0,2388000.0,2537000.0,
1017000.0,887800.0,637300.0,1166000.0,773400.0,190200.0,337300.0,645100.0,273800.0,2388000.0,2537000.0,
1053000.0,887500.0,639500.0,1161000.0,760700.0,190100.0,347300.0,635100.0,363600.0,2323000.0,2511000.0,
1123000.0,889800.0,639500.0,1161000.0,726400.0,188600.0,347300.0,635100.0,363600.0,2334000.0,2475000.0,
1123000.0,888600.0,640800.0,1161000.0,726400.0,188600.0,347300.0,635100.0,363600.0,2334000.0,2475000.0,
1120000.0,889900.0,641500.0,1157000.0,718900.0,188600.0,347300.0,635000.0,363600.0,2334000.0,2483000.0,
1128000.0,890900.0,642800.0,1157000.0,711300.0,188600.0,347300.0,648100.0,350500.0,2346000.0,2481000.0,
1138000.0,893000.0,643800.0,1157000.0,711300.0,188600.0,347300.0,654100.0,344500.0,2358000.0,2468000.0,
1182000.0,891900.0,637300.0,1152000.0,711300.0,194600.0,752600.0,275000.0,312200.0,2369000.0,2431000.0,
1213000.0,894300.0,638600.0,1146000.0,717400.0,194600.0,746600.0,287100.0,300200.0,2381000.0,2396000.0,
1209000.0,888400.0,643300.0,1142000.0,717300.0,194500.0,746500.0,287000.0,300200.0,2381000.0,2396000.0,
1206000.0,889700.0,645300.0,1142000.0,704700.0,198400.0,748700.0,281000.0,300200.0,2381000.0,2409000.0,
1203000.0,892300.0,645800.0,1142000.0,697200.0,684600.0,268400.0,275000.0,300200.0,2381000.0,2416000.0,
1249000.0,894200.0,646000.0,1137000.0,689600.0,684600.0,268400.0,274900.0,300100.0,2393000.0,2375000.0,
1248000.0,895500.0,646000.0,1137000.0,677100.0,684600.0,268400.0,274900.0,300100.0,2393000.0,2388000.0,
1247000.0,895100.0,647300.0,1132000.0,677100.0,684600.0,274400.0,274900.0,294100.0,2393000.0,2388000.0,
1236000.0,890100.0,656600.0,1138000.0,651800.0,702400.0,282300.0,255000.0,415300.0,2289000.0,2393000.0,
1229000.0,889900.0,657200.0,1141000.0,657800.0,707700.0,271000.0,255000.0,415300.0,2301000.0,2393000.0,
1225000.0,893000.0,657600.0,1141000.0,651800.0,716400.0,260700.0,255000.0,415300.0,2312000.0,2401000.0,
1242000.0,892600.0,659400.0,1143000.0,638400.0,709500.0,259700.0,253800.0,413800.0,2335000.0,2400000.0,
1217000.0,893300.0,659800.0,1156000.0,630800.0,713400.0,255900.0,253800.0,413800.0,2335000.0,2407000.0,
1242000.0,895100.0,661300.0,1152000.0,630800.0,713400.0,270700.0,287200.0,365300.0,2347000.0,2379000.0,
1241000.0,892400.0,665300.0,1152000.0,630800.0,713400.0,270700.0,287200.0,365300.0,2347000.0,2379000.0,
1240000.0,890500.0,667800.0,1146000.0,623200.0,713400.0,330400.0,227500.0,365300.0,2347000.0,2386000.0,
1239000.0,891000.0,668500.0,1146000.0,623200.0,713400.0,336500.0,221500.0,365300.0,2371000.0,2386000.0,
1231000.0,889000.0,669600.0,1146000.0,622400.0,719400.0,330400.0,221400.0,365300.0,2371000.0,2386000.0,
1229000.0,889600.0,670200.0,1146000.0,622400.0,719400.0,336400.0,215400.0,365300.0,2371000.0,2386000.0,
1203000.0,889100.0,672500.0,1166000.0,1122000.0,219700.0,336400.0,215400.0,365300.0,2371000.0,2386000.0,
1192000.0,885900.0,676200.0,1167000.0,1120000.0,221700.0,328300.0,215400.0,365200.0,2371000.0,2394000.0,
1214000.0,885800.0,677400.0,1162000.0,1098000.0,233800.0,321100.0,210500.0,365100.0,2382000.0,2393000.0,
1208000.0,885200.0,678800.0,1157000.0,1098000.0,233800.0,327100.0,204500.0,365100.0,2394000.0,2393000.0,
1202000.0,889500.0,680700.0,1142000.0,1085000.0,233800.0,331900.0,215200.0,349600.0,2394000.0,2406000.0,
1174000.0,889500.0,680700.0,1200000.0,1085000.0,240200.0,325500.0,221200.0,422300.0,2327000.0,2376000.0,
1173000.0,888900.0,681900.0,1195000.0,1081000.0,243100.0,319400.0,221200.0,422300.0,2339000.0,2383000.0,
1172000.0,888400.0,683000.0,1191000.0,1081000.0,243000.0,319400.0,231500.0,412000.0,2363000.0,2383000.0,
1172000.0,888200.0,683700.0,1186000.0,1081000.0,243000.0,319400.0,231500.0,412000.0,2363000.0,2383000.0,
1158000.0,890500.0,684300.0,1192000.0,1056000.0,243000.0,319400.0,231500.0,412000.0,2363000.0,2408000.0,
1183000.0,893100.0,684300.0,1192000.0,1048000.0,243000.0,319400.0,231500.0,412000.0,2374000.0,2389000.0,
1138000.0,890700.0,686100.0,1228000.0,1053000.0,238200.0,319400.0,231500.0,412000.0,2374000.0,2389000.0,
1130000.0,892200.0,686500.0,1219000.0,1040000.0,238100.0,319300.0,231500.0,412000.0,2374000.0,2401000.0,
1116000.0,893600.0,687400.0,1230000.0,1008000.0,238100.0,319300.0,247800.0,395700.0,2374000.0,2434000.0,
1143000.0,893400.0,687900.0,1215000.0,989300.0,233000.0,319300.0,247800.0,395700.0,2386000.0,2430000.0,
1168000.0,893600.0,687800.0,1200000.0,989300.0,233000.0,324100.0,243000.0,395700.0,2398000.0,2399000.0,
1164000.0,892300.0,692500.0,1186000.0,989200.0,236700.0,325000.0,238100.0,460500.0,2357000.0,2399000.0,
1164000.0,892300.0,692500.0,1186000.0,989200.0,236700.0,325000.0,238100.0,460500.0,2357000.0,2399000.0,
1163000.0,892500.0,693600.0,1176000.0,989200.0,243800.0,317900.0,238100.0,460500.0,2357000.0,2399000.0,
1160000.0,893900.0,694800.0,1176000.0,989200.0,243800.0,394800.0,161100.0,460500.0,2369000.0,2399000.0,
1158000.0,896000.0,694800.0,1171000.0,1054000.0,185700.0,397800.0,161100.0,450500.0,2381000.0,2399000.0,
1153000.0,899400.0,696100.0,1167000.0,1054000.0,185700.0,402600.0,156300.0,450400.0,2381000.0,2399000.0,
1146000.0,900300.0,696800.0,1167000.0,1047000.0,185700.0,402600.0,156300.0,450400.0,2381000.0,2407000.0,
1143000.0,901600.0,699100.0,1162000.0,1032000.0,192300.0,396000.0,156300.0,450400.0,2381000.0,2422000.0,
1181000.0,901000.0,699900.0,1147000.0,1032000.0,192200.0,395900.0,174400.0,432300.0,2392000.0,2384000.0,
1179000.0,901700.0,700800.0,1147000.0,1008000.0,192200.0,406000.0,174400.0,534600.0,2292000.0,2407000.0,
1179000.0,901400.0,701500.0,1142000.0,1008000.0,192200.0,406000.0,174400.0,534600.0,2292000.0,2407000.0,
1200000.0,901600.0,704200.0,1142000.0,1008000.0,196100.0,402100.0,174400.0,534600.0,2315000.0,2383000.0,
1199000.0,900700.0,706200.0,1138000.0,1003000.0,196800.0,398200.0,198500.0,510500.0,2315000.0,2390000.0,
1198000.0,900500.0,707800.0,1133000.0,995900.0,204900.0,390200.0,198500.0,510500.0,2338000.0,2398000.0,
1231000.0,903100.0,710900.0,1133000.0,994400.0,412400.0,176600.0,198500.0,510500.0,2374000.0,2366000.0,
1229000.0,903700.0,711500.0,1123000.0,994300.0,412300.0,176600.0,204500.0,504400.0,2385000.0,2366000.0,
1219000.0,902800.0,713200.0,1123000.0,970100.0,406300.0,176600.0,204500.0,504400.0,2385000.0,2396000.0,
1240000.0,901700.0,711600.0,1113000.0,961300.0,406300.0,176600.0,204500.0,567300.0,2347000.0,2382000.0,
1239000.0,901600.0,712100.0,1108000.0,930900.0,401400.0,176600.0,204400.0,567200.0,2358000.0,2417000.0,
1236000.0,897300.0,710900.0,1108000.0,929900.0,401400.0,176300.0,204400.0,567000.0,2358000.0,2417000.0,
1234000.0,896000.0,711700.0,1108000.0,928500.0,401200.0,176300.0,204400.0,567000.0,2358000.0,2417000.0,
1231000.0,896600.0,713100.0,1099000.0,920900.0,401100.0,176300.0,204400.0,567000.0,2358000.0,2424000.0,
1273000.0,895300.0,711900.0,1095000.0,920900.0,401000.0,176200.0,204400.0,567000.0,2370000.0,2379000.0,
1262000.0,895200.0,712700.0,1106000.0,920900.0,401000.0,176200.0,204400.0,567000.0,2370000.0,2379000.0,
1260000.0,895500.0,714700.0,1106000.0,908300.0,401000.0,176200.0,204400.0,567000.0,2394000.0,2391000.0,
1258000.0,893400.0,718000.0,1106000.0,908300.0,401000.0,176200.0,204400.0,567000.0,2394000.0,2391000.0,
1240000.0,894700.0,720200.0,1106000.0,908300.0,401000.0,176200.0,204400.0,567000.0,2394000.0,2391000.0,
1190000.0,891500.0,725300.0,1114000.0,917000.0,443500.0,124800.0,218400.0,627600.0,2343000.0,2391000.0,
1142000.0,896400.0,708600.0,1151000.0,894200.0,443500.0,130900.0,254100.0,585900.0,2343000.0,2431000.0,
1134000.0,896500.0,708800.0,1149000.0,860900.0,443500.0,130900.0,271200.0,568800.0,2343000.0,2465000.0,
1185000.0,892200.0,711100.0,1148000.0,864000.0,440400.0,136900.0,265200.0,568800.0,2354000.0,2411000.0,
1209000.0,892000.0,712400.0,1155000.0,856500.0,446500.0,130900.0,275200.0,558700.0,2378000.0,2376000.0,
1240000.0,887500.0,713200.0,1150000.0,830700.0,446400.0,135700.0,281400.0,611500.0,2338000.0,2370000.0,
1159000.0,888900.0,714300.0,1229000.0,830700.0,446400.0,169400.0,247600.0,611500.0,2361000.0,2370000.0,
1159000.0,886800.0,716400.0,1229000.0,818100.0,446400.0,174300.0,254900.0,599500.0,2373000.0,2382000.0,
1158000.0,886300.0,717700.0,1224000.0,815800.0,441200.0,174200.0,254800.0,599400.0,2385000.0,2390000.0,
1172000.0,885400.0,718600.0,1233000.0,802600.0,441200.0,182500.0,246600.0,599400.0,2397000.0,2381000.0,
1172000.0,882300.0,721700.0,1233000.0,802600.0,441200.0,182500.0,246600.0,599400.0,2397000.0,2381000.0,
1170000.0,880500.0,725200.0,1233000.0,795100.0,446000.0,185300.0,239000.0,610400.0,2398000.0,2388000.0,
1169000.0,880400.0,726300.0,1233000.0,787600.0,446000.0,185300.0,267100.0,582200.0,2398000.0,2396000.0,
1222000.0,876300.0,703100.0,1223000.0,780000.0,446000.0,185300.0,267100.0,639600.0,2364000.0,2377000.0,
1220000.0,870100.0,706100.0,1219000.0,783000.0,442800.0,185200.0,277100.0,629500.0,2364000.0,2377000.0,
1218000.0,864500.0,707400.0,1215000.0,775500.0,442800.0,185200.0,283200.0,623500.0,2364000.0,2385000.0,
1215000.0,866800.0,708100.0,1215000.0,767900.0,442800.0,185200.0,328800.0,577900.0,2376000.0,2392000.0,
1179000.0,868100.0,708100.0,1245000.0,767900.0,442800.0,224800.0,300100.0,566800.0,2388000.0,2392000.0,
1173000.0,865000.0,710300.0,1237000.0,1054000.0,144400.0,224800.0,307400.0,559600.0,2388000.0,2405000.0,
1164000.0,863900.0,704100.0,1228000.0,1041000.0,144400.0,224800.0,307300.0,559500.0,2388000.0,2433000.0,
1149000.0,863200.0,704600.0,1228000.0,1041000.0,149200.0,220000.0,307300.0,559500.0,2388000.0,2433000.0,
1196000.0,863700.0,706000.0,1219000.0,1041000.0,149200.0,220000.0,307300.0,573000.0,2399000.0,2383000.0,
1192000.0,864800.0,704500.0,1212000.0,1041000.0,149200.0,238100.0,289200.0,573000.0,2399000.0,2383000.0,
1191000.0,863400.0,706600.0,1207000.0,1041000.0,149200.0,238100.0,289200.0,649800.0,2334000.0,2383000.0,
1183000.0,866000.0,707600.0,1203000.0,1034000.0,149200.0,238000.0,289200.0,649800.0,2345000.0,2391000.0,
1181000.0,863400.0,711200.0,1193000.0,1022000.0,143100.0,238000.0,289200.0,649800.0,2345000.0,2409000.0,
1217000.0,865500.0,711200.0,1189000.0,995500.0,140300.0,245200.0,284300.0,641200.0,2357000.0,2406000.0,
1201000.0,863600.0,713800.0,1204000.0,982900.0,140300.0,251200.0,278300.0,641200.0,2357000.0,2418000.0,
1201000.0,863100.0,714900.0,1204000.0,975400.0,140300.0,251200.0,278300.0,641200.0,2357000.0,2426000.0,
1245000.0,858300.0,712600.0,1217000.0,947600.0,139300.0,264300.0,261400.0,641200.0,2381000.0,2408000.0,
1264000.0,859600.0,714200.0,1213000.0,953600.0,133300.0,264300.0,261400.0,817100.0,2229000.0,2385000.0,
1264000.0,858400.0,715400.0,1213000.0,953600.0,133300.0,264300.0,261400.0,817100.0,2251000.0,2385000.0,
1263000.0,857500.0,715200.0,1205000.0,935900.0,133200.0,264200.0,271400.0,807000.0,2251000.0,2403000.0,
1247000.0,857300.0,716500.0,1215000.0,935900.0,139800.0,257600.0,291500.0,786900.0,2251000.0,2403000.0,
1276000.0,856700.0,717400.0,1211000.0,935900.0,139800.0,257600.0,291500.0,786900.0,2262000.0,2373000.0,
1273000.0,859700.0,717400.0,1211000.0,928400.0,139800.0,257600.0,337300.0,741200.0,2262000.0,2381000.0,
1254000.0,861200.0,716900.0,1223000.0,928400.0,139800.0,265600.0,368300.0,702100.0,2262000.0,2381000.0,
1252000.0,862600.0,717300.0,1223000.0,910800.0,147200.0,258200.0,374300.0,696100.0,2285000.0,2398000.0,
1251000.0,861700.0,718800.0,1219000.0,910800.0,147200.0,258200.0,386300.0,684000.0,2285000.0,2398000.0,
1250000.0,862600.0,718800.0,1219000.0,903200.0,147200.0,258200.0,410500.0,659900.0,2285000.0,2406000.0,
1250000.0,862700.0,719300.0,1219000.0,885600.0,147200.0,258200.0,416500.0,653900.0,2285000.0,2423000.0,
1257000.0,862300.0,720300.0,1225000.0,878100.0,269500.0,135900.0,416500.0,653900.0,2296000.0,2412000.0,
1243000.0,861300.0,724100.0,1236000.0,878100.0,275600.0,141000.0,405200.0,653900.0,2296000.0,2412000.0,
1216000.0,860600.0,724800.0,1263000.0,878100.0,275600.0,141000.0,429300.0,629800.0,2296000.0,2412000.0,
1212000.0,861900.0,727200.0,1249000.0,865500.0,275500.0,164500.0,405800.0,629800.0,2296000.0,2424000.0,
1211000.0,862800.0,727200.0,1249000.0,865500.0,284700.0,165000.0,433700.0,592200.0,2296000.0,2424000.0,
1194000.0,863400.0,727700.0,1260000.0,865500.0,284700.0,165000.0,439700.0,586200.0,2296000.0,2424000.0,
1217000.0,864000.0,728600.0,1255000.0,865500.0,284700.0,173000.0,431700.0,586200.0,2308000.0,2400000.0,
1184000.0,865500.0,729100.0,1281000.0,867800.0,274800.0,173000.0,431700.0,586200.0,2308000.0,2408000.0,
1181000.0,866900.0,730800.0,1281000.0,867800.0,274800.0,173000.0,431700.0,586200.0,2308000.0,2408000.0,
1171000.0,864600.0,732700.0,1309000.0,867600.0,274600.0,276700.0,341300.0,572800.0,2319000.0,2380000.0,
1169000.0,864800.0,732500.0,1293000.0,865600.0,274600.0,276500.0,398800.0,515100.0,2319000.0,2380000.0,
1167000.0,863300.0,712000.0,1288000.0,834600.0,274600.0,276300.0,398700.0,514800.0,2319000.0,2430000.0,
1165000.0,864000.0,713600.0,1288000.0,840500.0,268700.0,281100.0,410000.0,498800.0,2319000.0,2430000.0,
1164000.0,864600.0,714400.0,1288000.0,840500.0,268700.0,281100.0,428100.0,480700.0,2319000.0,2430000.0,
1184000.0,866800.0,715400.0,1288000.0,840500.0,268700.0,281100.0,428100.0,480700.0,2331000.0,2408000.0,
1230000.0,868700.0,716500.0,1280000.0,839100.0,275500.0,279600.0,428100.0,474300.0,2343000.0,2358000.0,
1224000.0,873300.0,718300.0,1280000.0,837200.0,276300.0,287300.0,414000.0,474300.0,2343000.0,2365000.0,
1211000.0,877500.0,719600.0,1280000.0,813000.0,298300.0,271100.0,416700.0,465200.0,2354000.0,2388000.0,
1210000.0,876700.0,720100.0,1276000.0,805400.0,298300.0,276000.0,411900.0,465200.0,2354000.0,2395000.0,
1177000.0,877800.0,722000.0,1305000.0,805400.0,298300.0,280800.0,423100.0,449100.0,2354000.0,2395000.0,
1158000.0,876100.0,720700.0,1292000.0,902900.0,197500.0,280200.0,472600.0,394100.0,2366000.0,2395000.0,
1153000.0,880200.0,699800.0,1288000.0,907700.0,192700.0,280100.0,478600.0,388100.0,2366000.0,2417000.0,
1166000.0,883300.0,700400.0,1288000.0,907700.0,192700.0,280100.0,505600.0,361000.0,2378000.0,2400000.0,
1162000.0,884400.0,702900.0,1288000.0,890100.0,192700.0,280100.0,505600.0,361000.0,2378000.0,2418000.0,
1156000.0,885100.0,703300.0,1283000.0,889900.0,196500.0,283600.0,498200.0,361000.0,2378000.0,2418000.0,
1153000.0,885700.0,705500.0,1278000.0,882300.0,192500.0,277600.0,585900.0,273300.0,2378000.0,2435000.0,
1138000.0,888100.0,706500.0,1290000.0,874800.0,192500.0,277600.0,613700.0,245500.0,2378000.0,2443000.0,
1133000.0,890600.0,708200.0,1296000.0,874700.0,192400.0,277500.0,618500.0,240500.0,2390000.0,2433000.0,
1133000.0,889000.0,694800.0,1296000.0,855600.0,192400.0,277500.0,618500.0,240500.0,2390000.0,2468000.0,
1159000.0,891500.0,696200.0,1286000.0,865700.0,182300.0,277500.0,618500.0,354800.0,2288000.0,2437000.0,
1154000.0,896200.0,696700.0,1282000.0,875700.0,172200.0,277400.0,624500.0,348600.0,2288000.0,2437000.0,
1206000.0,895700.0,697000.0,1277000.0,867900.0,172100.0,283400.0,629800.0,337200.0,2299000.0,2392000.0,
1263000.0,897700.0,697900.0,1277000.0,825400.0,172100.0,283400.0,639900.0,327200.0,2311000.0,2370000.0,
1259000.0,898900.0,677500.0,1272000.0,825400.0,172100.0,283300.0,639800.0,327200.0,2334000.0,2393000.0,
1246000.0,898700.0,678300.0,1285000.0,825400.0,172100.0,539600.0,397700.0,313100.0,2345000.0,2393000.0,
1240000.0,900200.0,670400.0,1285000.0,807800.0,172100.0,539600.0,397700.0,313100.0,2345000.0,2418000.0,
1238000.0,901400.0,671400.0,1285000.0,780300.0,172100.0,539600.0,397700.0,313100.0,2345000.0,2445000.0,
1216000.0,900400.0,673600.0,1300000.0,765200.0,172100.0,539600.0,397700.0,313100.0,2345000.0,2460000.0,
1208000.0,902000.0,673600.0,1307000.0,747700.0,182400.0,529300.0,415500.0,295300.0,2345000.0,2478000.0,
1287000.0,902900.0,674800.0,1298000.0,747700.0,164300.0,533900.0,410600.0,295100.0,2369000.0,2414000.0,
1345000.0,904400.0,676700.0,1298000.0,740200.0,170300.0,527900.0,410600.0,295100.0,2381000.0,2355000.0,
1343000.0,905100.0,678100.0,1298000.0,727600.0,170300.0,527900.0,410600.0,295100.0,2381000.0,2368000.0,
1334000.0,899900.0,679900.0,1300000.0,720100.0,170300.0,527900.0,410600.0,295100.0,2393000.0,2375000.0,
1327000.0,904300.0,681700.0,1296000.0,720100.0,170300.0,545700.0,392800.0,295100.0,2393000.0,2375000.0,
1327000.0,903100.0,683600.0,1296000.0,720100.0,170300.0,550500.0,388000.0,295100.0,2393000.0,2375000.0,
1326000.0,903500.0,683900.0,1296000.0,712500.0,170300.0,561700.0,376700.0,316200.0,2384000.0,2383000.0,
1314000.0,902200.0,686100.0,1307000.0,712500.0,175100.0,575300.0,358400.0,352900.0,2371000.0,2383000.0,
1311000.0,903600.0,686900.0,1298000.0,704600.0,170100.0,575200.0,368400.0,342700.0,2371000.0,2396000.0,
1326000.0,907100.0,689000.0,1298000.0,697100.0,170100.0,575200.0,368400.0,342700.0,2383000.0,2382000.0,
1318000.0,909800.0,688900.0,1294000.0,697100.0,170100.0,575200.0,380500.0,330600.0,2383000.0,2382000.0,
1293000.0,912900.0,690000.0,1314000.0,697100.0,170100.0,575200.0,391800.0,319300.0,2395000.0,2382000.0,
1291000.0,913200.0,691400.0,1314000.0,692600.0,167000.0,583200.0,383700.0,319300.0,2395000.0,2390000.0,
1308000.0,913200.0,684400.0,1319000.0,657500.0,167000.0,583200.0,383700.0,376200.0,2350000.0,2405000.0,
1290000.0,912100.0,685100.0,1323000.0,634800.0,166900.0,583100.0,383700.0,376000.0,2350000.0,2428000.0,
1279000.0,910900.0,687700.0,1318000.0,617100.0,166900.0,583000.0,383700.0,376000.0,2350000.0,2445000.0,
1319000.0,910100.0,674000.0,1318000.0,617100.0,166900.0,583000.0,383700.0,376000.0,2361000.0,2420000.0,
1317000.0,910000.0,675600.0,1318000.0,617100.0,166900.0,583000.0,383700.0,376000.0,2361000.0,2420000.0,
1341000.0,911800.0,677300.0,1313000.0,617000.0,166800.0,583000.0,395000.0,364700.0,2373000.0,2393000.0,
1274000.0,908500.0,677900.0,1372000.0,617000.0,177500.0,572300.0,395000.0,364700.0,2373000.0,2393000.0,
1221000.0,907500.0,680000.0,1414000.0,622600.0,171700.0,591300.0,375900.0,364700.0,2397000.0,2393000.0,
1221000.0,907600.0,680400.0,1410000.0,622400.0,175500.0,587400.0,386900.0,353600.0,2397000.0,2393000.0,
1216000.0,911000.0,681800.0,1410000.0,622400.0,175500.0,587400.0,386900.0,353600.0,2397000.0,2393000.0,
1190000.0,910600.0,681200.0,1407000.0,628400.0,169400.0,587300.0,386900.0,470700.0,2292000.0,2393000.0,
1189000.0,911400.0,681200.0,1402000.0,615900.0,169400.0,592100.0,382100.0,470700.0,2292000.0,2406000.0,
1222000.0,914000.0,682400.0,1397000.0,605800.0,166900.0,592100.0,382100.0,470700.0,2303000.0,2382000.0,
1217000.0,912100.0,684200.0,1397000.0,593200.0,166900.0,592100.0,395200.0,457700.0,2315000.0,2394000.0,
1215000.0,912500.0,685200.0,1387000.0,593200.0,166900.0,600200.0,387100.0,457700.0,2326000.0,2394000.0,
1214000.0,912700.0,686000.0,1377000.0,593200.0,166900.0,600200.0,387100.0,457700.0,2326000.0,2394000.0,
1204000.0,909300.0,687100.0,1369000.0,593200.0,172900.0,594100.0,387100.0,457700.0,2326000.0,2394000.0,
1192000.0,910200.0,689400.0,1378000.0,597100.0,180700.0,587300.0,415200.0,424800.0,2326000.0,2394000.0,
1179000.0,912200.0,690000.0,1379000.0,597100.0,180700.0,587300.0,432500.0,407500.0,2326000.0,2394000.0,
1173000.0,913300.0,690000.0,1379000.0,597100.0,180700.0,605400.0,414400.0,407500.0,2338000.0,2394000.0,
1169000.0,913800.0,692200.0,1375000.0,597100.0,180700.0,605400.0,414400.0,407500.0,2338000.0,2394000.0,
1169000.0,912800.0,692900.0,1361000.0,589500.0,180600.0,610200.0,422700.0,394400.0,2338000.0,2402000.0,
1219000.0,912600.0,694700.0,1356000.0,589400.0,180600.0,610100.0,422600.0,394400.0,2361000.0,2349000.0,
1211000.0,915900.0,695000.0,1351000.0,589400.0,186600.0,604100.0,422600.0,394400.0,2385000.0,2349000.0,
1210000.0,913000.0,690900.0,1351000.0,574300.0,193600.0,597100.0,422600.0,394400.0,2397000.0,2372000.0,
1201000.0,916800.0,691500.0,1346000.0,574300.0,199500.0,591000.0,422600.0,453200.0,2350000.0,2372000.0,
1195000.0,915000.0,694000.0,1346000.0,574300.0,199500.0,598700.0,414900.0,453200.0,2350000.0,2372000.0,
1193000.0,916500.0,694000.0,1346000.0,566700.0,211600.0,586700.0,414900.0,453200.0,2350000.0,2379000.0,
1192000.0,916300.0,695200.0,1346000.0,566700.0,223700.0,574600.0,414900.0,453200.0,2350000.0,2379000.0,
1187000.0,920700.0,695600.0,1342000.0,566600.0,223600.0,579400.0,427100.0,436100.0,2362000.0,2379000.0,
1184000.0,919800.0,694800.0,1342000.0,566600.0,229600.0,582200.0,418300.0,436100.0,2362000.0,2379000.0,
1179000.0,922000.0,697100.0,1342000.0,566600.0,229600.0,588200.0,412200.0,436100.0,2386000.0,2379000.0,
1169000.0,924000.0,698000.0,1344000.0,580600.0,229400.0,574200.0,412200.0,436100.0,2398000.0,2379000.0,
1169000.0,923000.0,699400.0,1340000.0,580400.0,550800.0,264000.0,411000.0,550400.0,2309000.0,2379000.0,
1168000.0,923100.0,699000.0,1326000.0,580300.0,550700.0,264000.0,444900.0,516500.0,2320000.0,2379000.0,
1164000.0,924100.0,701100.0,1317000.0,584900.0,545800.0,269900.0,438900.0,516500.0,2332000.0,2379000.0,
1161000.0,926400.0,702100.0,1312000.0,584900.0,549600.0,272100.0,438900.0,510400.0,2343000.0,2379000.0,
1159000.0,926800.0,704000.0,1307000.0,584900.0,549600.0,272100.0,438900.0,510400.0,2343000.0,2379000.0,
1131000.0,929100.0,704400.0,1322000.0,584700.0,549600.0,272100.0,462800.0,486500.0,2343000.0,2379000.0,
1130000.0,928300.0,705100.0,1318000.0,674600.0,459700.0,272100.0,462800.0,486500.0,2379000.0,2379000.0,
1129000.0,927500.0,706800.0,1318000.0,674600.0,459700.0,278100.0,510200.0,433000.0,2379000.0,2379000.0,
1126000.0,927800.0,709200.0,1314000.0,674600.0,470900.0,266700.0,510200.0,433000.0,2379000.0,2379000.0,
1126000.0,927100.0,709900.0,1314000.0,674600.0,470900.0,266700.0,510200.0,433000.0,2391000.0,2379000.0,
1115000.0,925500.0,712200.0,1309000.0,674600.0,470900.0,266700.0,521300.0,421900.0,2391000.0,2379000.0,
1114000.0,926100.0,713000.0,1309000.0,674600.0,470900.0,266700.0,521300.0,435700.0,2389000.0,2379000.0,
1107000.0,926800.0,712900.0,1295000.0,661900.0,476900.0,260700.0,521300.0,435600.0,2389000.0,2392000.0,
1102000.0,923700.0,715500.0,1286000.0,661700.0,483200.0,254200.0,534300.0,520700.0,2303000.0,2392000.0,
1100000.0,922800.0,717800.0,1277000.0,661500.0,507800.0,229500.0,534300.0,520700.0,2314000.0,2392000.0,
1098000.0,923800.0,718200.0,1268000.0,621700.0,504600.0,229300.0,534300.0,520700.0,2314000.0,2435000.0,
1091000.0,927700.0,700100.0,1263000.0,621700.0,504600.0,239800.0,529800.0,514300.0,2314000.0,2456000.0,
1090000.0,925500.0,703000.0,1254000.0,614200.0,504600.0,244600.0,550600.0,488600.0,2314000.0,2463000.0,
1141000.0,924200.0,704300.0,1241000.0,919700.0,201600.0,234600.0,572800.0,466000.0,2337000.0,2408000.0,
1138000.0,924000.0,707200.0,1237000.0,917900.0,190700.0,244600.0,562700.0,466000.0,2337000.0,2420000.0,
1132000.0,924600.0,707700.0,1222000.0,911800.0,192900.0,245400.0,563900.0,459800.0,2337000.0,2428000.0,
1130000.0,923700.0,709900.0,1222000.0,904500.0,186500.0,245400.0,563900.0,459800.0,2337000.0,2441000.0,
1124000.0,925300.0,710000.0,1217000.0,904500.0,192700.0,239200.0,563900.0,459800.0,2337000.0,2441000.0,
1076000.0,928400.0,711400.0,1251000.0,904300.0,192700.0,239200.0,590800.0,432900.0,2337000.0,2441000.0,
1094000.0,934600.0,711000.0,1238000.0,904100.0,192500.0,239100.0,590700.0,432800.0,2349000.0,2416000.0,
1123000.0,933700.0,712100.0,1233000.0,907100.0,189300.0,239100.0,604700.0,418700.0,2361000.0,2386000.0,
1119000.0,931800.0,713000.0,1218000.0,907000.0,189300.0,239000.0,610800.0,412700.0,2361000.0,2386000.0,
1108000.0,933500.0,715100.0,1213000.0,907000.0,189300.0,239000.0,616800.0,406700.0,2361000.0,2394000.0,
1131000.0,938600.0,714500.0,1209000.0,893400.0,187700.0,239000.0,616800.0,406600.0,2396000.0,2376000.0,
1131000.0,939100.0,714800.0,1209000.0,893400.0,191600.0,235100.0,616800.0,406600.0,2396000.0,2376000.0,
1130000.0,937500.0,717100.0,1209000.0,885800.0,191600.0,235100.0,616800.0,406600.0,2396000.0,2383000.0,
1128000.0,936100.0,720000.0,1204000.0,885700.0,191500.0,235000.0,616800.0,450800.0,2388000.0,2383000.0,
1121000.0,941500.0,721300.0,1195000.0,885600.0,195300.0,235900.0,611900.0,450600.0,2388000.0,2383000.0,
1117000.0,942400.0,724100.0,1195000.0,885600.0,195300.0,235900.0,611900.0,450600.0,2388000.0,2383000.0,
1105000.0,939000.0,722100.0,1203000.0,884300.0,188900.0,241900.0,626900.0,429500.0,2388000.0,2391000.0,
1064000.0,943700.0,724100.0,1228000.0,894100.0,178800.0,241700.0,626900.0,429400.0,2400000.0,2391000.0,
1062000.0,941200.0,723400.0,1228000.0,893400.0,178800.0,250600.0,652400.0,395000.0,2400000.0,2391000.0,
1061000.0,942100.0,723300.0,1224000.0,893400.0,178700.0,260900.0,641900.0,568000.0,2239000.0,2391000.0,
1061000.0,941100.0,724400.0,1224000.0,893400.0,183500.0,260900.0,637100.0,568000.0,2239000.0,2391000.0,
1059000.0,942500.0,725800.0,1224000.0,885800.0,183500.0,269000.0,635100.0,561900.0,2239000.0,2399000.0,
1089000.0,941300.0,720100.0,1231000.0,882700.0,182800.0,268000.0,640500.0,553800.0,2261000.0,2375000.0,
1087000.0,941900.0,721300.0,1231000.0,882700.0,182800.0,268000.0,640500.0,553800.0,2273000.0,2375000.0,
1082000.0,946100.0,714200.0,1227000.0,882600.0,182700.0,274000.0,634400.0,553800.0,2273000.0,2383000.0,
1077000.0,950200.0,714300.0,1218000.0,882600.0,191000.0,265500.0,648500.0,539500.0,2284000.0,2383000.0,
1077000.0,949100.0,715900.0,1218000.0,882600.0,191000.0,265500.0,648500.0,539500.0,2295000.0,2383000.0,
1065000.0,951800.0,717900.0,1218000.0,882600.0,191000.0,265500.0,677600.0,510400.0,2295000.0,2390000.0,
1063000.0,950000.0,719500.0,1215000.0,887500.0,191900.0,259400.0,687700.0,500300.0,2295000.0,2390000.0,
1123000.0,949500.0,720900.0,1210000.0,885400.0,183800.0,249300.0,700700.0,487200.0,2307000.0,2350000.0,
1123000.0,949200.0,698000.0,1200000.0,885400.0,250000.0,182900.0,715700.0,472000.0,2307000.0,2373000.0,
1116000.0,950100.0,698600.0,1196000.0,885400.0,249900.0,182800.0,715600.0,471800.0,2330000.0,2373000.0,
1116000.0,948500.0,700600.0,1196000.0,873900.0,247800.0,179000.0,715600.0,471800.0,2330000.0,2390000.0,
1108000.0,948700.0,701900.0,1193000.0,879700.0,250600.0,169800.0,715600.0,471800.0,2342000.0,2390000.0,
1107000.0,948800.0,702900.0,1193000.0,884500.0,245800.0,169800.0,715600.0,471800.0,2342000.0,2390000.0,
1100000.0,951100.0,705500.0,1189000.0,884500.0,245800.0,169800.0,740400.0,447000.0,2353000.0,2390000.0,
1090000.0,949600.0,691300.0,1189000.0,884500.0,245800.0,174700.0,735500.0,447000.0,2353000.0,2407000.0,
1108000.0,952300.0,692800.0,1189000.0,887600.0,242700.0,174700.0,741600.0,441000.0,2365000.0,2385000.0,
1101000.0,952000.0,693900.0,1184000.0,879100.0,236600.0,174700.0,741600.0,441000.0,2389000.0,2399000.0,
1095000.0,950400.0,696300.0,1176000.0,871500.0,236500.0,174500.0,761400.0,421000.0,2389000.0,2407000.0,
1136000.0,951400.0,699100.0,1176000.0,871500.0,236500.0,174500.0,761400.0,540500.0,2293000.0,2362000.0,
1135000.0,951400.0,699900.0,1176000.0,871500.0,236500.0,516600.0,419200.0,540500.0,2293000.0,2362000.0,
1128000.0,950700.0,701300.0,1178000.0,871400.0,240200.0,512700.0,419200.0,540500.0,2316000.0,2362000.0,
1127000.0,951100.0,701500.0,1178000.0,871400.0,247300.0,505600.0,419200.0,540500.0,2316000.0,2362000.0,
1127000.0,949700.0,703000.0,1178000.0,875300.0,243500.0,660800.0,274100.0,530400.0,2339000.0,2362000.0,
1119000.0,951400.0,703000.0,1180000.0,878400.0,240300.0,660700.0,274100.0,530200.0,2351000.0,2362000.0,
1116000.0,951600.0,705000.0,1166000.0,878200.0,240200.0,660600.0,305500.0,498600.0,2351000.0,2362000.0,
1113000.0,948700.0,705400.0,1146000.0,884100.0,240600.0,654000.0,313200.0,490800.0,2386000.0,2362000.0,
1109000.0,951700.0,705800.0,1146000.0,884100.0,240600.0,660000.0,307100.0,490800.0,2398000.0,2362000.0,
1105000.0,955500.0,706200.0,1142000.0,884000.0,240600.0,659900.0,313100.0,484800.0,2398000.0,2362000.0,
1100000.0,958900.0,707500.0,1142000.0,884000.0,240600.0,659900.0,313100.0,484800.0,2398000.0,2362000.0,
1098000.0,959900.0,693600.0,1132000.0,884000.0,240600.0,666200.0,306700.0,513600.0,2381000.0,2377000.0,
1088000.0,959300.0,694700.0,1132000.0,876400.0,240600.0,719600.0,338300.0,428600.0,2381000.0,2384000.0,
1077000.0,959600.0,695600.0,1132000.0,992400.0,124500.0,719600.0,338300.0,428600.0,2393000.0,2384000.0,
1069000.0,952100.0,687800.0,1132000.0,992400.0,124500.0,719600.0,338300.0,428600.0,2393000.0,2392000.0,
1069000.0,945200.0,689400.0,1128000.0,984800.0,124500.0,719400.0,338300.0,428600.0,2393000.0,2399000.0,
1067000.0,947500.0,677200.0,1123000.0,984800.0,124500.0,719400.0,344400.0,422600.0,2393000.0,2412000.0,
1100000.0,941800.0,679400.0,1123000.0,984800.0,124500.0,719400.0,357700.0,561900.0,2252000.0,2377000.0,
1099000.0,941600.0,680900.0,1123000.0,984800.0,124500.0,810500.0,266600.0,561900.0,2264000.0,2377000.0,
1098000.0,941700.0,681400.0,1118000.0,962100.0,124500.0,810500.0,266500.0,561900.0,2286000.0,2399000.0,
1098000.0,940400.0,682800.0,1114000.0,947100.0,116800.0,810400.0,266500.0,561900.0,2309000.0,2422000.0,
1137000.0,939200.0,684900.0,1109000.0,931900.0,116800.0,817500.0,265300.0,555900.0,2321000.0,2397000.0,
1136000.0,939500.0,685300.0,1109000.0,931900.0,116800.0,817500.0,289400.0,531700.0,2321000.0,2397000.0,
1136000.0,938600.0,686200.0,1109000.0,897200.0,116800.0,817500.0,302500.0,518700.0,2321000.0,2431000.0,
1133000.0,941000.0,687100.0,1109000.0,877100.0,120600.0,813600.0,302500.0,518700.0,2321000.0,2451000.0,
1164000.0,942200.0,688800.0,1121000.0,877100.0,120600.0,813600.0,308500.0,512600.0,2332000.0,2401000.0,
1157000.0,946600.0,676200.0,1102000.0,877100.0,126700.0,813500.0,302400.0,512600.0,2332000.0,2415000.0,
1156000.0,947200.0,676600.0,1097000.0,877000.0,132600.0,807400.0,302400.0,512600.0,2332000.0,2415000.0,
1185000.0,947500.0,677600.0,1103000.0,877000.0,132600.0,813400.0,302400.0,506600.0,2356000.0,2379000.0,
1170000.0,954700.0,679600.0,1099000.0,861900.0,723200.0,222800.0,320500.0,488500.0,2367000.0,2394000.0,
1168000.0,956100.0,672700.0,1099000.0,825500.0,728200.0,217800.0,320500.0,488500.0,2367000.0,2438000.0,
1167000.0,957300.0,673100.0,1094000.0,825500.0,728200.0,217800.0,320500.0,488500.0,2367000.0,2438000.0,
1151000.0,950500.0,680000.0,1094000.0,810400.0,723000.0,223600.0,324400.0,478400.0,2367000.0,2458000.0,
1197000.0,955000.0,680300.0,1094000.0,810400.0,723000.0,229700.0,318400.0,478400.0,2391000.0,2407000.0,
1192000.0,956100.0,683800.0,1094000.0,810400.0,723000.0,229700.0,335400.0,461400.0,2391000.0,2407000.0,
1238000.0,955000.0,684100.0,1088000.0,810400.0,729000.0,223500.0,335400.0,520200.0,2344000.0,2358000.0,
1235000.0,956700.0,684800.0,1079000.0,786300.0,728900.0,228200.0,330500.0,520100.0,2344000.0,2382000.0,
1189000.0,956100.0,685800.0,1115000.0,786200.0,732700.0,233000.0,321800.0,520100.0,2356000.0,2382000.0,
1174000.0,957000.0,687200.0,1128000.0,786200.0,732700.0,233000.0,321800.0,520100.0,2356000.0,2382000.0,
1172000.0,956500.0,689000.0,1128000.0,786200.0,732700.0,253300.0,301500.0,520100.0,2368000.0,2382000.0,
1169000.0,960000.0,689000.0,1128000.0,762200.0,738700.0,247300.0,301500.0,520100.0,2368000.0,2406000.0,
1168000.0,959800.0,689700.0,1128000.0,744600.0,738700.0,252100.0,296600.0,520100.0,2368000.0,2424000.0,
1156000.0,960200.0,691800.0,1138000.0,744600.0,738700.0,252100.0,296600.0,520100.0,2368000.0,2424000.0,
1195000.0,959300.0,692400.0,1138000.0,750700.0,732700.0,252100.0,296600.0,520100.0,2380000.0,2380000.0,
1191000.0,962800.0,692700.0,1128000.0,750600.0,732700.0,252000.0,302600.0,586600.0,2331000.0,2380000.0,
1186000.0,967300.0,693200.0,1124000.0,750600.0,732700.0,252000.0,312600.0,576600.0,2331000.0,2380000.0,
1185000.0,967300.0,693400.0,1115000.0,750600.0,732600.0,251900.0,312600.0,576600.0,2331000.0,2380000.0,
1177000.0,967100.0,694400.0,1102000.0,750500.0,732500.0,266600.0,297700.0,576600.0,2331000.0,2380000.0,
1134000.0,967700.0,681200.0,1138000.0,750500.0,732500.0,266600.0,309700.0,564600.0,2331000.0,2395000.0,
1132000.0,967500.0,668000.0,1138000.0,730900.0,732500.0,266600.0,320600.0,553600.0,2331000.0,2430000.0,
1147000.0,965300.0,668900.0,1153000.0,713800.0,732500.0,266600.0,384400.0,489800.0,2343000.0,2413000.0,
1145000.0,966000.0,670500.0,1148000.0,684200.0,732400.0,277000.0,395100.0,468700.0,2343000.0,2443000.0,
1145000.0,964400.0,672100.0,1148000.0,693900.0,728700.0,270900.0,406000.0,457800.0,2343000.0,2443000.0,
1144000.0,963600.0,674100.0,1143000.0,672600.0,728700.0,270900.0,417600.0,446200.0,2343000.0,2464000.0,
1104000.0,964000.0,677500.0,1169000.0,657300.0,831000.0,354600.0,249500.0,422400.0,2343000.0,2485000.0,
1111000.0,962200.0,677800.0,1165000.0,657300.0,831000.0,362600.0,241500.0,422400.0,2354000.0,2473000.0,
1125000.0,963400.0,679200.0,1160000.0,657300.0,831000.0,367400.0,253400.0,405500.0,2366000.0,2457000.0,
1170000.0,963800.0,681400.0,1160000.0,657300.0,831000.0,367400.0,253400.0,405500.0,2390000.0,2409000.0,
1134000.0,962500.0,683600.0,1186000.0,638200.0,828500.0,365500.0,250900.0,402500.0,2390000.0,2438000.0,
1129000.0,960400.0,683800.0,1176000.0,638100.0,828500.0,375100.0,247200.0,412800.0,2386000.0,2439000.0,
1115000.0,961300.0,684200.0,1174000.0,638100.0,828500.0,375000.0,247200.0,412800.0,2386000.0,2439000.0,
1126000.0,966600.0,684500.0,1174000.0,625500.0,835500.0,368000.0,247200.0,412800.0,2397000.0,2430000.0,
1126000.0,965600.0,686100.0,1169000.0,631500.0,829400.0,377600.0,237500.0,412800.0,2397000.0,2430000.0,
1116000.0,972200.0,689200.0,1169000.0,636300.0,834300.0,376700.0,228700.0,412800.0,2397000.0,2430000.0,
1114000.0,970500.0,688500.0,1165000.0,614000.0,834100.0,376700.0,288100.0,353300.0,2397000.0,2451000.0,
1074000.0,965600.0,689600.0,1204000.0,595300.0,834100.0,376700.0,317700.0,323700.0,2397000.0,2470000.0,
1064000.0,963600.0,691000.0,1204000.0,595300.0,834100.0,376700.0,317700.0,323700.0,2397000.0,2470000.0,
1062000.0,965400.0,691600.0,1204000.0,595300.0,834100.0,376700.0,317700.0,323700.0,2397000.0,2470000.0,
1060000.0,960200.0,693500.0,1194000.0,601300.0,828000.0,376700.0,317700.0,323700.0,2397000.0,2470000.0,
1056000.0,961600.0,695700.0,1179000.0,601200.0,828000.0,376600.0,317700.0,323600.0,2397000.0,2470000.0,
1076000.0,957300.0,696400.0,1175000.0,601200.0,828000.0,376500.0,317700.0,431500.0,2302000.0,2449000.0,
1053000.0,959700.0,696400.0,1250000.0,547200.0,831800.0,372600.0,360700.0,388500.0,2313000.0,2448000.0,
1060000.0,957600.0,698700.0,1237000.0,531700.0,830500.0,364900.0,358600.0,386000.0,2325000.0,2468000.0,
1059000.0,957300.0,699900.0,1227000.0,531700.0,830500.0,364900.0,358600.0,386000.0,2325000.0,2468000.0,
1084000.0,956300.0,700300.0,1223000.0,506600.0,830500.0,364900.0,358600.0,386000.0,2336000.0,2468000.0,
1063000.0,950600.0,702400.0,1242000.0,518700.0,818500.0,364900.0,358600.0,386000.0,2336000.0,2468000.0,
1062000.0,950600.0,703600.0,1242000.0,518700.0,818500.0,373000.0,350500.0,386000.0,2336000.0,2468000.0,
