entropy,entropyInd,RabA,RabB,RabC,RabD,RabE,RabF,RabG,RabH,RabI,xER,xPM,
2.178,0.3355,0.106,0.0907,0.0685,0.1252,0.05449,0.03938,0.03062,0.03407,0.03502,0.2066,0.2094,
2.178,0.3353,0.106,0.09074,0.06853,0.1248,0.05451,0.0394,0.03063,0.03408,0.03504,0.2067,0.2095,
2.178,0.3456,0.1061,0.09081,0.06859,0.1241,0.05456,0.03943,0.03066,0.03411,0.03507,0.2069,0.2097,
2.178,0.3443,0.1061,0.09081,0.06859,0.1241,0.05456,0.03943,0.03066,0.03411,0.03507,0.2069,0.2097,
2.174,0.377,0.1051,0.09085,0.06862,0.1237,0.0525,0.03932,0.03067,0.03412,0.03507,0.207,0.2131,
2.173,0.3027,0.1094,0.09094,0.06868,0.1218,0.05023,0.03905,0.0307,0.03415,0.03511,0.2083,0.2117,
2.173,0.3078,0.1094,0.09094,0.06868,0.1218,0.05023,0.03905,0.0307,0.03415,0.03511,0.2083,0.2117,
2.17,0.3123,0.1082,0.09085,0.06695,0.1215,0.05027,0.03908,0.03072,0.03418,0.03514,0.2085,0.2146,
2.169,0.321,0.1082,0.09085,0.06629,0.1215,0.05027,0.03908,0.03072,0.03418,0.03514,0.2085,0.2153,
2.169,0.3262,0.1075,0.09085,0.06629,0.1215,0.05027,0.03908,0.03072,0.03418,0.03514,0.2085,0.216,
2.167,0.3253,0.1058,0.09069,0.06631,0.1211,0.05029,0.0391,0.03073,0.0342,0.03515,0.2086,0.2181,
2.166,0.3069,0.104,0.09084,0.06641,0.1197,0.05038,0.03916,0.03078,0.03425,0.0352,0.2089,0.2203,
2.166,0.3056,0.106,0.09087,0.06644,0.1182,0.04973,0.03919,0.03079,0.03427,0.03521,0.2101,0.2192,
2.164,0.3064,0.1061,0.09095,0.06474,0.1174,0.04977,0.03922,0.03081,0.0343,0.03524,0.2103,0.2211,
2.162,0.3087,0.1055,0.0909,0.06476,0.1171,0.04913,0.03924,0.03083,0.03431,0.03526,0.2104,0.2225,
2.162,0.3074,0.1055,0.0909,0.06476,0.1171,0.04913,0.03924,0.03083,0.03431,0.03526,0.2104,0.2225,
2.162,0.302,0.1055,0.09098,0.06481,0.1165,0.04918,0.03927,0.03085,0.03434,0.03528,0.2106,0.2227,
2.159,0.3113,0.1036,0.09106,0.06486,0.1157,0.04855,0.0393,0.03087,0.03437,0.03531,0.2108,0.2256,
2.158,0.3012,0.1086,0.09103,0.06485,0.1148,0.04676,0.03907,0.03059,0.03418,0.03507,0.2118,0.2232,
2.18,0.2922,0.1142,0.09098,0.06416,0.1144,0.04675,0.03907,0.03058,0.03417,0.04658,0.2013,0.2178,
2.176,0.2944,0.1142,0.09098,0.06416,0.1144,0.04476,0.03907,0.03058,0.03417,0.04658,0.2013,0.2198,
2.178,0.2955,0.1172,0.09089,0.0641,0.1143,0.04471,0.03903,0.03055,0.03414,0.04653,0.2021,0.2164,
2.178,0.2967,0.1173,0.09093,0.06413,0.114,0.04472,0.03904,0.03056,0.03415,0.04654,0.2022,0.2165,
2.173,0.2995,0.1172,0.09096,0.06223,0.1137,0.04341,0.03905,0.03057,0.03416,0.04655,0.2023,0.2198,
2.173,0.3071,0.1172,0.09096,0.06223,0.1137,0.04341,0.03905,0.03057,0.03416,0.04655,0.2023,0.2198,
2.172,0.3054,0.1156,0.09096,0.06223,0.1137,0.04341,0.03905,0.03057,0.03416,0.04655,0.2023,0.2215,
2.172,0.3467,0.1194,0.09077,0.06217,0.1129,0.04213,0.03903,0.03054,0.03413,0.04651,0.2042,0.2183,
2.172,0.2957,0.1194,0.09084,0.06222,0.1123,0.04217,0.03905,0.03056,0.03415,0.04654,0.2044,0.2185,
2.172,0.2798,0.1212,0.09051,0.06215,0.1118,0.04216,0.03905,0.03055,0.03414,0.04653,0.2054,0.2165,
2.173,0.2694,0.1236,0.09045,0.06211,0.1114,0.04213,0.03902,0.03052,0.03412,0.0465,0.2063,0.2139,
2.173,0.2645,0.1261,0.09042,0.06209,0.1096,0.04212,0.039,0.03051,0.0341,0.04648,0.2083,0.2113,
2.16,0.2917,0.126,0.09012,0.06244,0.1096,0.04212,0.05594,0.01357,0.0341,0.04648,0.2083,0.2113,
2.159,0.2954,0.1256,0.09032,0.06244,0.1091,0.04209,0.05591,0.01356,0.03408,0.04645,0.2092,0.2112,
2.16,0.3122,0.1254,0.09065,0.06263,0.1084,0.04212,0.05595,0.0141,0.0341,0.04596,0.2094,0.2114,
2.159,0.3074,0.1272,0.09046,0.06282,0.1083,0.04208,0.05555,0.014,0.03449,0.04525,0.2102,0.2097,
2.159,0.3012,0.1266,0.09081,0.06283,0.1081,0.04204,0.05549,0.01398,0.03543,0.04422,0.211,0.2094,
2.159,0.3102,0.1263,0.09092,0.06294,0.1081,0.04204,0.05549,0.01398,0.03543,0.04422,0.211,0.2094,
2.158,0.3076,0.1261,0.09105,0.06314,0.1078,0.04095,0.05552,0.01399,0.03545,0.04424,0.2111,0.2106,
2.155,0.3063,0.1259,0.09131,0.06339,0.1067,0.03945,0.05559,0.014,0.03713,0.04266,0.2114,0.2125,
2.164,0.3086,0.1269,0.09145,0.06358,0.1058,0.03946,0.0556,0.014,0.03713,0.04816,0.207,0.2109,
2.161,0.3125,0.1279,0.09143,0.06371,0.105,0.03746,0.05559,0.01399,0.0389,0.04638,0.208,0.2116,
2.161,0.3118,0.1278,0.09137,0.06389,0.105,0.03746,0.05559,0.01399,0.03943,0.04585,0.208,0.2116,
2.165,0.3086,0.1293,0.0913,0.06414,0.1041,0.03634,0.05558,0.03076,0.02264,0.04584,0.209,0.2109,
2.165,0.303,0.1293,0.09159,0.06435,0.1025,0.0364,0.05567,0.03169,0.02232,0.04538,0.2094,0.2113,
2.166,0.3215,0.1275,0.09151,0.06463,0.1039,0.03695,0.05517,0.0317,0.02233,0.0454,0.2095,0.2114,
2.167,0.3213,0.127,0.09147,0.06482,0.1038,0.0375,0.05452,0.03167,0.02399,0.04367,0.2103,0.2112,
2.167,0.3161,0.127,0.09152,0.0649,0.1035,0.03751,0.05454,0.03167,0.024,0.04368,0.2104,0.2113,
2.17,0.3298,0.1262,0.09143,0.065,0.1043,0.03751,0.05454,0.0321,0.03136,0.03589,0.2104,0.2113,
2.17,0.3328,0.1253,0.09132,0.06526,0.105,0.03751,0.05454,0.0321,0.03136,0.03589,0.2104,0.2113,
2.177,0.3328,0.125,0.09116,0.06548,0.1036,0.03748,0.05449,0.03207,0.03133,0.0408,0.2074,0.2111,
2.177,0.3323,0.1251,0.09102,0.0657,0.1032,0.0375,0.05451,0.03208,0.03134,0.04082,0.2075,0.2112,
2.177,0.33,0.1242,0.09121,0.06583,0.103,0.03755,0.05459,0.03212,0.03138,0.04087,0.2078,0.2115,
2.177,0.3371,0.1237,0.09096,0.06589,0.1029,0.03795,0.05413,0.0321,0.03137,0.04084,0.2087,0.2114,
2.177,0.3381,0.1237,0.09096,0.06594,0.1029,0.03795,0.05413,0.0321,0.03137,0.04084,0.2087,0.2114,
2.175,0.3371,0.1235,0.09079,0.06603,0.1016,0.03792,0.05408,0.03551,0.02789,0.04081,0.2107,0.2112,
2.175,0.339,0.1233,0.09092,0.06615,0.1016,0.03792,0.05408,0.03551,0.02789,0.04081,0.2107,0.2112,
2.176,0.3446,0.1226,0.09115,0.06627,0.1016,0.03847,0.05391,0.03518,0.03039,0.03834,0.2107,0.2113,
2.179,0.3486,0.1233,0.09082,0.06624,0.1015,0.03774,0.05382,0.03512,0.03149,0.03989,0.2097,0.2104,
2.184,0.35,0.1227,0.09093,0.06626,0.1009,0.03767,0.05426,0.03453,0.03143,0.04355,0.2078,0.2101,
2.185,0.3401,0.1196,0.09105,0.06638,0.1034,0.03769,0.05428,0.03454,0.03144,0.04357,0.2079,0.2102,
2.182,0.3447,0.1222,0.09089,0.0665,0.1029,0.03618,0.05372,0.03452,0.03142,0.04354,0.2088,0.2093,
2.182,0.3457,0.1214,0.09088,0.06679,0.1026,0.03676,0.05326,0.03456,0.03146,0.0436,0.209,0.2096,
2.182,0.3483,0.1212,0.09049,0.06694,0.1022,0.03675,0.05325,0.03455,0.03145,0.04359,0.2101,0.2096,
2.182,0.3568,0.1209,0.09041,0.0671,0.1019,0.03731,0.05276,0.0351,0.03094,0.04363,0.2102,0.2097,
2.181,0.3558,0.1204,0.09058,0.06713,0.1018,0.03727,0.0527,0.03507,0.03091,0.04358,0.2111,0.2095,
2.193,0.3527,0.1199,0.09066,0.06724,0.1017,0.03723,0.05265,0.03503,0.03088,0.0516,0.2038,0.2093,
2.193,0.3373,0.1197,0.09065,0.06737,0.1009,0.03728,0.05271,0.03507,0.03091,0.05167,0.2041,0.2096,
2.192,0.3284,0.1195,0.09072,0.06737,0.1004,0.03726,0.05268,0.03505,0.03089,0.05164,0.205,0.2095,
2.194,0.3279,0.1193,0.09085,0.06745,0.1004,0.03726,0.05268,0.03505,0.0358,0.04673,0.205,0.2095,
2.174,0.3256,0.1188,0.09069,0.06731,0.09977,0.07314,0.01655,0.03495,0.0357,0.0466,0.2075,0.2089,
2.172,0.3049,0.1177,0.09066,0.0674,0.09987,0.07136,0.01655,0.03537,0.03527,0.0466,0.2086,0.2106,
2.169,0.3285,0.1171,0.0908,0.06752,0.09901,0.06942,0.01656,0.0358,0.03733,0.04414,0.2097,0.2127,
2.175,0.3084,0.1232,0.0907,0.06764,0.0985,0.06707,0.01654,0.03576,0.03728,0.04781,0.2078,0.2077,
2.175,0.3001,0.1223,0.09093,0.06765,0.09772,0.06711,0.01655,0.03578,0.03731,0.04785,0.209,0.2079,
2.174,0.2984,0.1219,0.09092,0.06772,0.09777,0.06648,0.01722,0.03514,0.03733,0.04787,0.2091,0.2086,
2.171,0.3086,0.1219,0.09084,0.06808,0.09697,0.06334,0.01776,0.03464,0.03842,0.04685,0.2092,0.212,
2.171,0.3092,0.1215,0.09104,0.06833,0.09662,0.0627,0.01777,0.03465,0.03844,0.04687,0.2093,0.2128,
2.171,0.3163,0.1197,0.09177,0.06833,0.09772,0.0627,0.01777,0.03465,0.03844,0.04687,0.2093,0.2128,
2.171,0.3054,0.1179,0.09173,0.06839,0.09918,0.06273,0.01778,0.03467,0.03845,0.04689,0.2094,0.2129,
2.172,0.3174,0.1194,0.09165,0.06859,0.09921,0.06275,0.01778,0.03468,0.03846,0.04691,0.2105,0.21,
2.172,0.33,0.119,0.09209,0.06864,0.09921,0.06236,0.01751,0.03468,0.03942,0.04595,0.2105,0.2107,
2.17,0.3236,0.1171,0.09192,0.06868,0.1004,0.06133,0.01753,0.03471,0.04071,0.04476,0.2108,0.212,
2.169,0.3277,0.1168,0.09213,0.06876,0.1004,0.06022,0.01753,0.03471,0.04428,0.0412,0.2108,0.2132,
2.181,0.3263,0.12,0.09188,0.06893,0.1002,0.06012,0.0175,0.03466,0.04509,0.04701,0.2058,0.2088,
2.18,0.3203,0.1199,0.0917,0.069,0.1001,0.06006,0.01748,0.03462,0.04504,0.04696,0.2066,0.2086,
2.18,0.3259,0.1189,0.09191,0.06919,0.09984,0.06014,0.0175,0.03466,0.0451,0.04702,0.2069,0.2088,
2.179,0.3232,0.1186,0.09184,0.06911,0.09927,0.06004,0.01747,0.03459,0.04502,0.04694,0.2086,0.2085,
2.177,0.3958,0.1159,0.09153,0.06938,0.1013,0.05859,0.01746,0.03457,0.04499,0.04691,0.2095,0.2098,
2.176,0.3986,0.1154,0.09159,0.06865,0.1009,0.05864,0.01748,0.0346,0.04503,0.04695,0.2097,0.2111,
2.176,0.387,0.1153,0.09164,0.06893,0.1001,0.05869,0.01749,0.03462,0.04506,0.04699,0.2099,0.2113,
2.18,0.3253,0.1179,0.09169,0.06885,0.1009,0.05793,0.01799,0.03404,0.04552,0.0481,0.2099,0.2072,
2.179,0.3264,0.1178,0.0917,0.06895,0.1009,0.05727,0.01799,0.03404,0.04552,0.0481,0.2099,0.2078,
2.19,0.3155,0.1174,0.09148,0.06903,0.1004,0.05652,0.01796,0.03398,0.04597,0.05728,0.2019,0.2081,
2.188,0.3284,0.1165,0.09169,0.06917,0.1001,0.05514,0.01745,0.03403,0.04981,0.05358,0.2021,0.2104,
2.188,0.33,0.1099,0.09184,0.06929,0.1055,0.05513,0.01779,0.03438,0.04997,0.05268,0.2031,0.2104,
2.189,0.3243,0.1124,0.09194,0.06935,0.1055,0.05446,0.01812,0.03404,0.04997,0.05268,0.2041,0.2075,
2.188,0.3306,0.112,0.09222,0.06945,0.1055,0.05335,0.01812,0.03404,0.04997,0.05268,0.2041,0.2086,
2.188,0.332,0.111,0.09276,0.06979,0.1038,0.05352,0.01817,0.03414,0.05012,0.05284,0.2047,0.2092,
2.188,0.3366,0.1086,0.09269,0.06994,0.1061,0.05352,0.01817,0.03537,0.04888,0.05284,0.2047,0.2092,
2.187,0.3329,0.1086,0.09224,0.07006,0.1061,0.05288,0.01818,0.03539,0.0489,0.05286,0.2048,0.21,
2.184,0.3554,0.1085,0.09193,0.07044,0.1059,0.05146,0.01753,0.03541,0.04892,0.05288,0.2049,0.2122,
2.185,0.3363,0.1119,0.09171,0.07054,0.1058,0.05141,0.01751,0.03537,0.05059,0.05111,0.2057,0.2084,
2.182,0.3425,0.1101,0.09143,0.07049,0.1071,0.04975,0.01747,0.03583,0.04996,0.051,0.2074,0.2095,
2.18,0.3506,0.1092,0.09136,0.0707,0.1067,0.04866,0.01747,0.0366,0.05023,0.04998,0.2085,0.2107,
2.174,0.3523,0.109,0.09155,0.07077,0.1063,0.04568,0.01695,0.03661,0.05149,0.04876,0.2085,0.2143,
2.176,0.3587,0.112,0.09196,0.07076,0.1059,0.04565,0.01693,0.03658,0.05145,0.04873,0.2095,0.2106,
2.176,0.3727,0.1116,0.09204,0.07108,0.1059,0.04565,0.01746,0.03605,0.05437,0.04582,0.2095,0.2106,
2.172,0.3604,0.1111,0.09198,0.06795,0.1058,0.04567,0.01747,0.03607,0.05699,0.04324,0.2096,0.2141,
2.171,0.3684,0.1109,0.09213,0.06799,0.1058,0.045,0.01747,0.03607,0.05809,0.04214,0.2096,0.2148,
2.17,0.3643,0.1108,0.09204,0.06833,0.1054,0.04425,0.01748,0.0361,0.05812,0.04217,0.2097,0.2156,
2.168,0.3479,0.1123,0.09199,0.06844,0.1046,0.04313,0.01748,0.03608,0.0581,0.04216,0.2108,0.2149,
2.17,0.3573,0.1137,0.09148,0.06847,0.1038,0.04263,0.01736,0.03611,0.05925,0.04284,0.2102,0.2142,
2.19,0.3433,0.1161,0.09131,0.06852,0.1029,0.0426,0.01734,0.03608,0.0592,0.05628,0.1987,0.211,
2.189,0.3451,0.1154,0.09151,0.06853,0.1025,0.04259,0.01734,0.03649,0.05877,0.05627,0.1996,0.211,
2.189,0.3549,0.1145,0.09146,0.06858,0.1031,0.04255,0.01732,0.03727,0.05878,0.05533,0.2004,0.2108,
2.182,0.3395,0.1144,0.09144,0.06867,0.1031,0.04228,0.04287,0.01156,0.05867,0.0552,0.2004,0.2114,
2.182,0.3461,0.1141,0.09153,0.06882,0.1031,0.04281,0.04234,0.01156,0.06229,0.05158,0.2004,0.2114,
2.18,0.3447,0.1156,0.09167,0.0688,0.1026,0.04168,0.04231,0.01155,0.06349,0.05031,0.2013,0.2107,
2.179,0.346,0.1177,0.09181,0.0688,0.1021,0.04155,0.04173,0.01154,0.06575,0.04799,0.2022,0.2088,
2.179,0.352,0.1177,0.09205,0.06894,0.1007,0.04161,0.04179,0.01154,0.06583,0.04806,0.2026,0.2092,
2.179,0.3318,0.1174,0.09225,0.06898,0.09987,0.04093,0.04179,0.01224,0.06512,0.04806,0.2036,0.2098,
2.178,0.3331,0.1172,0.09244,0.06927,0.09912,0.0403,0.04182,0.01224,0.06517,0.04809,0.2037,0.2106,
2.176,0.3377,0.1166,0.09222,0.06942,0.09906,0.04028,0.04236,0.01167,0.06575,0.04745,0.2046,0.2105,
2.177,0.33,0.1152,0.09231,0.06942,0.09998,0.04024,0.04232,0.01249,0.06486,0.0474,0.2055,0.2103,
2.175,0.3339,0.1148,0.09243,0.06951,0.09953,0.03968,0.04216,0.01248,0.06578,0.04641,0.2064,0.2108,
2.175,0.3379,0.1136,0.09268,0.06957,0.1005,0.03968,0.04216,0.01248,0.06578,0.04641,0.2064,0.2108,
2.177,0.3356,0.1131,0.09277,0.0697,0.1001,0.03972,0.0422,0.0132,0.06513,0.04645,0.2065,0.211,
2.179,0.3324,0.1174,0.09256,0.06974,0.1,0.03968,0.04215,0.01361,0.06464,0.04641,0.2074,0.2064,
2.177,0.3376,0.117,0.09266,0.06911,0.1001,0.04022,0.04164,0.01361,0.06916,0.04194,0.2075,0.2072,
2.175,0.3384,0.1166,0.09277,0.06907,0.09997,0.03952,0.0416,0.0136,0.06908,0.0419,0.2083,0.2076,
2.175,0.3403,0.1165,0.09229,0.06943,0.09966,0.03955,0.04163,0.0136,0.06914,0.04193,0.2085,0.2078,
2.193,0.3804,0.1162,0.09259,0.06815,0.09966,0.03955,0.04163,0.0493,0.03398,0.0414,0.2085,0.2091,
2.192,0.383,0.116,0.09253,0.06823,0.0992,0.03952,0.0416,0.04926,0.03396,0.04137,0.2094,0.209,
2.191,0.3864,0.1136,0.09286,0.06687,0.1012,0.03952,0.0416,0.04926,0.03396,0.04137,0.2094,0.2104,
2.196,0.3823,0.1132,0.09234,0.06692,0.101,0.04086,0.04012,0.04918,0.03531,0.04401,0.207,0.2101,
2.195,0.3875,0.1131,0.09238,0.06556,0.101,0.04128,0.0397,0.04918,0.03531,0.04401,0.207,0.2115,
2.195,0.393,0.1116,0.09213,0.06596,0.1018,0.04132,0.03973,0.04993,0.03463,0.04405,0.2072,0.2116,
2.193,0.3947,0.1114,0.09197,0.06629,0.1018,0.0411,0.03946,0.04931,0.03463,0.04405,0.2072,0.2127,
2.193,0.4018,0.1105,0.09232,0.06635,0.1018,0.04113,0.03949,0.04988,0.03572,0.04249,0.2074,0.2129,
2.193,0.406,0.1078,0.09224,0.06655,0.1044,0.04113,0.03949,0.04988,0.03572,0.04249,0.2074,0.2129,
2.193,0.4147,0.1071,0.09266,0.06685,0.1044,0.04113,0.03949,0.05221,0.03339,0.04249,0.2074,0.2129,
2.193,0.4254,0.1068,0.09292,0.06701,0.104,0.04114,0.03951,0.05222,0.03341,0.0425,0.2075,0.213,
2.193,0.4249,0.1042,0.09271,0.06726,0.1062,0.04116,0.03986,0.05191,0.03342,0.04252,0.2076,0.2131,
2.193,0.4309,0.1039,0.09262,0.06738,0.1063,0.04117,0.04053,0.05303,0.03327,0.04095,0.2076,0.2132,
2.196,0.4202,0.1092,0.09246,0.06729,0.1063,0.04117,0.04052,0.05303,0.03462,0.03959,0.2087,0.2072,
2.196,0.4188,0.1091,0.09238,0.06724,0.106,0.0412,0.04056,0.05307,0.03465,0.03963,0.2088,0.2074,
2.195,0.4211,0.1084,0.09234,0.06729,0.1061,0.04082,0.04049,0.05299,0.03468,0.03966,0.209,0.2082,
2.194,0.4113,0.108,0.09225,0.06722,0.1058,0.04161,0.04018,0.05221,0.03461,0.03958,0.2107,0.2078,
2.194,0.4165,0.108,0.09203,0.0676,0.1055,0.04216,0.03967,0.05223,0.04027,0.03394,0.2108,0.2079,
2.179,0.4392,0.1068,0.09223,0.06694,0.1065,0.04216,0.07104,0.02085,0.04027,0.03394,0.2108,0.2086,
2.201,0.4361,0.1065,0.0922,0.06701,0.1064,0.04211,0.07184,0.01996,0.04022,0.04805,0.1975,0.2083,
2.199,0.4168,0.1059,0.09221,0.06717,0.1055,0.04213,0.07243,0.0194,0.04024,0.04807,0.1985,0.2084,
2.196,0.4143,0.1058,0.09233,0.06729,0.1051,0.04038,0.07277,0.01888,0.04025,0.04809,0.1986,0.2105,
2.196,0.4214,0.1046,0.09245,0.06746,0.1055,0.04041,0.07283,0.01942,0.04419,0.04369,0.1988,0.2107,
2.196,0.3825,0.1045,0.09256,0.06753,0.1044,0.04041,0.07284,0.01993,0.04366,0.04369,0.1998,0.2107,
2.195,0.3838,0.1038,0.09289,0.0677,0.1036,0.04046,0.07347,0.01943,0.04372,0.04374,0.2001,0.211,
2.195,0.4053,0.1036,0.09282,0.06769,0.1035,0.04042,0.0734,0.01941,0.04367,0.0437,0.2009,0.2108,
2.194,0.4035,0.103,0.09286,0.06778,0.1031,0.04041,0.07339,0.01941,0.04491,0.04246,0.2019,0.2108,
2.195,0.4088,0.1062,0.09264,0.06791,0.1027,0.03972,0.07334,0.01938,0.04488,0.04242,0.2028,0.2081,
2.195,0.3729,0.106,0.0927,0.06811,0.1023,0.03974,0.07338,0.01939,0.0449,0.04244,0.2029,0.2082,
2.195,0.3974,0.105,0.09281,0.06823,0.1025,0.03971,0.07333,0.02015,0.04409,0.04241,0.2038,0.208,
2.195,0.3871,0.1048,0.09292,0.0683,0.1025,0.03971,0.07333,0.02015,0.04497,0.04153,0.2038,0.208,
2.195,0.3588,0.1045,0.09301,0.06814,0.1026,0.03973,0.07336,0.02016,0.04568,0.04085,0.2039,0.2081,
2.194,0.3595,0.1018,0.09301,0.06827,0.1045,0.0397,0.07332,0.02013,0.04565,0.04082,0.2048,0.208,
2.193,0.3685,0.1017,0.09306,0.06832,0.1045,0.03859,0.07332,0.02066,0.04512,0.04082,0.2048,0.2091,
2.192,0.3708,0.1017,0.0928,0.06873,0.1029,0.03862,0.07337,0.02068,0.04616,0.03985,0.2059,0.2093,
2.187,0.351,0.1012,0.09258,0.06883,0.1028,0.03793,0.07574,0.01825,0.04613,0.03982,0.2068,0.2098,
2.185,0.3504,0.1004,0.09277,0.06889,0.1029,0.0373,0.07634,0.01774,0.04617,0.03986,0.207,0.2107,
2.184,0.3578,0.1026,0.09262,0.06886,0.1028,0.03555,0.07599,0.01881,0.04504,0.03982,0.2078,0.21,
2.183,0.3633,0.1026,0.09251,0.06887,0.1023,0.03605,0.07541,0.01878,0.04501,0.03979,0.2088,0.2099,
2.182,0.3535,0.102,0.09274,0.06888,0.1024,0.03586,0.07499,0.01879,0.04503,0.0398,0.2088,0.2107,
2.183,0.3576,0.102,0.09245,0.06933,0.102,0.03667,0.07422,0.0188,0.04505,0.03982,0.2089,0.2108,
2.171,0.3657,0.1019,0.09252,0.06933,0.102,0.08397,0.02661,0.01801,0.04591,0.03896,0.2089,0.2119,
2.172,0.3567,0.1014,0.09229,0.06939,0.1021,0.08405,0.0272,0.01834,0.04506,0.039,0.2091,0.2121,
2.172,0.365,0.1034,0.09218,0.06933,0.102,0.084,0.02718,0.01833,0.04806,0.03595,0.21,0.2096,
2.171,0.3524,0.1032,0.0921,0.06967,0.1013,0.08296,0.02721,0.01835,0.04899,0.03509,0.2102,0.2109,
2.17,0.3433,0.1029,0.09199,0.06984,0.1013,0.08353,0.02669,0.01836,0.04895,0.03509,0.2103,0.2109,
2.168,0.3454,0.1028,0.09193,0.06852,0.1013,0.08287,0.02669,0.01836,0.04895,0.03509,0.2103,0.2132,
2.168,0.3505,0.1054,0.09175,0.067,0.1012,0.08278,0.02719,0.01904,0.04879,0.03393,0.2112,0.2117,
2.173,0.353,0.1046,0.09156,0.06628,0.1021,0.08276,0.02718,0.01903,0.04877,0.0373,0.2088,0.2116,
2.172,0.3559,0.1026,0.09141,0.06642,0.1035,0.08217,0.02721,0.01905,0.0499,0.03625,0.209,0.2125,
2.17,0.3727,0.1025,0.09147,0.06595,0.1031,0.08274,0.02669,0.01906,0.05101,0.03518,0.2091,0.2132,
2.171,0.3629,0.1059,0.09123,0.06592,0.1026,0.08313,0.02611,0.01901,0.05092,0.03512,0.2108,0.2093,
2.178,0.3518,0.1056,0.09115,0.06445,0.1021,0.08262,0.02598,0.01886,0.05071,0.04134,0.2053,0.2119,
2.18,0.3576,0.1051,0.0917,0.06471,0.1009,0.08273,0.02601,0.02135,0.04942,0.0403,0.2055,0.2122,
2.177,0.3586,0.1065,0.0914,0.06389,0.1001,0.08288,0.02609,0.02065,0.05089,0.03849,0.2089,0.2101,
2.176,0.3513,0.1065,0.09136,0.06399,0.1001,0.08222,0.02609,0.02065,0.05089,0.03849,0.2089,0.2108,
2.175,0.3487,0.1062,0.09167,0.06399,0.1001,0.08103,0.02595,0.02065,0.05089,0.03849,0.2089,0.2121,
2.172,0.3493,0.1054,0.09207,0.06253,0.09978,0.07978,0.02598,0.02067,0.05094,0.03853,0.2091,0.2152,
2.173,0.3481,0.1065,0.09213,0.06249,0.1008,0.07973,0.02596,0.02065,0.05091,0.0385,0.21,0.2123,
2.171,0.3526,0.1065,0.09201,0.06262,0.1008,0.07796,0.02596,0.02065,0.05091,0.0385,0.21,0.214,
2.179,0.3504,0.109,0.09203,0.0625,0.1001,0.07665,0.02596,0.02064,0.05092,0.04322,0.2064,0.2127,
2.178,0.3485,0.109,0.09167,0.06286,0.1001,0.07707,0.02607,0.02011,0.05092,0.04322,0.2064,0.2127,
2.179,0.3424,0.1111,0.09184,0.06279,0.09997,0.07699,0.02604,0.02009,0.05086,0.04317,0.2072,0.2099,
2.18,0.3421,0.1109,0.09172,0.06314,0.09997,0.07699,0.02604,0.02009,0.05086,0.04317,0.2072,0.2099,
2.179,0.3402,0.1096,0.09099,0.06369,0.1003,0.07647,0.02609,0.02012,0.05095,0.04325,0.2076,0.211,
2.177,0.3446,0.1096,0.09121,0.06386,0.09891,0.07459,0.02612,0.02013,0.05157,0.04277,0.2079,0.2133,
2.177,0.3484,0.1082,0.09145,0.06393,0.09996,0.07459,0.02612,0.02013,0.05157,0.04277,0.2079,0.2133,
2.161,0.3442,0.1115,0.09146,0.06395,0.09951,0.08679,0.01385,0.02064,0.05226,0.04147,0.2089,0.2097,
2.161,0.3578,0.1112,0.09145,0.06393,0.0994,0.08604,0.01384,0.02115,0.05168,0.04143,0.2097,0.2102,
2.167,0.3367,0.1111,0.09128,0.06407,0.09895,0.0864,0.0134,0.02201,0.05162,0.04516,0.206,0.2101,
2.166,0.3458,0.111,0.0912,0.06427,0.09895,0.08574,0.0134,0.02201,0.05285,0.04392,0.206,0.2107,
2.167,0.3479,0.1125,0.09128,0.06423,0.09902,0.08503,0.01339,0.02199,0.05282,0.0439,0.2069,0.2089,
2.164,0.3452,0.1125,0.09126,0.06443,0.09862,0.08242,0.0134,0.022,0.05284,0.04392,0.207,0.2116,
2.164,0.3465,0.1122,0.09139,0.06455,0.09862,0.08242,0.0134,0.022,0.05443,0.04233,0.207,0.2116,
2.161,0.3507,0.1129,0.09147,0.06472,0.09741,0.08244,0.0134,0.022,0.06045,0.03631,0.2081,0.2108,
2.161,0.3654,0.1129,0.09144,0.06487,0.09701,0.08248,0.0134,0.02201,0.06048,0.03633,0.2082,0.2109,
2.162,0.3428,0.1134,0.09159,0.06489,0.09695,0.08243,0.0134,0.022,0.06044,0.03631,0.2091,0.2096,
2.161,0.3436,0.1128,0.09136,0.06514,0.0965,0.08241,0.01339,0.02199,0.06043,0.0363,0.2101,0.2095,
2.168,0.3427,0.1125,0.09129,0.06515,0.09573,0.08243,0.01339,0.02199,0.06044,0.04097,0.2065,0.2096,
2.167,0.3395,0.1125,0.09122,0.06536,0.09533,0.08114,0.0134,0.022,0.06046,0.04099,0.2066,0.211,
2.167,0.3609,0.1101,0.09163,0.06559,0.09652,0.08119,0.01341,0.02201,0.06105,0.04049,0.2068,0.2112,
2.168,0.3312,0.1121,0.09195,0.06577,0.09567,0.08117,0.0134,0.02268,0.06035,0.04048,0.2078,0.2086,
2.164,0.3432,0.1107,0.09187,0.06579,0.09653,0.0791,0.01245,0.0227,0.06093,0.03998,0.208,0.2119,
2.164,0.3394,0.1111,0.09166,0.06598,0.09673,0.07857,0.01673,0.01843,0.06044,0.04,0.2092,0.2112,
2.164,0.3355,0.1131,0.0917,0.06594,0.09684,0.0779,0.01673,0.01842,0.06318,0.03724,0.2102,0.2088,
2.162,0.3398,0.1128,0.09206,0.06597,0.09647,0.07638,0.01674,0.01843,0.06321,0.03726,0.2103,0.2104,
2.162,0.3339,0.107,0.09191,0.06625,0.1019,0.0753,0.01744,0.01772,0.06323,0.03727,0.2104,0.2116,
2.175,0.3334,0.1128,0.09178,0.06637,0.1014,0.07526,0.01743,0.01771,0.0632,0.04312,0.2054,0.2055,
2.173,0.3317,0.1117,0.09188,0.06661,0.1019,0.07391,0.01744,0.01772,0.06375,0.0426,0.2055,0.207,
2.172,0.3381,0.1103,0.09148,0.06709,0.1026,0.07248,0.01743,0.01824,0.06319,0.04258,0.2064,0.2083,
2.169,0.341,0.1101,0.09099,0.06626,0.1014,0.07119,0.01745,0.01826,0.06327,0.04264,0.2067,0.2118,
2.162,0.3593,0.1101,0.09083,0.06649,0.101,0.07128,0.0152,0.01827,0.06418,0.04177,0.2068,0.2141,
2.162,0.3383,0.112,0.09088,0.06663,0.1009,0.06987,0.01518,0.01825,0.06412,0.04173,0.2076,0.2129,
2.162,0.3375,0.1131,0.09077,0.06664,0.1004,0.06983,0.01517,0.01824,0.06408,0.0417,0.2085,0.2115,
2.161,0.3356,0.1143,0.09086,0.06657,0.09986,0.06958,0.01461,0.01908,0.06442,0.04029,0.2103,0.2101,
2.16,0.3137,0.1143,0.0907,0.06673,0.09986,0.06958,0.01461,0.01908,0.06585,0.03886,0.2103,0.2101,
2.164,0.3175,0.1143,0.0906,0.06673,0.09938,0.06954,0.01619,0.01748,0.06634,0.04119,0.2083,0.21,
2.163,0.3147,0.1131,0.09043,0.06716,0.09973,0.06805,0.0162,0.01749,0.0664,0.04122,0.2085,0.2117,
2.163,0.3297,0.113,0.09043,0.06735,0.09933,0.06861,0.01568,0.01874,0.06519,0.04124,0.2086,0.2118,
2.179,0.3527,0.1169,0.0901,0.06765,0.09823,0.06868,0.01622,0.04676,0.03667,0.04127,0.2099,0.2077,
2.171,0.3401,0.1167,0.09014,0.06768,0.09734,0.06801,0.01621,0.0587,0.02471,0.04126,0.2109,0.2083,
2.168,0.3463,0.1167,0.09001,0.06781,0.09734,0.06602,0.01621,0.05912,0.02429,0.04126,0.2109,0.2103,
2.168,0.3464,0.1163,0.09011,0.06784,0.09738,0.06605,0.01622,0.05957,0.02387,0.04128,0.211,0.2104,
2.18,0.3414,0.121,0.08995,0.0678,0.09718,0.06481,0.01672,0.05892,0.02382,0.04857,0.2052,0.206,
2.183,0.3503,0.1206,0.08972,0.06748,0.09731,0.06489,0.01674,0.059,0.02845,0.04405,0.2055,0.2062,
2.18,0.3578,0.1199,0.08952,0.06762,0.0965,0.06288,0.01673,0.05898,0.03129,0.04118,0.2065,0.2089,
2.172,0.3418,0.1182,0.09004,0.06766,0.09766,0.06838,0.01123,0.05951,0.03129,0.04065,0.2065,0.2089,
2.168,0.3381,0.1178,0.09017,0.06766,0.09756,0.0661,0.01122,0.05998,0.03072,0.04061,0.2073,0.2109,
2.167,0.3447,0.117,0.08989,0.0675,0.09744,0.06655,0.0112,0.05937,0.03069,0.04056,0.2092,0.2106,
2.164,0.3377,0.1163,0.08948,0.06741,0.09728,0.06452,0.01122,0.05949,0.03075,0.04065,0.2096,0.2132,
2.163,0.4344,0.1182,0.08925,0.06745,0.09726,0.06296,0.01122,0.05948,0.03072,0.04063,0.2106,0.2122,
2.163,0.4367,0.1181,0.08921,0.06755,0.09726,0.06296,0.01122,0.05948,0.03072,0.04063,0.2106,0.2122,
2.164,0.4402,0.1179,0.08932,0.06767,0.09726,0.06296,0.01178,0.05892,0.03072,0.04063,0.2106,0.2122,
2.165,0.412,0.1187,0.08876,0.06765,0.09715,0.06246,0.01166,0.06215,0.02814,0.04264,0.2095,0.2111,
2.165,0.3079,0.1188,0.08826,0.06789,0.09681,0.06252,0.01167,0.06221,0.02816,0.04268,0.2097,0.2113,
2.161,0.2765,0.117,0.08844,0.06808,0.09769,0.0593,0.01168,0.06269,0.02882,0.04166,0.2099,0.2148,
2.158,0.2757,0.1167,0.08859,0.06837,0.0962,0.05678,0.0117,0.06281,0.02977,0.04086,0.2104,0.2179,
2.155,0.2869,0.1157,0.08913,0.06845,0.09624,0.05502,0.0117,0.06398,0.02865,0.04087,0.2105,0.2198,
2.154,0.2819,0.1174,0.08908,0.06851,0.09714,0.05304,0.01213,0.06464,0.02811,0.04035,0.2116,0.218,
2.168,0.2729,0.1239,0.0886,0.06846,0.0966,0.0508,0.01212,0.06499,0.02854,0.04883,0.204,0.2131,
2.168,0.2863,0.123,0.0887,0.06869,0.09669,0.05085,0.01213,0.06505,0.02857,0.04887,0.2042,0.2133,
2.169,0.2705,0.1205,0.08864,0.06889,0.09847,0.0509,0.01214,0.06511,0.02858,0.04891,0.2043,0.2135,
2.17,0.2733,0.1217,0.08851,0.06905,0.09837,0.05084,0.01213,0.06504,0.03006,0.04735,0.2052,0.2118,
2.169,0.2758,0.1214,0.08866,0.06917,0.09837,0.04973,0.01213,0.06504,0.03108,0.04633,0.2052,0.2129,
2.169,0.2869,0.1212,0.08885,0.06919,0.09837,0.04973,0.01266,0.06504,0.03055,0.04633,0.2052,0.2129,
2.17,0.2872,0.1193,0.08901,0.06942,0.09935,0.04976,0.013,0.06474,0.03057,0.04636,0.2053,0.2131,
2.17,0.3872,0.1174,0.08967,0.06964,0.09984,0.04981,0.01301,0.06533,0.03006,0.0464,0.2055,0.2133,
2.17,0.3397,0.1184,0.08956,0.0698,0.09934,0.05088,0.01244,0.06476,0.03005,0.04638,0.2064,0.212,
2.169,0.3172,0.1177,0.08991,0.06981,0.09938,0.05091,0.01244,0.06532,0.02953,0.0464,0.2065,0.2121,
2.168,0.3205,0.1176,0.08991,0.07002,0.09905,0.05025,0.01244,0.06534,0.02953,0.04641,0.2066,0.2128,
2.164,0.2976,0.1198,0.08984,0.06998,0.09857,0.05022,0.01243,0.07044,0.02437,0.04638,0.2075,0.2104,
2.164,0.3182,0.1198,0.08962,0.07032,0.09819,0.05025,0.01243,0.07048,0.02438,0.0464,0.2076,0.2105,
2.163,0.3225,0.1198,0.08908,0.07058,0.09788,0.0496,0.01259,0.06997,0.025,0.04585,0.2078,0.2118,
2.162,0.2972,0.1187,0.08917,0.07067,0.09783,0.05016,0.01202,0.07049,0.025,0.04531,0.2088,0.2118,
2.16,0.3035,0.1185,0.08918,0.07094,0.09783,0.04949,0.01202,0.07316,0.02703,0.04061,0.2088,0.2125,
2.163,0.3238,0.1182,0.08901,0.07142,0.09783,0.04949,0.01244,0.07273,0.03435,0.03329,0.2088,0.2125,
2.163,0.3267,0.1078,0.08876,0.07131,0.1084,0.04934,0.0124,0.07251,0.03424,0.03318,0.2113,0.2107,
2.16,0.3138,0.1065,0.08922,0.06954,0.1083,0.0494,0.01241,0.07259,0.03553,0.03198,0.2116,0.2129,
2.159,0.3035,0.1064,0.08948,0.06957,0.1079,0.04942,0.01242,0.07384,0.03432,0.03199,0.2117,0.213,
2.16,0.296,0.1062,0.0895,0.06984,0.1075,0.04944,0.01242,0.07388,0.03434,0.03201,0.2118,0.2131,
2.178,0.2929,0.1065,0.0886,0.07046,0.106,0.05312,0.008845,0.07453,0.03599,0.04438,0.1987,0.2129,
2.177,0.2936,0.1089,0.08859,0.07047,0.1059,0.05293,0.008303,0.07446,0.03596,0.04434,0.1995,0.2107,
2.177,0.298,0.1085,0.08858,0.07089,0.1047,0.05302,0.008318,0.0753,0.03584,0.04388,0.1998,0.2111,
2.174,0.3126,0.1061,0.08933,0.07091,0.1042,0.05188,0.008655,0.07492,0.03583,0.04386,0.2007,0.2136,
2.175,0.3072,0.1061,0.08914,0.07115,0.1038,0.05191,0.008659,0.07495,0.04141,0.03829,0.2008,0.2137,
2.176,0.3196,0.1085,0.08886,0.07127,0.1035,0.05189,0.008648,0.07493,0.0414,0.03825,0.2018,0.211,
2.176,0.3174,0.1073,0.0889,0.07131,0.1046,0.05223,0.008876,0.07436,0.0414,0.03825,0.2018,0.211,
2.175,0.3448,0.1065,0.08829,0.06998,0.1047,0.05233,0.00932,0.07406,0.04201,0.03772,0.2021,0.213,
2.174,0.325,0.1068,0.08799,0.06948,0.1058,0.05177,0.00918,0.07391,0.0418,0.03773,0.2032,0.2123,
2.173,0.3266,0.1066,0.08782,0.06956,0.1057,0.05172,0.009171,0.07383,0.04176,0.0377,0.204,0.2121,
2.176,0.3287,0.1089,0.0878,0.06961,0.1067,0.05058,0.01004,0.07291,0.04173,0.03766,0.2049,0.2091,
2.171,0.3365,0.1083,0.08739,0.07001,0.1073,0.0479,0.01004,0.07416,0.04048,0.03766,0.2049,0.2118,
2.171,0.3314,0.1082,0.0874,0.07006,0.1073,0.0479,0.01004,0.07416,0.04146,0.03668,0.2049,0.2118,
2.172,0.3324,0.1062,0.08784,0.07021,0.1087,0.0479,0.01047,0.07373,0.04146,0.03668,0.2049,0.2118,
2.171,0.3277,0.1063,0.08779,0.0703,0.1084,0.04792,0.01046,0.07466,0.04057,0.03669,0.205,0.2119,
2.17,0.3268,0.1061,0.08762,0.07044,0.1079,0.04789,0.01046,0.07601,0.03916,0.03667,0.2059,0.2118,
2.17,0.3246,0.1083,0.08735,0.07066,0.1078,0.04673,0.01098,0.07539,0.03912,0.03663,0.2067,0.2103,
2.167,0.3316,0.108,0.08737,0.07084,0.1073,0.04565,0.01099,0.07628,0.04251,0.03248,0.2069,0.2116,
2.165,0.3324,0.1081,0.08734,0.07099,0.1066,0.04457,0.01099,0.07634,0.04308,0.03196,0.2071,0.2129,
2.162,0.3726,0.1082,0.08685,0.06888,0.1059,0.04461,0.011,0.07683,0.04269,0.03199,0.2073,0.2158,
2.162,0.363,0.1078,0.08697,0.06845,0.1056,0.04463,0.01135,0.07652,0.0427,0.03201,0.2074,0.2165,
2.161,0.3705,0.1027,0.0875,0.06835,0.11,0.04412,0.01122,0.07656,0.04272,0.03202,0.2075,0.2173,
2.161,0.375,0.1022,0.08742,0.06832,0.1101,0.04443,0.01139,0.0762,0.04276,0.03205,0.2077,0.2175,
2.163,0.3544,0.1044,0.08765,0.06831,0.1099,0.0444,0.01138,0.07615,0.04274,0.03203,0.2086,0.2145,
2.163,0.3878,0.103,0.0876,0.06836,0.1112,0.0444,0.01138,0.07615,0.04274,0.03203,0.2086,0.2145,
2.161,0.3483,0.1028,0.0878,0.0686,0.1105,0.04332,0.01164,0.07567,0.04277,0.03204,0.2088,0.2161,
2.164,0.3467,0.1077,0.0875,0.06874,0.1104,0.04328,0.01163,0.07559,0.04272,0.03201,0.2096,0.2108,
2.188,0.3686,0.1075,0.0875,0.06871,0.1103,0.04358,0.03562,0.05209,0.04175,0.03197,0.2104,0.2106,
2.188,0.3764,0.1075,0.08686,0.06903,0.1103,0.04359,0.03563,0.05212,0.04177,0.03199,0.2105,0.2107,
2.182,0.3677,0.1096,0.0866,0.06764,0.1099,0.0403,0.03616,0.05157,0.04176,0.03197,0.2115,0.213,
2.182,0.3694,0.1093,0.08684,0.06764,0.1099,0.0403,0.03616,0.052,0.04186,0.03144,0.2115,0.213,
2.178,0.3745,0.1078,0.08694,0.06767,0.1111,0.03808,0.03671,0.05149,0.0426,0.03074,0.2116,0.2153,
2.184,0.4042,0.1098,0.08664,0.06763,0.1108,0.03733,0.06231,0.0257,0.04479,0.03626,0.2054,0.2132,
2.182,0.4052,0.1094,0.08699,0.06776,0.1108,0.03626,0.06205,0.0257,0.04479,0.03626,0.2054,0.2146,
2.183,0.4153,0.109,0.08741,0.06785,0.1105,0.03628,0.06207,0.02614,0.04437,0.03627,0.2055,0.2147,
2.178,0.4304,0.1085,0.08757,0.06729,0.1102,0.0343,0.06269,0.02601,0.04398,0.03629,0.2057,0.2175,
2.178,0.4098,0.1081,0.08753,0.06754,0.1101,0.03431,0.06272,0.02602,0.044,0.03631,0.2058,0.2176,
2.177,0.4043,0.1081,0.08739,0.06768,0.1101,0.03364,0.06272,0.02702,0.043,0.03631,0.2058,0.2183,
2.175,0.4059,0.1078,0.08755,0.06774,0.1101,0.0327,0.06265,0.02693,0.04388,0.03519,0.2058,0.2196,
2.175,0.4155,0.1077,0.08793,0.06796,0.1085,0.03276,0.06276,0.02698,0.04396,0.03525,0.2062,0.22,
2.173,0.4217,0.1059,0.08816,0.06681,0.1091,0.0328,0.06285,0.02701,0.04527,0.03404,0.2065,0.2216,
2.172,0.4178,0.1092,0.08773,0.06696,0.1088,0.03147,0.06287,0.02702,0.04528,0.03405,0.2075,0.219,
2.174,0.4182,0.1119,0.08787,0.06697,0.1084,0.03171,0.06253,0.02699,0.04525,0.03402,0.2085,0.2159,
2.173,0.4109,0.1157,0.08668,0.06692,0.108,0.03161,0.06233,0.0269,0.04637,0.03263,0.212,0.2109,
2.174,0.4134,0.1145,0.08681,0.06696,0.109,0.03195,0.06198,0.0269,0.04637,0.03263,0.212,0.2109,
2.178,0.4272,0.114,0.08683,0.06702,0.1088,0.03193,0.06229,0.02697,0.04645,0.03465,0.2103,0.2107,
2.176,0.4208,0.1117,0.08676,0.06721,0.1098,0.03126,0.06229,0.02697,0.04743,0.03367,0.2103,0.2125,
2.175,0.422,0.1118,0.08685,0.06734,0.1087,0.03131,0.06291,0.02647,0.04749,0.03371,0.2106,0.2128,
2.17,0.4326,0.1077,0.08651,0.06766,0.112,0.03102,0.06338,0.02578,0.05393,0.02738,0.2109,0.2138,
2.173,0.4388,0.1081,0.08627,0.06756,0.1109,0.03096,0.0636,0.02539,0.05383,0.02946,0.2115,0.2124,
2.172,0.4413,0.108,0.08654,0.06757,0.1091,0.03105,0.06377,0.02546,0.05487,0.02863,0.2121,0.2129,
2.191,0.4276,0.1076,0.08654,0.06753,0.1084,0.031,0.06367,0.02542,0.05478,0.03972,0.2027,0.2126,
2.189,0.428,0.108,0.0858,0.06782,0.1074,0.03054,0.06329,0.02607,0.05429,0.03921,0.205,0.2126,
2.188,0.4203,0.1069,0.08584,0.06786,0.1078,0.03052,0.06325,0.02606,0.05524,0.0382,0.2059,0.2125,
2.186,0.4347,0.1057,0.08586,0.06791,0.1083,0.0305,0.06401,0.02524,0.05521,0.03818,0.2068,0.2123,
2.184,0.4282,0.1043,0.08579,0.06788,0.109,0.03016,0.06381,0.02511,0.05499,0.03796,0.2084,0.2126,
2.184,0.431,0.1043,0.08583,0.06797,0.1086,0.03018,0.06438,0.02458,0.05501,0.03797,0.2085,0.2127,
2.182,0.4342,0.1022,0.08624,0.06795,0.1099,0.03015,0.06484,0.02402,0.05495,0.03793,0.2094,0.2124,
2.183,0.428,0.1018,0.08635,0.0682,0.1099,0.0306,0.06473,0.02368,0.05495,0.03793,0.2094,0.2124,
2.18,0.4266,0.1014,0.08656,0.06837,0.1099,0.02949,0.06473,0.02368,0.05495,0.03793,0.2094,0.2136,
2.172,0.4484,0.1064,0.08635,0.06828,0.1093,0.07401,0.01992,0.0236,0.0548,0.03782,0.2119,0.2076,
2.179,0.3761,0.106,0.08636,0.06822,0.1091,0.07397,0.01991,0.02359,0.05476,0.04248,0.2082,0.2075,
2.181,0.3793,0.106,0.08628,0.06853,0.1079,0.07406,0.01994,0.02532,0.05312,0.04253,0.2085,0.2078,
2.179,0.3924,0.1059,0.08611,0.06854,0.1078,0.07243,0.01991,0.0253,0.05307,0.04248,0.2093,0.2091,
2.177,0.4005,0.1058,0.0858,0.06877,0.1073,0.07292,0.01937,0.02528,0.055,0.04049,0.2102,0.209,
2.177,0.4038,0.1056,0.08543,0.06872,0.1074,0.07299,0.01939,0.02531,0.05505,0.04053,0.2104,0.2092,
2.173,0.3984,0.1053,0.08549,0.06871,0.107,0.07071,0.01935,0.02527,0.05501,0.04049,0.2113,0.2113,
2.173,0.4066,0.1054,0.08552,0.06874,0.1067,0.07128,0.01883,0.026,0.0553,0.03952,0.2114,0.2114,
2.172,0.4133,0.1054,0.08534,0.06892,0.1067,0.07017,0.01883,0.026,0.0553,0.03952,0.2114,0.2125,
2.171,0.4114,0.1054,0.08528,0.06898,0.1067,0.0707,0.01951,0.02478,0.05639,0.03843,0.2114,0.2125,
2.171,0.4138,0.1048,0.08535,0.06935,0.1065,0.07073,0.02026,0.02405,0.0581,0.03676,0.2115,0.2126,
2.176,0.4102,0.1057,0.08522,0.06934,0.1059,0.07062,0.02091,0.02411,0.05723,0.03993,0.21,0.211,
2.189,0.4024,0.1053,0.08485,0.06924,0.1052,0.07083,0.02115,0.02356,0.05718,0.04904,0.2028,0.2108,
2.189,0.4092,0.105,0.08511,0.06929,0.1038,0.07098,0.02118,0.02438,0.05652,0.04913,0.2033,0.2113,
2.189,0.4101,0.1047,0.08553,0.06932,0.1034,0.07102,0.02119,0.02439,0.05752,0.04817,0.2034,0.2114,
2.189,0.4087,0.1045,0.08536,0.0693,0.1035,0.07105,0.0212,0.02494,0.0579,0.0473,0.2035,0.2115,
2.189,0.408,0.1046,0.08533,0.0694,0.1031,0.07108,0.02121,0.02495,0.05848,0.04677,0.2036,0.2116,
2.187,0.4066,0.1046,0.08528,0.0695,0.1027,0.06911,0.02122,0.02496,0.05851,0.04678,0.2036,0.2137,
2.187,0.4112,0.1047,0.08522,0.06962,0.1024,0.06913,0.02155,0.02462,0.05853,0.04679,0.2037,0.2138,
2.188,0.41,0.1071,0.08519,0.06961,0.1023,0.06906,0.02153,0.02459,0.05847,0.04674,0.2045,0.2109,
2.187,0.4251,0.107,0.08485,0.06983,0.1019,0.06902,0.02152,0.02458,0.05941,0.04574,0.2054,0.2107,
2.186,0.4313,0.1067,0.08461,0.06987,0.1014,0.06901,0.02152,0.02457,0.06082,0.04431,0.2064,0.2107,
2.183,0.424,0.1064,0.08459,0.06993,0.1013,0.06694,0.02149,0.02455,0.06207,0.04296,0.2073,0.2125,
2.184,0.4492,0.1062,0.08459,0.07008,0.1013,0.06694,0.02149,0.02533,0.06128,0.04296,0.2073,0.2125,
2.183,0.4234,0.1042,0.08506,0.07028,0.1019,0.067,0.02089,0.02668,0.06005,0.04301,0.2075,0.2134,
2.183,0.4121,0.1041,0.08501,0.07039,0.1019,0.067,0.02142,0.02615,0.06005,0.04301,0.2075,0.2134,
2.184,0.4296,0.1121,0.0849,0.07037,0.1007,0.06516,0.02132,0.02767,0.06431,0.03688,0.2095,0.2071,
2.183,0.4123,0.1077,0.08465,0.07032,0.1044,0.06515,0.02132,0.02766,0.0643,0.03688,0.2105,0.2071,
2.183,0.416,0.1063,0.08505,0.07054,0.1047,0.06521,0.02134,0.02769,0.06436,0.03691,0.2107,0.2073,
2.181,0.4209,0.1059,0.08492,0.07075,0.1046,0.06514,0.03324,0.01627,0.06376,0.03687,0.2115,0.2071,
2.178,0.4284,0.106,0.08475,0.07104,0.1038,0.0639,0.03364,0.01555,0.06356,0.0369,0.2117,0.2091,
2.176,0.4291,0.1057,0.08489,0.07107,0.1033,0.06461,0.03131,0.0165,0.0631,0.03737,0.2116,0.2106,
2.176,0.4288,0.1057,0.08489,0.07107,0.1033,0.06461,0.03188,0.01593,0.0631,0.03737,0.2116,0.2106,
2.175,0.433,0.1053,0.08517,0.07112,0.1033,0.06395,0.03188,0.01593,0.06399,0.03648,0.2116,0.2112,
2.172,0.4386,0.105,0.08551,0.07115,0.1031,0.06287,0.03252,0.01531,0.06588,0.03463,0.2117,0.2124,
2.172,0.4541,0.105,0.08527,0.07142,0.1024,0.06292,0.03255,0.01533,0.06594,0.03466,0.2119,0.2126,
2.186,0.4415,0.1098,0.08518,0.07148,0.1017,0.06227,0.03198,0.01531,0.06692,0.04189,0.2053,0.2081,
2.186,0.4458,0.1092,0.08492,0.07165,0.1015,0.06226,0.03197,0.01602,0.06749,0.04059,0.2063,0.2081,
2.185,0.4372,0.1088,0.08509,0.07172,0.101,0.06222,0.03195,0.01601,0.06745,0.04057,0.2073,0.208,
2.186,0.4487,0.1069,0.08491,0.07196,0.1018,0.06278,0.03143,0.01733,0.06617,0.04059,0.2073,0.2087,
2.186,0.4405,0.1067,0.08499,0.07206,0.1018,0.06278,0.03143,0.01733,0.06617,0.04059,0.2073,0.2087,
2.185,0.4414,0.1065,0.08483,0.07194,0.1016,0.06265,0.0319,0.01676,0.06603,0.0405,0.209,0.2083,
2.184,0.4429,0.106,0.0851,0.07201,0.1008,0.06264,0.0319,0.01676,0.06602,0.04049,0.21,0.2083,
2.182,0.4431,0.1058,0.08498,0.07201,0.1007,0.06258,0.03186,0.01674,0.06852,0.03787,0.2108,0.2081,
2.18,0.446,0.1056,0.08484,0.07207,0.1008,0.06261,0.03241,0.01622,0.0713,0.03515,0.2109,0.2082,
2.197,0.4367,0.1048,0.08451,0.07227,0.101,0.06211,0.03228,0.01606,0.07108,0.04688,0.1999,0.2091,
2.194,0.4407,0.1046,0.08434,0.07235,0.1004,0.06144,0.03459,0.01374,0.07107,0.04687,0.2008,0.2098,
2.192,0.4388,0.1045,0.08407,0.07118,0.1003,0.06006,0.03456,0.01495,0.06977,0.04682,0.2016,0.2122,
2.191,0.4251,0.1035,0.08429,0.0714,0.1,0.06013,0.03522,0.01434,0.0704,0.04635,0.2019,0.2125,
2.191,0.421,0.1032,0.08416,0.07166,0.09964,0.06018,0.03525,0.01435,0.07046,0.04639,0.2021,0.2126,
2.191,0.4295,0.1019,0.08429,0.07171,0.1008,0.06018,0.03525,0.01435,0.07046,0.04639,0.2021,0.2126,
2.194,0.4228,0.1041,0.08464,0.07166,0.1011,0.06015,0.03523,0.01477,0.06999,0.04636,0.203,0.2089,
2.192,0.4142,0.1039,0.08438,0.07171,0.101,0.06039,0.03494,0.01476,0.07119,0.0451,0.2039,0.2088,
2.182,0.3829,0.1035,0.08403,0.07182,0.1009,0.07238,0.02289,0.01475,0.07115,0.04507,0.2048,0.2087,
2.2,0.4115,0.1024,0.08382,0.07202,0.1017,0.07131,0.0229,0.04667,0.03927,0.04508,0.2049,0.2099,
2.199,0.4127,0.1021,0.08392,0.07195,0.1016,0.07085,0.02303,0.04681,0.03862,0.04504,0.2057,0.2103,
2.193,0.4048,0.102,0.08388,0.07215,0.1014,0.06698,0.02251,0.04683,0.03863,0.04506,0.2058,0.2149,
2.193,0.4062,0.1017,0.08368,0.07231,0.1014,0.06701,0.02252,0.04685,0.03865,0.04508,0.2059,0.215,
2.19,0.4026,0.1018,0.08375,0.07245,0.1002,0.06631,0.02148,0.04678,0.03994,0.0439,0.2062,0.2172,
2.181,0.416,0.1016,0.08352,0.0726,0.1002,0.06368,0.02149,0.05869,0.02807,0.04391,0.2062,0.22,
2.176,0.4231,0.09916,0.0833,0.07283,0.1011,0.06222,0.02096,0.0594,0.02736,0.04391,0.2062,0.2235,
2.176,0.4255,0.09916,0.08336,0.07225,0.1004,0.06226,0.02159,0.05882,0.02737,0.04393,0.2064,0.2244,
2.176,0.3953,0.09893,0.08346,0.07225,0.1011,0.06223,0.02157,0.05931,0.02682,0.0439,0.2073,0.223,
2.174,0.3944,0.09883,0.08353,0.07146,0.1011,0.06223,0.02104,0.05918,0.02682,0.0439,0.2073,0.2245,
2.172,0.4056,0.1001,0.08337,0.07159,0.101,0.0627,0.02049,0.06121,0.02471,0.04385,0.2082,0.2228,
2.172,0.4185,0.102,0.08325,0.07169,0.09971,0.06162,0.02137,0.06035,0.02525,0.04334,0.2094,0.2221,
2.176,0.4094,0.1051,0.08279,0.07181,0.09929,0.06161,0.02137,0.06034,0.03132,0.03725,0.2104,0.2187,
2.177,0.4111,0.1046,0.08331,0.07181,0.09929,0.06161,0.02137,0.06034,0.03221,0.03637,0.2104,0.2187,
2.175,0.4292,0.104,0.08345,0.07185,0.09916,0.06055,0.02137,0.06039,0.03223,0.03639,0.2106,0.22,
2.174,0.4297,0.104,0.08332,0.07052,0.09916,0.06055,0.02199,0.05976,0.03223,0.03639,0.2106,0.2215,
2.174,0.4221,0.104,0.08332,0.07056,0.09916,0.06055,0.02199,0.05976,0.03223,0.03639,0.2106,0.2215,
2.174,0.4189,0.1039,0.08329,0.07067,0.09916,0.06082,0.02172,0.05976,0.03276,0.03586,0.2106,0.2215,
2.174,0.4258,0.1056,0.08282,0.07113,0.09869,0.06014,0.02172,0.05975,0.03275,0.03585,0.2116,0.22,
2.191,0.4103,0.1111,0.08277,0.07098,0.09839,0.05996,0.02165,0.05957,0.03265,0.04465,0.2051,0.2132,
2.191,0.4107,0.111,0.0828,0.07106,0.09839,0.05996,0.02165,0.05999,0.03223,0.04465,0.2051,0.2132,
2.191,0.4108,0.1099,0.08335,0.0712,0.09853,0.05932,0.02166,0.06002,0.03384,0.04308,0.2052,0.214,
2.19,0.4091,0.1098,0.08332,0.07135,0.0982,0.05934,0.02166,0.06161,0.03318,0.04219,0.2053,0.2141,
2.19,0.4084,0.1098,0.08332,0.07143,0.09786,0.05936,0.02167,0.06164,0.03445,0.04094,0.2054,0.2141,
2.191,0.4148,0.1142,0.08349,0.07152,0.09776,0.05917,0.02111,0.06157,0.0353,0.04002,0.2062,0.2097,
2.189,0.387,0.1139,0.0835,0.07167,0.09694,0.0585,0.02111,0.06277,0.0341,0.04001,0.2072,0.2103,
2.189,0.4031,0.1139,0.08334,0.07192,0.09656,0.05853,0.02112,0.06279,0.03493,0.0392,0.2073,0.2104,
