entropy,entropyInd,RabA,RabB,RabC,RabD,RabE,RabF,RabG,RabH,RabI,xER,xPM,
2.178,0.3355,0.106,0.0907,0.0685,0.1252,0.05449,0.03938,0.03062,0.03407,0.03502,0.2066,0.2094,
2.176,0.3341,0.106,0.09074,0.06852,0.1248,0.05328,0.03908,0.03063,0.03408,0.03503,0.2067,0.211,
2.176,0.3366,0.1074,0.09069,0.06848,0.1243,0.05325,0.03906,0.0306,0.03405,0.03501,0.2077,0.2095,
2.174,0.3436,0.1075,0.09072,0.0685,0.124,0.05172,0.03908,0.03062,0.03407,0.03502,0.2077,0.2111,
2.174,0.3433,0.1075,0.09072,0.0685,0.124,0.05172,0.03908,0.03062,0.03407,0.03502,0.2077,0.2111,
2.173,0.3473,0.1073,0.09065,0.06852,0.1237,0.05111,0.03911,0.03064,0.03409,0.03504,0.2079,0.2119,
2.173,0.3509,0.1073,0.09065,0.06852,0.1237,0.05111,0.03911,0.03064,0.03409,0.03504,0.2079,0.2119,
2.171,0.3488,0.107,0.09073,0.06674,0.1234,0.05115,0.03914,0.03066,0.03412,0.03507,0.2081,0.214,
2.17,0.3407,0.1068,0.08986,0.06679,0.1235,0.05122,0.03919,0.0307,0.03416,0.03512,0.2084,0.2142,
2.17,0.3384,0.107,0.08967,0.0668,0.1224,0.05122,0.03919,0.0307,0.03416,0.03511,0.2095,0.2143,
2.177,0.3397,0.1077,0.08952,0.06665,0.1218,0.05003,0.03912,0.03064,0.0341,0.04031,0.206,0.2142,
2.175,0.3332,0.1097,0.08951,0.06664,0.1209,0.04826,0.03912,0.03064,0.0341,0.04031,0.207,0.2138,
2.175,0.3428,0.1114,0.08904,0.06661,0.1209,0.04825,0.03911,0.03063,0.03409,0.0403,0.208,0.2118,
2.173,0.3386,0.111,0.08907,0.06664,0.1209,0.04674,0.03913,0.03065,0.03411,0.04032,0.2081,0.2134,
2.172,0.3266,0.111,0.08907,0.06664,0.1209,0.04607,0.03913,0.03065,0.03411,0.04032,0.2081,0.2141,
2.172,0.329,0.1115,0.08906,0.06662,0.1201,0.04605,0.03912,0.03064,0.0341,0.04028,0.2091,0.2135,
2.171,0.3224,0.1133,0.08896,0.06655,0.1199,0.04548,0.03895,0.03061,0.03406,0.04024,0.2099,0.212,
2.17,0.3126,0.1111,0.08904,0.06661,0.1197,0.04551,0.03898,0.03063,0.03409,0.04026,0.2101,0.2141,
2.17,0.3152,0.1111,0.08907,0.06663,0.1193,0.04552,0.039,0.03064,0.0341,0.04028,0.2102,0.2142,
2.185,0.3115,0.1117,0.08904,0.06661,0.1189,0.04552,0.03899,0.03063,0.03409,0.05004,0.2014,0.213,
2.186,0.3074,0.1154,0.08886,0.06648,0.1187,0.04542,0.03891,0.03057,0.03402,0.04994,0.203,0.2087,
2.186,0.3073,0.1154,0.08886,0.06648,0.1187,0.04542,0.03891,0.03057,0.03402,0.04994,0.203,0.2087,
2.184,0.3303,0.1154,0.08886,0.06538,0.1187,0.045,0.0388,0.03044,0.03402,0.04994,0.203,0.2105,
2.183,0.3084,0.1156,0.08903,0.06484,0.1168,0.0451,0.03888,0.0305,0.03409,0.05004,0.2035,0.2116,
2.185,0.3069,0.1217,0.08918,0.06494,0.1144,0.04451,0.03894,0.03055,0.03414,0.05011,0.2048,0.2067,
2.185,0.3104,0.1215,0.08903,0.06496,0.1145,0.04453,0.03896,0.03056,0.03416,0.05014,0.2049,0.2068,
2.184,0.3247,0.1201,0.08921,0.06492,0.1126,0.04464,0.03906,0.03062,0.03424,0.05025,0.2054,0.2089,
2.181,0.3134,0.1181,0.08918,0.06487,0.1118,0.04396,0.03905,0.03061,0.03423,0.05024,0.2064,0.2115,
2.181,0.3211,0.1179,0.08884,0.06475,0.1119,0.04399,0.03909,0.03064,0.03426,0.05028,0.2066,0.2117,
2.181,0.3133,0.1179,0.08887,0.06479,0.1116,0.04397,0.03911,0.03066,0.03419,0.05022,0.2068,0.2119,
2.179,0.3129,0.1204,0.08877,0.06288,0.1115,0.04392,0.03907,0.03062,0.03416,0.05016,0.2076,0.2109,
2.176,0.3195,0.1204,0.08875,0.06297,0.1115,0.05406,0.02893,0.03245,0.03234,0.05016,0.2076,0.2109,
2.176,0.3285,0.1203,0.0886,0.06313,0.111,0.05411,0.02895,0.03591,0.02945,0.04967,0.2078,0.2111,
2.175,0.3305,0.12,0.08827,0.06252,0.1107,0.05418,0.02899,0.03595,0.02949,0.04973,0.2081,0.212,
2.163,0.3569,0.1217,0.08805,0.06081,0.1106,0.05213,0.04731,0.01756,0.02946,0.04968,0.2089,0.2137,
2.162,0.3699,0.1217,0.08809,0.06088,0.1103,0.05104,0.04733,0.01756,0.03036,0.04881,0.209,0.2149,
2.163,0.3689,0.1245,0.08805,0.06089,0.1098,0.05145,0.04751,0.01688,0.03122,0.04789,0.2099,0.2119,
2.164,0.3547,0.1267,0.08777,0.06108,0.1093,0.05169,0.04721,0.01687,0.0312,0.04786,0.2108,0.2094,
2.164,0.3,0.1267,0.08771,0.06132,0.109,0.05172,0.04757,0.01707,0.03068,0.04787,0.2109,0.2095,
2.161,0.3076,0.1255,0.08766,0.06155,0.11,0.04972,0.04757,0.01707,0.03157,0.04699,0.2109,0.2115,
2.172,0.3062,0.1265,0.08774,0.06163,0.1098,0.0479,0.04752,0.01705,0.03153,0.05657,0.2021,0.2116,
2.173,0.3104,0.1255,0.08749,0.06207,0.1096,0.04797,0.0476,0.01708,0.03158,0.05667,0.2025,0.2119,
2.173,0.3106,0.1255,0.08726,0.0623,0.1096,0.04797,0.0476,0.01708,0.03158,0.05667,0.2025,0.2119,
2.168,0.3006,0.1255,0.08751,0.06018,0.1108,0.04595,0.04757,0.01707,0.03157,0.05663,0.2034,0.2137,
2.168,0.2965,0.125,0.08753,0.06015,0.1103,0.04603,0.04765,0.01709,0.03162,0.05673,0.2038,0.2141,
2.168,0.298,0.1286,0.08758,0.06015,0.1099,0.04534,0.04815,0.01708,0.03106,0.05669,0.2047,0.2109,
2.167,0.2999,0.1272,0.08747,0.06047,0.1088,0.04542,0.04824,0.01711,0.03111,0.05679,0.205,0.2124,
2.168,0.3025,0.1268,0.08757,0.06061,0.1084,0.04546,0.04828,0.01712,0.03114,0.05684,0.2052,0.2125,
2.169,0.3107,0.1284,0.0881,0.06063,0.1083,0.04541,0.04823,0.0171,0.03244,0.05545,0.206,0.2099,
2.17,0.3149,0.1281,0.08807,0.06074,0.1079,0.04472,0.0482,0.01709,0.03923,0.0486,0.2069,0.2105,
2.168,0.3316,0.1276,0.08791,0.06111,0.1079,0.04298,0.04822,0.0171,0.04023,0.04764,0.207,0.2123,
2.169,0.3282,0.1318,0.08789,0.06127,0.1085,0.04229,0.04819,0.01709,0.04242,0.0454,0.2079,0.2073,
2.169,0.3315,0.131,0.08783,0.06149,0.1084,0.04226,0.0485,0.01674,0.04488,0.04288,0.2088,0.2072,
2.167,0.3294,0.1306,0.0879,0.06166,0.1081,0.04163,0.04908,0.01622,0.04492,0.04292,0.209,0.208,
2.167,0.3166,0.1293,0.08783,0.06167,0.109,0.04159,0.04903,0.0162,0.04576,0.04199,0.2099,0.2078,
2.17,0.3227,0.1286,0.08779,0.06203,0.1083,0.04165,0.04911,0.01986,0.04308,0.04116,0.2102,0.2082,
2.17,0.3212,0.1281,0.08798,0.06219,0.1077,0.0417,0.04917,0.01988,0.04313,0.0412,0.2105,0.2084,
2.17,0.3198,0.1279,0.08814,0.06225,0.1077,0.0417,0.04917,0.01988,0.04313,0.0412,0.2105,0.2084,
2.167,0.3211,0.1275,0.08816,0.06234,0.1076,0.0402,0.04912,0.01986,0.04308,0.04116,0.2113,0.2097,
2.179,0.3224,0.1271,0.08814,0.06242,0.1074,0.04058,0.04864,0.01984,0.04772,0.04452,0.2041,0.2095,
2.178,0.3283,0.1266,0.08846,0.06144,0.1074,0.04058,0.04864,0.01984,0.04772,0.04452,0.2041,0.2106,
2.178,0.343,0.1251,0.0887,0.06166,0.1085,0.04112,0.04949,0.01845,0.04772,0.04452,0.2041,0.2106,
2.178,0.3384,0.1248,0.08899,0.06173,0.1081,0.04113,0.05005,0.01864,0.04863,0.04293,0.2042,0.2107,
2.177,0.3359,0.1244,0.08922,0.06174,0.1077,0.04162,0.04949,0.01862,0.04859,0.0429,0.2051,0.2106,
2.176,0.3392,0.1242,0.08944,0.06063,0.1077,0.04162,0.04949,0.01862,0.04859,0.0429,0.2051,0.2117,
2.172,0.342,0.1238,0.08934,0.06061,0.1075,0.04153,0.05189,0.01609,0.04849,0.04281,0.2067,0.2113,
2.172,0.3477,0.1238,0.0895,0.06066,0.1067,0.04157,0.05194,0.0161,0.04854,0.04285,0.2069,0.2115,
2.172,0.346,0.1237,0.08945,0.06084,0.1067,0.04157,0.05194,0.0161,0.04854,0.04285,0.2069,0.2115,
2.172,0.3384,0.1233,0.0898,0.06084,0.1067,0.04157,0.05194,0.0161,0.04854,0.04285,0.2069,0.2115,
2.153,0.3864,0.1232,0.08945,0.06085,0.1063,0.07526,0.01822,0.01609,0.0508,0.04056,0.2079,0.2114,
2.149,0.328,0.1227,0.08891,0.0598,0.1064,0.07333,0.01824,0.01611,0.05084,0.04059,0.2081,0.215,
2.147,0.352,0.1222,0.08895,0.05993,0.1064,0.0718,0.01889,0.01547,0.05087,0.04061,0.2082,0.2167,
2.147,0.3348,0.1218,0.08903,0.06024,0.1064,0.07234,0.01889,0.01493,0.05087,0.04061,0.2082,0.2167,
2.154,0.3479,0.1224,0.08884,0.06032,0.1064,0.07122,0.01889,0.04148,0.02528,0.03963,0.2092,0.2164,
2.158,0.3576,0.1281,0.08867,0.06057,0.1056,0.0712,0.01942,0.04093,0.02702,0.03787,0.2102,0.2105,
2.159,0.3562,0.1268,0.08869,0.06065,0.1065,0.07123,0.01996,0.04042,0.02756,0.03735,0.2103,0.2106,
2.159,0.3519,0.1262,0.08843,0.06082,0.1066,0.07129,0.01997,0.04045,0.02848,0.03649,0.2105,0.2108,
2.158,0.3601,0.1259,0.08833,0.06098,0.1065,0.07108,0.01942,0.04041,0.03202,0.03288,0.2113,0.2112,
2.158,0.3376,0.1251,0.08893,0.06109,0.1058,0.07117,0.01944,0.04046,0.03206,0.03291,0.2116,0.2115,
2.158,0.3398,0.1239,0.08874,0.06132,0.1067,0.0712,0.01945,0.04126,0.03129,0.03293,0.2117,0.2116,
2.157,0.3497,0.1238,0.08823,0.0613,0.1063,0.07051,0.01946,0.04127,0.0313,0.03294,0.2118,0.213,
2.173,0.3494,0.1264,0.08798,0.06146,0.1058,0.07046,0.01945,0.04196,0.03057,0.04211,0.2035,0.2103,
2.172,0.3504,0.1262,0.08783,0.06142,0.1052,0.07034,0.01941,0.04189,0.03052,0.04203,0.2052,0.2099,
2.174,0.3517,0.1255,0.08767,0.06174,0.1048,0.07033,0.02344,0.03785,0.03149,0.04105,0.2062,0.2099,
2.174,0.3445,0.1254,0.08732,0.06191,0.1048,0.07037,0.02345,0.03787,0.03151,0.04107,0.2063,0.21,
2.174,0.3458,0.1251,0.08716,0.06202,0.1047,0.07029,0.02343,0.03783,0.03147,0.04103,0.2071,0.2098,
2.171,0.3473,0.1242,0.08722,0.06026,0.1056,0.06963,0.02343,0.03783,0.03147,0.04103,0.2071,0.2122,
2.171,0.3648,0.1271,0.08702,0.06047,0.1051,0.06892,0.02341,0.03781,0.03924,0.03321,0.2081,0.2097,
2.171,0.3931,0.1262,0.08759,0.06054,0.105,0.06885,0.02339,0.03777,0.0392,0.03318,0.2089,0.2095,
2.171,0.3586,0.1258,0.0876,0.06057,0.1049,0.06878,0.02337,0.03773,0.03916,0.03314,0.2097,0.2092,
2.17,0.3472,0.1258,0.0876,0.06068,0.1045,0.06814,0.02337,0.03774,0.03917,0.03315,0.2098,0.21,
2.166,0.3468,0.1248,0.08756,0.0608,0.1045,0.06625,0.02303,0.03773,0.04131,0.031,0.2108,0.2122,
2.166,0.3523,0.1245,0.08778,0.0609,0.1045,0.06625,0.02303,0.03773,0.04131,0.031,0.2108,0.2122,
2.162,0.3852,0.1242,0.08764,0.05765,0.1042,0.06631,0.02305,0.03882,0.04028,0.03103,0.211,0.2158,
2.162,0.3578,0.1241,0.08763,0.05784,0.1038,0.06634,0.02306,0.03884,0.0403,0.03104,0.2111,0.2159,
2.19,0.3476,0.1286,0.08746,0.05793,0.1038,0.06683,0.02251,0.03882,0.04284,0.04442,0.1961,0.2108,
2.189,0.3514,0.1257,0.08792,0.05797,0.1041,0.06617,0.02251,0.03988,0.04178,0.04441,0.1981,0.2115,
2.189,0.3523,0.1245,0.08811,0.05805,0.1041,0.06616,0.02251,0.03988,0.04178,0.04441,0.199,0.2115,
2.188,0.3554,0.1243,0.08812,0.05829,0.1041,0.06669,0.02198,0.03988,0.04178,0.04441,0.199,0.2115,
2.188,0.3959,0.1243,0.08805,0.05841,0.1037,0.06672,0.02198,0.04042,0.04126,0.04442,0.1991,0.2116,
2.188,0.3419,0.1228,0.08763,0.05861,0.1049,0.06678,0.022,0.04046,0.04218,0.04357,0.1993,0.2118,
2.186,0.3398,0.1226,0.08747,0.0588,0.1046,0.06501,0.02195,0.04041,0.04211,0.04348,0.1995,0.2142,
2.188,0.3351,0.1205,0.08735,0.05886,0.1099,0.06508,0.02198,0.04045,0.04305,0.04263,0.2007,0.2095,
2.189,0.3405,0.1204,0.08736,0.05898,0.1099,0.06508,0.02198,0.04045,0.04429,0.04138,0.2007,0.2095,
2.183,0.3685,0.1201,0.08732,0.05907,0.1095,0.06636,0.04519,0.01634,0.04381,0.04136,0.2016,0.2094,
2.183,0.3718,0.1194,0.08778,0.05913,0.109,0.06632,0.04517,0.01711,0.04436,0.03999,0.2025,0.2093,
2.183,0.3427,0.1182,0.08773,0.05918,0.1098,0.06625,0.04512,0.01709,0.04555,0.0387,0.2033,0.2091,
2.179,0.3534,0.1178,0.08777,0.05936,0.1085,0.06497,0.0464,0.01586,0.04559,0.03873,0.2045,0.2105,
2.179,0.3738,0.1176,0.0877,0.05949,0.108,0.06493,0.04637,0.01585,0.04556,0.03871,0.2054,0.2104,
2.179,0.348,0.117,0.08777,0.05966,0.1069,0.06507,0.04647,0.01667,0.04488,0.03879,0.2058,0.2109,
2.179,0.3522,0.1152,0.08693,0.05984,0.1079,0.06512,0.04651,0.01668,0.04491,0.03882,0.207,0.2111,
2.178,0.3542,0.1152,0.08624,0.06011,0.1071,0.06514,0.04652,0.01668,0.04493,0.03883,0.2081,0.2111,
2.178,0.3565,0.1134,0.08641,0.06025,0.1081,0.06519,0.04656,0.01669,0.04496,0.03886,0.2083,0.2113,
2.171,0.3396,0.1131,0.08639,0.06028,0.108,0.07712,0.03451,0.01667,0.04491,0.03882,0.2091,0.2111,
2.169,0.3388,0.1128,0.08652,0.06039,0.107,0.076,0.0345,0.01667,0.04761,0.03611,0.2102,0.2122,
2.169,0.3388,0.1124,0.08653,0.06051,0.1071,0.07603,0.03452,0.01668,0.04763,0.03612,0.2102,0.2123,
2.169,0.3438,0.1123,0.08635,0.06088,0.1067,0.07607,0.03453,0.01747,0.04812,0.03489,0.2103,0.2124,
2.169,0.3777,0.1118,0.0865,0.06103,0.1066,0.0761,0.03455,0.01748,0.04814,0.03491,0.2104,0.2124,
2.168,0.3584,0.11,0.08705,0.06115,0.1074,0.07502,0.03456,0.01748,0.04941,0.03367,0.2105,0.2137,
2.168,0.3497,0.1114,0.08657,0.06143,0.107,0.07434,0.03456,0.01748,0.0494,0.03366,0.2115,0.2127,
2.167,0.3519,0.1111,0.08678,0.06143,0.107,0.07367,0.03456,0.01748,0.04994,0.03313,0.2115,0.2133,
2.168,0.3518,0.1108,0.08712,0.06146,0.107,0.07367,0.03456,0.01826,0.04915,0.03313,0.2115,0.2133,
2.167,0.3478,0.1106,0.08732,0.06151,0.1066,0.07303,0.03457,0.01827,0.04917,0.03314,0.2116,0.2141,
2.166,0.3453,0.1107,0.08718,0.06159,0.1058,0.07306,0.03462,0.01829,0.05039,0.03203,0.2119,0.2144,
2.173,0.3545,0.1083,0.08744,0.06177,0.1078,0.07306,0.03462,0.04032,0.02836,0.03203,0.2119,0.2144,
2.173,0.3594,0.1103,0.08734,0.0617,0.1077,0.07285,0.03404,0.04028,0.0309,0.02942,0.2128,0.2127,
2.173,0.3713,0.1101,0.08743,0.06205,0.107,0.0729,0.03407,0.04031,0.03093,0.02945,0.2129,0.2129,
2.173,0.3864,0.1097,0.08779,0.06206,0.1067,0.07293,0.03452,0.0399,0.03095,0.02946,0.213,0.213,
2.173,0.3819,0.1096,0.0874,0.06224,0.1064,0.07284,0.03456,0.04067,0.03179,0.02798,0.2133,0.2132,
2.173,0.3818,0.1095,0.0876,0.06229,0.1057,0.07289,0.03459,0.0407,0.03181,0.028,0.2135,0.2134,
2.173,0.3842,0.1094,0.08779,0.06231,0.1053,0.07292,0.0346,0.04071,0.03182,0.02802,0.2136,0.2135,
2.183,0.3763,0.1078,0.08757,0.0626,0.1056,0.07293,0.0346,0.04172,0.03082,0.03401,0.2088,0.2136,
2.182,0.37,0.1077,0.08746,0.06273,0.1047,0.0729,0.03522,0.04108,0.03454,0.03027,0.2098,0.2136,
2.182,0.3747,0.1074,0.08746,0.06296,0.1042,0.07286,0.0352,0.04105,0.03452,0.03025,0.2107,0.2134,
2.18,0.3802,0.107,0.08775,0.06324,0.1035,0.07131,0.0351,0.04198,0.03365,0.03028,0.2109,0.2154,
2.18,0.3949,0.1093,0.08752,0.0629,0.1034,0.07125,0.03507,0.04194,0.03362,0.03025,0.2128,0.2119,
2.18,0.3775,0.1093,0.08738,0.06304,0.1034,0.07051,0.03507,0.04194,0.03362,0.03025,0.2128,0.2126,
2.18,0.3758,0.1088,0.08778,0.06314,0.1034,0.07051,0.03507,0.04194,0.03362,0.03025,0.2128,0.2126,
2.18,0.3762,0.1132,0.08775,0.06328,0.1036,0.06823,0.03504,0.04751,0.02969,0.02934,0.213,0.2094,
2.156,0.3179,0.1107,0.08838,0.062,0.1036,0.09015,0.01257,0.04757,0.03088,0.03178,0.2107,0.2117,
2.155,0.3149,0.1102,0.08829,0.06244,0.1029,0.0896,0.01258,0.04763,0.03091,0.03183,0.211,0.2126,
2.154,0.3156,0.1098,0.0884,0.06187,0.1024,0.08953,0.01257,0.0476,0.03089,0.03181,0.2119,0.2132,
2.153,0.3185,0.1092,0.0885,0.06179,0.1022,0.08934,0.01254,0.0475,0.03369,0.02888,0.2136,0.2127,
2.15,0.325,0.109,0.08874,0.06188,0.1018,0.08691,0.01255,0.04751,0.0337,0.02889,0.2137,0.2153,
2.151,0.3131,0.1088,0.08886,0.06196,0.1018,0.08624,0.01381,0.04625,0.0337,0.02889,0.2137,0.2159,
2.151,0.3213,0.1083,0.08909,0.0622,0.1007,0.08639,0.01383,0.04633,0.03483,0.02786,0.2141,0.2163,
2.172,0.3133,0.1119,0.0886,0.06241,0.0996,0.08674,0.01326,0.04623,0.03601,0.03803,0.2052,0.212,
2.169,0.3196,0.1144,0.08798,0.06256,0.09897,0.08534,0.0127,0.04684,0.03611,0.03705,0.2079,0.2102,
2.17,0.3261,0.1135,0.08812,0.06261,0.0996,0.08534,0.0127,0.04684,0.03611,0.03705,0.2079,0.2102,
2.169,0.3205,0.113,0.0882,0.06263,0.09903,0.0852,0.0133,0.04613,0.03604,0.03699,0.2096,0.2099,
2.169,0.3297,0.1117,0.08843,0.06267,0.1001,0.08453,0.0133,0.04613,0.03604,0.03699,0.2096,0.2105,
2.168,0.3275,0.1113,0.08844,0.0628,0.09998,0.08444,0.01328,0.04608,0.036,0.03695,0.2104,0.2103,
2.168,0.3223,0.1112,0.08863,0.0629,0.09922,0.08451,0.0133,0.04612,0.03604,0.03698,0.2106,0.2105,
2.169,0.3249,0.1105,0.08871,0.06315,0.09899,0.08459,0.01394,0.04554,0.03607,0.03702,0.2108,0.2107,
2.167,0.3294,0.1101,0.08901,0.06327,0.09899,0.08559,0.01294,0.04634,0.03527,0.03702,0.2108,0.2107,
2.167,0.3439,0.11,0.08897,0.0634,0.09899,0.08559,0.01294,0.04634,0.03766,0.03462,0.2108,0.2107,
2.167,0.3455,0.1092,0.08943,0.0634,0.09888,0.0855,0.01292,0.04629,0.03762,0.03459,0.2116,0.2105,
2.166,0.3471,0.1088,0.08943,0.06351,0.09893,0.08554,0.01293,0.04838,0.03931,0.03086,0.2117,0.2106,
2.163,0.353,0.1086,0.08926,0.06337,0.09851,0.08418,0.01293,0.04837,0.04046,0.02969,0.2128,0.2119,
2.169,0.3522,0.1115,0.08893,0.0613,0.09935,0.08333,0.01343,0.04816,0.03995,0.03325,0.2108,0.21,
2.169,0.348,0.1113,0.08899,0.06141,0.09935,0.08333,0.01343,0.04816,0.03995,0.03325,0.2108,0.21,
2.168,0.3593,0.1109,0.08878,0.06173,0.09924,0.08258,0.01342,0.04946,0.04016,0.03162,0.2116,0.2105,
2.167,0.3526,0.1106,0.08881,0.06179,0.09892,0.08264,0.01343,0.0495,0.04019,0.03165,0.2118,0.2107,
2.168,0.4072,0.1106,0.08857,0.06204,0.09892,0.08264,0.014,0.04893,0.04072,0.03111,0.2118,0.2107,
2.194,0.3972,0.1102,0.08876,0.06204,0.09841,0.08259,0.01399,0.0489,0.0407,0.04687,0.197,0.2105,
2.194,0.3861,0.1101,0.08899,0.0621,0.09774,0.08266,0.014,0.04894,0.04073,0.04691,0.1971,0.2107,
2.193,0.355,0.11,0.08896,0.06218,0.09774,0.08316,0.0135,0.04965,0.04126,0.04567,0.1971,0.2107,
2.191,0.3429,0.1096,0.08874,0.06123,0.09729,0.08315,0.0135,0.05089,0.04002,0.04566,0.1981,0.2118,
2.189,0.3459,0.1092,0.08878,0.06132,0.09696,0.08188,0.0135,0.05093,0.04005,0.0457,0.1983,0.2133,
2.19,0.3499,0.1068,0.08865,0.06145,0.09936,0.08188,0.0135,0.05093,0.04005,0.0457,0.1983,0.2133,
2.195,0.3473,0.1067,0.08842,0.06161,0.09869,0.08198,0.01805,0.04646,0.0401,0.04576,0.1986,0.2136,
2.194,0.3645,0.1055,0.08825,0.06113,0.09936,0.08204,0.01806,0.0465,0.04013,0.0458,0.1987,0.2145,
2.194,0.3551,0.1055,0.08832,0.06135,0.09819,0.08215,0.01809,0.04656,0.04018,0.04586,0.199,0.2148,
2.191,0.3539,0.1049,0.08829,0.0614,0.09935,0.07943,0.01808,0.04654,0.04016,0.04584,0.1999,0.2161,
2.191,0.3565,0.1047,0.08837,0.06147,0.09935,0.07943,0.01808,0.04654,0.04016,0.04584,0.1999,0.2161,
2.192,0.3567,0.1056,0.08872,0.06145,0.09857,0.07941,0.01807,0.04707,0.03962,0.04583,0.2009,0.2148,
2.191,0.3769,0.1096,0.08796,0.06195,0.09762,0.07735,0.01806,0.04704,0.03959,0.0458,0.2027,0.2123,
2.188,0.3753,0.1095,0.08796,0.06078,0.09726,0.07724,0.01753,0.04705,0.0396,0.04582,0.2028,0.2144,
2.189,0.4156,0.1048,0.08788,0.06094,0.1019,0.07724,0.0181,0.04648,0.0396,0.04582,0.2028,0.2144,
2.188,0.3933,0.1044,0.08788,0.06104,0.1019,0.07616,0.01811,0.0465,0.03962,0.04584,0.2029,0.2156,
2.187,0.3727,0.1035,0.08777,0.0612,0.1028,0.07504,0.01811,0.0465,0.03962,0.04584,0.2029,0.2167,
2.188,0.3835,0.1039,0.08772,0.06124,0.1038,0.07497,0.01809,0.04645,0.04128,0.0441,0.2037,0.2147,
2.19,0.389,0.1071,0.08763,0.06136,0.1037,0.07539,0.01811,0.04587,0.04123,0.04406,0.2045,0.211,
2.189,0.3866,0.107,0.08749,0.06055,0.1034,0.07543,0.01875,0.04525,0.04125,0.04408,0.2046,0.2122,
2.185,0.3924,0.1082,0.08752,0.05999,0.1022,0.0721,0.01876,0.0458,0.04073,0.04409,0.2057,0.2149,
2.187,0.3864,0.1093,0.08727,0.05998,0.1049,0.07195,0.01872,0.04571,0.04065,0.044,0.2074,0.2102,
2.185,0.3858,0.1041,0.08713,0.0599,0.1095,0.0723,0.01818,0.04561,0.04109,0.04337,0.209,0.2098,
2.185,0.3933,0.1036,0.08711,0.06011,0.109,0.0724,0.01821,0.04567,0.04115,0.04343,0.2093,0.2101,
2.184,0.3966,0.1032,0.08707,0.06025,0.1086,0.07235,0.0182,0.04564,0.04395,0.04058,0.2102,0.21,
2.178,0.4052,0.1032,0.08719,0.06039,0.1078,0.06729,0.01821,0.04568,0.04398,0.04062,0.2104,0.2153,
2.179,0.3998,0.1074,0.08696,0.06041,0.107,0.06597,0.01821,0.04569,0.04453,0.04,0.2115,0.2123,
2.193,0.3982,0.1072,0.08684,0.06042,0.1069,0.06591,0.01819,0.04565,0.04617,0.04795,0.2026,0.2121,
2.194,0.4264,0.1072,0.08696,0.06044,0.1065,0.06593,0.01854,0.04532,0.04619,0.04797,0.2027,0.2122,
2.192,0.4222,0.1072,0.08666,0.06077,0.1065,0.06593,0.04675,0.01711,0.04619,0.04797,0.2027,0.2122,
2.192,0.4215,0.1069,0.08697,0.06077,0.1065,0.06593,0.04675,0.01711,0.04761,0.04655,0.2027,0.2122,
2.191,0.4395,0.1043,0.08722,0.06083,0.1079,0.0648,0.04668,0.01713,0.04767,0.04661,0.203,0.2138,
2.191,0.4384,0.1041,0.08726,0.06102,0.1076,0.06483,0.0467,0.01714,0.04947,0.04485,0.2031,0.2139,
2.191,0.436,0.104,0.08744,0.06109,0.1072,0.06486,0.04672,0.01715,0.05074,0.04362,0.2032,0.214,
2.191,0.4339,0.1056,0.08734,0.06121,0.1067,0.06481,0.04669,0.01713,0.05071,0.04359,0.2041,0.2121,
2.16,0.4281,0.1054,0.08754,0.06126,0.1067,0.09649,0.01501,0.01713,0.05071,0.04359,0.2041,0.2121,
2.16,0.3623,0.1043,0.08744,0.06146,0.1077,0.09649,0.01501,0.01713,0.05071,0.04359,0.2041,0.2121,
2.159,0.3501,0.1042,0.08747,0.06152,0.1077,0.09649,0.01501,0.01713,0.05284,0.04146,0.2041,0.2121,
2.158,0.3516,0.1024,0.08741,0.06163,0.1092,0.09496,0.01502,0.01714,0.05286,0.04148,0.2042,0.2137,
2.158,0.347,0.1022,0.08746,0.0618,0.1086,0.09504,0.01503,0.01715,0.05291,0.04151,0.2044,0.2139,
2.158,0.3496,0.1052,0.08743,0.06185,0.1081,0.0932,0.01502,0.01714,0.05423,0.04013,0.2053,0.2124,
2.16,0.3603,0.1044,0.08746,0.0618,0.108,0.09305,0.015,0.05117,0.02097,0.03918,0.207,0.212,
2.157,0.3841,0.1042,0.08733,0.06193,0.1075,0.09153,0.01445,0.05157,0.02053,0.03915,0.2079,0.2139,
2.159,0.3698,0.1041,0.08748,0.06208,0.1067,0.0916,0.01446,0.05161,0.02731,0.03242,0.2081,0.2141,
2.157,0.3733,0.1038,0.08778,0.06061,0.1064,0.09164,0.01447,0.05163,0.02733,0.03244,0.2082,0.2157,
2.157,0.3703,0.1039,0.08701,0.06101,0.1064,0.09168,0.01448,0.05166,0.02734,0.03245,0.2083,0.2158,
2.159,0.3811,0.1069,0.08713,0.06106,0.1052,0.09171,0.01448,0.05167,0.02735,0.03246,0.2094,0.2127,
2.159,0.3738,0.1068,0.08703,0.06129,0.1052,0.09104,0.01448,0.05167,0.02735,0.03246,0.2094,0.2133,
2.161,0.3715,0.1106,0.087,0.06132,0.1047,0.09098,0.01447,0.05164,0.02733,0.03242,0.2103,0.2092,
2.16,0.3741,0.1092,0.08694,0.0615,0.106,0.08987,0.01447,0.05164,0.02733,0.03242,0.2103,0.2103,
2.158,0.3763,0.1085,0.08704,0.06162,0.1061,0.08866,0.01421,0.05169,0.02735,0.03232,0.2105,0.2121,
2.157,0.355,0.1079,0.08653,0.06161,0.1054,0.08875,0.01422,0.05174,0.02827,0.03146,0.2118,0.2123,
2.156,0.356,0.1072,0.08661,0.06169,0.1053,0.08869,0.01421,0.05171,0.02825,0.03145,0.2127,0.2122,
2.166,0.3544,0.1067,0.08656,0.06169,0.1051,0.08851,0.01418,0.0516,0.0282,0.03745,0.2083,0.2118,
2.165,0.3617,0.1059,0.08646,0.06177,0.1046,0.0884,0.01417,0.05154,0.02816,0.03741,0.2101,0.2115,
2.164,0.3497,0.1055,0.08662,0.06196,0.1046,0.08685,0.01417,0.05154,0.02921,0.03636,0.2101,0.2131,
2.165,0.3515,0.1082,0.08643,0.06191,0.1044,0.0867,0.01414,0.05188,0.02963,0.03541,0.2119,0.2094,
2.165,0.3607,0.1081,0.08643,0.06204,0.1044,0.0867,0.01414,0.05188,0.02963,0.03541,0.2119,0.2094,
2.164,0.3471,0.1077,0.0868,0.06231,0.1037,0.08499,0.01415,0.05192,0.03065,0.03444,0.2121,0.2113,
2.175,0.3478,0.1073,0.08653,0.06239,0.1033,0.08474,0.01372,0.05234,0.03022,0.04225,0.2052,0.212,
2.17,0.3491,0.1071,0.08645,0.06252,0.1028,0.0818,0.01371,0.05401,0.0285,0.04222,0.2061,0.2147,
2.17,0.3684,0.1094,0.08626,0.06254,0.1026,0.08163,0.01369,0.05474,0.0276,0.04213,0.2078,0.2116,
2.172,0.3557,0.11,0.08608,0.06252,0.1043,0.08158,0.01368,0.05471,0.02758,0.04208,0.2087,0.2088,
