entropy,entropyInd,RabA,RabB,RabC,RabD,RabE,RabF,RabG,RabH,RabI,xER,xPM,
2.178,0.3355,0.106,0.0907,0.0685,0.1252,0.05449,0.03938,0.03062,0.03407,0.03502,0.2066,0.2094,
2.177,0.3443,0.1059,0.09065,0.06846,0.1247,0.05445,0.03936,0.0306,0.03404,0.035,0.2076,0.2093,
2.176,0.355,0.1057,0.09046,0.06831,0.1244,0.05434,0.03928,0.03053,0.03397,0.03493,0.2092,0.2089,
2.183,0.351,0.1054,0.09008,0.06809,0.1244,0.05433,0.03927,0.03053,0.03397,0.03963,0.2055,0.2088,
2.182,0.3482,0.1052,0.08994,0.06807,0.1236,0.05434,0.03927,0.03053,0.03397,0.03963,0.2066,0.2089,
2.181,0.3637,0.1048,0.08998,0.0681,0.1237,0.05326,0.03929,0.03054,0.03398,0.03965,0.2067,0.2101,
2.18,0.3623,0.1048,0.08993,0.06815,0.1231,0.05278,0.03919,0.03057,0.03401,0.03968,0.2069,0.2109,
2.173,0.3562,0.1049,0.08996,0.06818,0.1227,0.0485,0.0389,0.03058,0.03403,0.0397,0.207,0.2156,
2.17,0.3572,0.1049,0.09004,0.06824,0.122,0.04633,0.03893,0.0306,0.03405,0.03972,0.2071,0.218,
2.17,0.3568,0.1049,0.09004,0.06824,0.122,0.04633,0.03893,0.0306,0.03405,0.03972,0.2071,0.218,
2.172,0.3563,0.1081,0.08999,0.06818,0.1215,0.04631,0.03891,0.03058,0.03403,0.03969,0.208,0.2147,
2.171,0.3531,0.1069,0.08999,0.06818,0.1215,0.04631,0.03891,0.03058,0.03403,0.03969,0.208,0.2159,
2.193,0.3413,0.1124,0.08971,0.068,0.1208,0.04553,0.0388,0.0305,0.03394,0.05384,0.1963,0.2101,
2.193,0.3465,0.1124,0.08975,0.06802,0.1205,0.04555,0.03882,0.03051,0.03395,0.05386,0.1964,0.2102,
2.193,0.3462,0.1137,0.08966,0.06795,0.1204,0.0455,0.03878,0.03048,0.03392,0.05381,0.1972,0.2086,
2.193,0.3464,0.1136,0.08957,0.06788,0.1203,0.04546,0.03874,0.03045,0.03389,0.05376,0.198,0.2084,
2.187,0.3588,0.1133,0.08953,0.06777,0.1198,0.04235,0.03863,0.03031,0.03388,0.05375,0.1989,0.2117,
2.187,0.3413,0.1133,0.08945,0.06777,0.1198,0.04232,0.03864,0.03032,0.03388,0.05377,0.199,0.2118,
2.186,0.3317,0.112,0.08931,0.06787,0.119,0.04221,0.03872,0.03038,0.0339,0.05386,0.1995,0.2133,
2.184,0.3282,0.1116,0.08939,0.06793,0.1185,0.04152,0.03876,0.03041,0.03393,0.05392,0.1997,0.2143,
2.182,0.3207,0.111,0.08942,0.06804,0.1179,0.04022,0.03883,0.03046,0.03398,0.05401,0.2001,0.216,
2.182,0.3272,0.11,0.08937,0.06813,0.118,0.04027,0.03888,0.0305,0.03403,0.05408,0.2003,0.2163,
2.182,0.3213,0.1097,0.08948,0.06821,0.1174,0.04031,0.03893,0.03054,0.03407,0.05414,0.2006,0.2166,
2.182,0.3237,0.1098,0.08956,0.06826,0.1166,0.04034,0.03896,0.03056,0.03409,0.05418,0.2008,0.2168,
2.18,0.3168,0.1096,0.08961,0.06815,0.1164,0.03927,0.03899,0.03059,0.03412,0.05423,0.201,0.2181,
2.18,0.3138,0.109,0.0896,0.06817,0.1161,0.03929,0.039,0.03059,0.03413,0.05425,0.201,0.2189,
2.179,0.3223,0.11,0.08955,0.06731,0.1156,0.03927,0.03898,0.03058,0.03411,0.05422,0.2019,0.2184,
2.181,0.3091,0.1149,0.08946,0.06724,0.1154,0.03923,0.03894,0.03055,0.03408,0.05416,0.2027,0.2132,
2.184,0.3017,0.1205,0.08937,0.06718,0.1153,0.03919,0.0389,0.03052,0.03405,0.05411,0.2036,0.2073,
2.184,0.3029,0.1205,0.0894,0.06721,0.115,0.0392,0.03892,0.03053,0.03406,0.05412,0.2036,0.2074,
2.184,0.2997,0.1206,0.08944,0.06723,0.1146,0.03921,0.03893,0.03054,0.03407,0.05414,0.2037,0.2075,
2.184,0.3028,0.1188,0.08947,0.06749,0.1156,0.03924,0.03897,0.03056,0.0341,0.05419,0.2039,0.2077,
2.184,0.3385,0.1167,0.08927,0.06777,0.1167,0.03924,0.03953,0.02999,0.03463,0.05366,0.2049,0.2077,
2.184,0.2995,0.1164,0.08863,0.0679,0.1165,0.03931,0.0396,0.03004,0.03522,0.05322,0.2053,0.208,
2.185,0.3131,0.1161,0.08899,0.06798,0.1158,0.03934,0.03963,0.03089,0.0368,0.05086,0.2054,0.2082,
2.185,0.2887,0.1152,0.08895,0.06804,0.1149,0.03938,0.03967,0.03092,0.03683,0.05091,0.2067,0.2084,
2.17,0.3184,0.1141,0.08903,0.06818,0.1153,0.03984,0.05777,0.01246,0.04472,0.04311,0.2069,0.2086,
2.17,0.3421,0.1129,0.0896,0.06829,0.1149,0.0403,0.05733,0.01246,0.04637,0.04147,0.207,0.2094,
2.169,0.3168,0.1123,0.09,0.06873,0.1138,0.04034,0.05794,0.01194,0.04643,0.04152,0.2073,0.2097,
2.168,0.3212,0.112,0.09001,0.06878,0.1137,0.0403,0.05788,0.01192,0.05105,0.03681,0.2081,0.2095,
2.167,0.3219,0.112,0.08988,0.0689,0.1137,0.0403,0.05822,0.01158,0.05105,0.03681,0.2081,0.2095,
2.167,0.3272,0.1114,0.09004,0.069,0.1136,0.04026,0.05816,0.01157,0.051,0.03677,0.2089,0.2092,
2.166,0.3229,0.111,0.08973,0.06916,0.1135,0.04024,0.05813,0.01156,0.05245,0.03526,0.2098,0.2091,
2.166,0.3253,0.1109,0.08984,0.06927,0.1132,0.04105,0.05734,0.01156,0.05247,0.03527,0.2099,0.2092,
2.164,0.3333,0.1096,0.08989,0.06937,0.114,0.0404,0.05737,0.01157,0.05418,0.0336,0.21,0.21,
2.164,0.3279,0.1083,0.08971,0.06985,0.1144,0.04036,0.05733,0.01156,0.05413,0.03357,0.2109,0.2098,
2.161,0.3503,0.1072,0.08961,0.06866,0.115,0.04037,0.05735,0.01156,0.05515,0.03257,0.211,0.2115,
2.162,0.335,0.1067,0.08967,0.06883,0.1151,0.04039,0.05738,0.01156,0.05518,0.03258,0.2111,0.2116,
2.163,0.3417,0.103,0.08921,0.06879,0.118,0.04079,0.05667,0.01153,0.05812,0.03204,0.2109,0.2109,
2.174,0.342,0.09722,0.0892,0.06879,0.1231,0.04129,0.0561,0.0124,0.05844,0.03725,0.2054,0.2108,
2.173,0.3586,0.09694,0.08928,0.06884,0.1227,0.04126,0.05606,0.01239,0.0584,0.03722,0.2063,0.2107,
2.172,0.3472,0.09665,0.08928,0.06886,0.1225,0.04175,0.05547,0.01237,0.05887,0.03665,0.2071,0.2104,
2.171,0.3611,0.09646,0.08932,0.06891,0.1217,0.04174,0.056,0.01184,0.05886,0.03665,0.2081,0.2104,
2.171,0.3522,0.09633,0.0894,0.06907,0.1214,0.04175,0.05601,0.01184,0.06003,0.0355,0.2082,0.2105,
2.17,0.3082,0.09506,0.08916,0.06914,0.1224,0.04171,0.05596,0.01183,0.05996,0.03547,0.209,0.2103,
2.17,0.3131,0.09503,0.08878,0.06959,0.1221,0.04173,0.05598,0.01183,0.05999,0.03548,0.2091,0.2104,
2.17,0.3124,0.09487,0.08873,0.0698,0.1221,0.04173,0.05598,0.01183,0.05999,0.03548,0.2091,0.2104,
2.167,0.3138,0.09473,0.08819,0.06872,0.1217,0.04132,0.0559,0.01171,0.06001,0.0355,0.2092,0.213,
2.163,0.3173,0.09344,0.0886,0.06884,0.122,0.0392,0.05595,0.01171,0.0606,0.035,0.2094,0.2153,
2.161,0.3199,0.09042,0.08868,0.06892,0.1243,0.03921,0.05599,0.01172,0.06187,0.03377,0.2096,0.2155,
2.164,0.3233,0.09338,0.08845,0.06741,0.1234,0.03915,0.05592,0.01213,0.06136,0.03533,0.2098,0.2137,
2.176,0.3167,0.09483,0.08834,0.06758,0.1232,0.03911,0.05586,0.01211,0.06784,0.03711,0.2023,0.2117,
2.172,0.3201,0.0944,0.08847,0.06773,0.1223,0.0374,0.05596,0.01213,0.06892,0.0362,0.2026,0.2138,
2.172,0.3304,0.09409,0.08893,0.06778,0.1216,0.03742,0.056,0.01214,0.06897,0.03623,0.2028,0.214,
2.171,0.332,0.08895,0.08891,0.06795,0.1266,0.03742,0.056,0.01214,0.06897,0.03623,0.2028,0.214,
2.171,0.3438,0.08871,0.08899,0.06811,0.1266,0.03795,0.05547,0.01257,0.0696,0.03517,0.2028,0.214,
2.171,0.3596,0.08871,0.08873,0.06836,0.1266,0.03795,0.05547,0.01257,0.0696,0.03517,0.2028,0.214,
2.163,0.3457,0.09142,0.08861,0.06673,0.1261,0.06788,0.02548,0.01255,0.06955,0.03514,0.2037,0.2128,
2.162,0.3463,0.09286,0.08895,0.06674,0.1257,0.06674,0.02546,0.01255,0.07004,0.03459,0.2046,0.2118,
2.161,0.3467,0.09205,0.08886,0.06689,0.1262,0.06611,0.02547,0.01255,0.07007,0.0346,0.2047,0.2125,
2.162,0.3414,0.09676,0.08863,0.06698,0.1252,0.06442,0.02532,0.01254,0.07002,0.03457,0.2066,0.2089,
2.161,0.3387,0.09668,0.08881,0.06728,0.1237,0.06453,0.02536,0.01256,0.07158,0.03319,0.207,0.2093,
2.16,0.3423,0.09671,0.08881,0.06735,0.1234,0.06455,0.02537,0.01256,0.07335,0.03144,0.2071,0.2094,
2.159,0.3222,0.09659,0.08836,0.06744,0.1229,0.06454,0.02536,0.01255,0.07334,0.03144,0.2081,0.2094,
2.158,0.3192,0.09658,0.08743,0.06745,0.1229,0.06453,0.02536,0.01255,0.07333,0.03143,0.2091,0.2093,
2.157,0.3202,0.09642,0.08739,0.06749,0.1225,0.06448,0.02587,0.01243,0.07394,0.03032,0.21,0.2092,
2.157,0.3253,0.09449,0.08776,0.06755,0.1237,0.06451,0.02588,0.01243,0.07397,0.03033,0.2101,0.2093,
2.164,0.3181,0.09377,0.08772,0.06756,0.1231,0.06443,0.02585,0.01242,0.07388,0.03466,0.2076,0.209,
2.163,0.3326,0.09376,0.0877,0.06754,0.1222,0.06441,0.02584,0.01242,0.07439,0.03412,0.2086,0.209,
2.155,0.3301,0.09338,0.08756,0.06783,0.122,0.05976,0.0252,0.01242,0.07445,0.03414,0.2088,0.2145,
2.153,0.3349,0.09453,0.08733,0.06816,0.12,0.05874,0.02524,0.01244,0.07672,0.03204,0.2102,0.2146,
2.152,0.361,0.09415,0.08681,0.06809,0.121,0.05807,0.02523,0.01244,0.0767,0.03204,0.2112,0.2142,
2.15,0.3462,0.09394,0.08703,0.06809,0.121,0.0586,0.0247,0.01244,0.0783,0.03044,0.2112,0.2142,
2.158,0.3454,0.09449,0.08703,0.06814,0.1209,0.05854,0.02468,0.01296,0.07768,0.03402,0.2084,0.2132,
2.159,0.3429,0.09779,0.08706,0.068,0.1201,0.05908,0.02468,0.01242,0.0777,0.03402,0.2095,0.2096,
2.159,0.3488,0.09495,0.08704,0.06816,0.1214,0.05912,0.02469,0.01334,0.07683,0.03404,0.2107,0.2098,
2.162,0.341,0.09469,0.08678,0.06816,0.1211,0.05899,0.02464,0.01331,0.07667,0.03646,0.2099,0.2093,
2.162,0.3438,0.09462,0.08668,0.06828,0.1202,0.05766,0.02464,0.01416,0.07581,0.03646,0.2109,0.2106,
2.167,0.3409,0.09394,0.08674,0.06805,0.12,0.05756,0.0253,0.01343,0.07568,0.04051,0.2085,0.2103,
2.167,0.3447,0.09337,0.08671,0.06817,0.1195,0.05755,0.0253,0.01396,0.07514,0.04051,0.2095,0.2102,
2.166,0.2998,0.09227,0.08688,0.06815,0.1196,0.05753,0.02563,0.01361,0.07565,0.03996,0.2105,0.2102,
2.159,0.3092,0.09215,0.08695,0.0682,0.1196,0.06388,0.01915,0.01361,0.07512,0.03996,0.2105,0.2109,
2.168,0.2915,0.09405,0.08662,0.06815,0.1189,0.06371,0.01909,0.01357,0.07492,0.04563,0.2073,0.2081,
2.168,0.2959,0.09391,0.08678,0.06824,0.1185,0.06372,0.0191,0.01357,0.07494,0.04564,0.2074,0.2082,
2.167,0.2908,0.09263,0.08662,0.0684,0.1198,0.06372,0.0191,0.01357,0.07494,0.04564,0.2074,0.2082,
2.166,0.2994,0.09248,0.08666,0.06851,0.1198,0.06306,0.0191,0.01357,0.07547,0.04511,0.2074,0.2089,
2.167,0.312,0.0921,0.08664,0.06903,0.1194,0.06243,0.01911,0.01411,0.07497,0.04513,0.2075,0.2096,
2.164,0.2882,0.09207,0.08659,0.0691,0.1194,0.06046,0.01911,0.01411,0.07497,0.04513,0.2075,0.2116,
2.165,0.3009,0.09624,0.08714,0.06914,0.1186,0.05791,0.0191,0.01463,0.07443,0.04512,0.2085,0.2093,
2.166,0.3016,0.09629,0.08732,0.06923,0.1174,0.05798,0.01912,0.01517,0.07487,0.04429,0.2087,0.2095,
2.162,0.2947,0.0963,0.0872,0.06813,0.1171,0.05624,0.01966,0.01465,0.07491,0.04431,0.2088,0.2127,
2.161,0.2863,0.09793,0.08705,0.06812,0.117,0.05508,0.01964,0.01463,0.07483,0.04426,0.2097,0.2118,
2.194,0.2888,0.09959,0.08613,0.06818,0.1168,0.05501,0.01962,0.03959,0.051,0.05096,0.2035,0.2096,
2.193,0.285,0.09967,0.08556,0.06848,0.1162,0.05596,0.01875,0.03963,0.05106,0.05102,0.2038,0.2099,
2.182,0.301,0.09937,0.08584,0.06851,0.1162,0.05375,0.01928,0.06659,0.02535,0.04924,0.2038,0.2121,
2.181,0.309,0.1032,0.08578,0.06848,0.116,0.05158,0.01911,0.06646,0.0253,0.04914,0.2054,0.2096,
2.181,0.2985,0.1024,0.08583,0.06859,0.1162,0.05161,0.01912,0.06651,0.02531,0.04917,0.2056,0.2097,
2.182,0.2987,0.1023,0.08581,0.06876,0.1158,0.05163,0.01966,0.06601,0.02532,0.04919,0.2056,0.2098,
2.181,0.2988,0.102,0.08549,0.06884,0.1156,0.05153,0.01962,0.06587,0.0258,0.04856,0.2073,0.2094,
2.18,0.302,0.1039,0.08518,0.06731,0.1144,0.05154,0.01962,0.06642,0.02624,0.04761,0.2084,0.2094,
2.18,0.2842,0.1037,0.08555,0.06746,0.1132,0.05161,0.01965,0.0665,0.02628,0.04767,0.2087,0.2097,
2.204,0.2991,0.1029,0.08545,0.06757,0.1127,0.05153,0.0383,0.04879,0.02593,0.05588,0.2015,0.2094,
2.2,0.2988,0.1011,0.08543,0.06765,0.1141,0.04973,0.03826,0.04874,0.0259,0.05582,0.2023,0.211,
2.199,0.2979,0.1009,0.0856,0.06765,0.1141,0.04907,0.03826,0.04874,0.0259,0.05582,0.2023,0.2116,
2.197,0.3001,0.1008,0.08573,0.06776,0.1137,0.04711,0.03881,0.04823,0.02679,0.05497,0.2024,0.2137,
2.197,0.3119,0.1001,0.08532,0.06811,0.1128,0.04722,0.0389,0.04835,0.02685,0.0551,0.2029,0.2143,
2.197,0.3057,0.09714,0.0854,0.06821,0.1154,0.04724,0.03926,0.04804,0.02783,0.05415,0.203,0.2144,
2.2,0.308,0.09838,0.08531,0.0683,0.1157,0.04722,0.03924,0.04801,0.03077,0.05117,0.2039,0.212,
2.198,0.3093,0.09846,0.08521,0.06851,0.115,0.04592,0.03927,0.04804,0.03078,0.0512,0.2041,0.2135,
2.202,0.3109,0.1044,0.08516,0.06852,0.1145,0.0459,0.03924,0.04872,0.03006,0.05117,0.205,0.2074,
2.2,0.3219,0.1015,0.08532,0.06874,0.1157,0.04541,0.03922,0.0484,0.03011,0.05127,0.2054,0.209,
2.189,0.3661,0.1005,0.08526,0.06879,0.1166,0.04541,0.06577,0.02185,0.03011,0.05127,0.2054,0.209,
2.188,0.3587,0.1003,0.08481,0.06866,0.116,0.04544,0.06581,0.02229,0.03023,0.05078,0.2066,0.2091,
2.187,0.3543,0.09601,0.08479,0.06851,0.1198,0.04541,0.06578,0.02227,0.03021,0.05075,0.2075,0.209,
2.186,0.3613,0.09578,0.08493,0.06854,0.1188,0.04541,0.06631,0.02188,0.03025,0.05083,0.2079,0.2094,
2.187,0.3933,0.09557,0.08522,0.06857,0.1184,0.04543,0.06634,0.02189,0.03239,0.04873,0.208,0.2095,
2.187,0.4045,0.09451,0.0851,0.06859,0.1192,0.04539,0.06661,0.02251,0.03225,0.04779,0.2088,0.2092,
2.186,0.3524,0.094,0.08493,0.06868,0.1191,0.04578,0.06614,0.0225,0.03223,0.04776,0.2097,0.2091,
2.184,0.3413,0.09393,0.08452,0.06878,0.1184,0.0451,0.06616,0.0225,0.03223,0.04777,0.2108,0.2098,
2.184,0.3576,0.09377,0.08465,0.06881,0.1184,0.04634,0.06545,0.0225,0.0317,0.04777,0.2108,0.2098,
2.183,0.3472,0.09377,0.08441,0.06798,0.1184,0.04634,0.06545,0.0225,0.0317,0.04777,0.2108,0.2109,
2.18,0.3493,0.09366,0.08449,0.06802,0.1184,0.04479,0.06598,0.02197,0.0317,0.04777,0.2108,0.2124,
2.189,0.3553,0.09454,0.08457,0.068,0.1187,0.04571,0.06594,0.021,0.03648,0.04801,0.2067,0.2104,
2.181,0.3619,0.09413,0.08431,0.06854,0.1185,0.0789,0.03333,0.02048,0.03649,0.04803,0.2068,0.2105,
2.181,0.3576,0.09399,0.08429,0.06856,0.118,0.07886,0.03331,0.02089,0.03605,0.048,0.2077,0.2104,
2.177,0.3591,0.09364,0.08451,0.06872,0.1155,0.078,0.03195,0.02097,0.03796,0.04641,0.2085,0.2139,
2.178,0.3568,0.09555,0.0844,0.06867,0.115,0.07799,0.03195,0.02097,0.03796,0.04641,0.2095,0.2116,
2.177,0.3487,0.0932,0.08451,0.06881,0.1169,0.07689,0.03196,0.02097,0.03797,0.04642,0.2096,0.2128,
2.178,0.3482,0.09488,0.08451,0.06877,0.1167,0.07681,0.03192,0.02095,0.03793,0.04637,0.2104,0.2107,
2.182,0.3465,0.09453,0.08391,0.06854,0.1166,0.07672,0.03189,0.02093,0.03788,0.05037,0.2082,0.2104,
2.182,0.3624,0.09445,0.08387,0.06868,0.116,0.07679,0.03191,0.02094,0.03792,0.05042,0.2084,0.2106,
2.155,0.3821,0.09329,0.08383,0.06887,0.1168,0.09557,0.01302,0.02042,0.03989,0.04846,0.2085,0.2114,
2.154,0.4242,0.09058,0.08374,0.06891,0.1189,0.09551,0.01302,0.0204,0.042,0.04631,0.2094,0.2112,
2.154,0.3551,0.09038,0.08353,0.06915,0.1182,0.09562,0.01345,0.02,0.04204,0.04637,0.2097,0.2115,
2.154,0.3535,0.09041,0.0834,0.06944,0.1175,0.09415,0.01389,0.02048,0.04288,0.04472,0.2099,0.2132,
2.154,0.3552,0.08994,0.08351,0.06947,0.1176,0.09419,0.0139,0.02049,0.0429,0.04474,0.21,0.2133,
2.157,0.3835,0.09365,0.08373,0.06953,0.1174,0.09409,0.01441,0.01993,0.04596,0.04159,0.2108,0.2089,
2.156,0.3732,0.09261,0.08382,0.06957,0.1183,0.09462,0.01431,0.01951,0.04596,0.04159,0.2108,0.2089,
2.155,0.3641,0.09261,0.0839,0.06962,0.1177,0.0943,0.01404,0.02005,0.04546,0.04162,0.211,0.2097,
2.153,0.3962,0.09175,0.08389,0.0699,0.1174,0.09269,0.01379,0.02008,0.04552,0.04167,0.2113,0.212,
2.153,0.3271,0.09168,0.0839,0.06991,0.1172,0.09273,0.01379,0.02008,0.04714,0.04009,0.2114,0.2121,
2.159,0.3241,0.09151,0.08379,0.07003,0.1167,0.09268,0.01378,0.02007,0.04924,0.04265,0.2076,0.212,
2.159,0.3042,0.09113,0.08395,0.07009,0.1162,0.0926,0.01377,0.02005,0.04921,0.04262,0.2085,0.2118,
2.159,0.3017,0.09109,0.08388,0.0702,0.1162,0.0926,0.01377,0.02077,0.0485,0.04262,0.2085,0.2118,
2.159,0.2992,0.09094,0.08371,0.07026,0.1161,0.09251,0.01429,0.02021,0.04845,0.04257,0.2093,0.2116,
2.158,0.2987,0.09012,0.08366,0.07028,0.1166,0.09241,0.01427,0.02019,0.04839,0.04253,0.2101,0.2114,
2.161,0.3844,0.08735,0.08366,0.07016,0.1182,0.09257,0.01489,0.01926,0.04834,0.04545,0.209,0.2111,
2.158,0.3549,0.08731,0.08365,0.07021,0.1182,0.08923,0.01489,0.01926,0.04834,0.04545,0.209,0.2145,
2.159,0.3185,0.08864,0.08363,0.0704,0.1173,0.08922,0.01489,0.01979,0.0478,0.04544,0.21,0.2129,
2.157,0.3376,0.08701,0.08366,0.07054,0.1184,0.08704,0.0149,0.0198,0.04782,0.04546,0.2101,0.2152,
2.152,0.3161,0.08667,0.08366,0.07089,0.1184,0.08356,0.01425,0.0198,0.04782,0.04546,0.2101,0.2193,
2.152,0.3166,0.08655,0.08349,0.07117,0.1184,0.08356,0.01425,0.0198,0.04782,0.04546,0.2101,0.2193,
2.154,0.3443,0.09049,0.08348,0.0712,0.1179,0.08285,0.01424,0.01978,0.05078,0.04244,0.2111,0.2158,
2.154,0.3431,0.09013,0.08365,0.0713,0.1174,0.08225,0.01425,0.02023,0.05138,0.0415,0.2112,0.2166,
2.16,0.32,0.09058,0.08356,0.07145,0.1179,0.07977,0.01424,0.02021,0.05135,0.04687,0.2068,0.2173,
2.158,0.3349,0.09044,0.08356,0.07166,0.1172,0.07814,0.01426,0.02023,0.05141,0.04693,0.2071,0.2191,
2.161,0.3134,0.09461,0.08357,0.07158,0.1171,0.07696,0.01467,0.01979,0.05189,0.04635,0.2079,0.2156,
2.16,0.3212,0.09446,0.08351,0.07183,0.1168,0.07733,0.01434,0.0198,0.05191,0.04637,0.208,0.2157,
2.16,0.3194,0.09741,0.08319,0.07203,0.1163,0.07664,0.01434,0.01979,0.05624,0.04202,0.209,0.213,
2.159,0.3197,0.09724,0.08314,0.07204,0.1162,0.07739,0.01346,0.01981,0.05628,0.04205,0.2092,0.2132,
2.152,0.3218,0.09871,0.08322,0.06992,0.1157,0.07469,0.01345,0.01979,0.06228,0.036,0.2101,0.2162,
2.15,0.3294,0.09857,0.08324,0.07003,0.1157,0.07303,0.01345,0.01979,0.06228,0.036,0.2101,0.2178,
2.15,0.3259,0.09847,0.08322,0.07016,0.1157,0.07303,0.01345,0.01979,0.06228,0.036,0.2101,0.2178,
2.147,0.3303,0.1003,0.08329,0.06868,0.1152,0.07099,0.01345,0.01978,0.06277,0.03545,0.211,0.2191,
2.159,0.3165,0.1046,0.08306,0.06893,0.1149,0.07076,0.01344,0.01976,0.06272,0.04079,0.2066,0.2145,
2.16,0.3238,0.108,0.08301,0.06882,0.1147,0.07065,0.01341,0.02026,0.06342,0.0394,0.2083,0.21,
2.16,0.322,0.107,0.08302,0.06904,0.115,0.07071,0.01343,0.02081,0.06436,0.03802,0.2085,0.2102,
2.161,0.3236,0.1115,0.0829,0.06774,0.1145,0.07067,0.01342,0.0208,0.06485,0.03747,0.2094,0.2068,
2.16,0.3236,0.1113,0.08279,0.06783,0.114,0.07063,0.01341,0.02078,0.06481,0.03744,0.2103,0.2067,
2.16,0.3186,0.1112,0.08289,0.06792,0.1138,0.07048,0.01341,0.02079,0.06536,0.03693,0.2104,0.2067,
2.17,0.3198,0.1109,0.0827,0.06788,0.1136,0.07033,0.01339,0.02075,0.06523,0.04398,0.2049,0.2063,
2.169,0.31,0.1106,0.08254,0.06785,0.113,0.07022,0.01336,0.02071,0.06512,0.04391,0.2066,0.206,
2.166,0.3234,0.1107,0.08249,0.06811,0.1119,0.06745,0.01316,0.02074,0.06521,0.04397,0.2069,0.2093,
2.164,0.3172,0.1079,0.08215,0.06826,0.1141,0.06716,0.01314,0.0207,0.06562,0.04336,0.2086,0.209,
2.164,0.3196,0.1078,0.08227,0.06826,0.1141,0.06716,0.01314,0.0207,0.06562,0.04336,0.2086,0.209,
2.162,0.3114,0.1063,0.08211,0.06823,0.1155,0.0656,0.01847,0.01523,0.06555,0.04325,0.2087,0.2111,
2.16,0.3101,0.1063,0.08222,0.06618,0.1151,0.06562,0.01848,0.01523,0.06557,0.04327,0.2088,0.2132,
2.179,0.3019,0.1093,0.0821,0.06603,0.1139,0.06559,0.01848,0.01523,0.06555,0.05596,0.1981,0.2097,
2.177,0.3334,0.1089,0.08179,0.06601,0.1132,0.06542,0.01843,0.01519,0.06539,0.05582,0.2006,0.2092,
2.176,0.2846,0.1076,0.08188,0.06595,0.1141,0.06569,0.01807,0.0156,0.06536,0.05531,0.2014,0.209,
2.175,0.2821,0.1073,0.08179,0.06478,0.1139,0.06556,0.01804,0.01609,0.0647,0.0552,0.203,0.2097,
2.175,0.2965,0.1088,0.08175,0.06473,0.1136,0.06543,0.018,0.01606,0.06457,0.05509,0.2046,0.2073,
2.175,0.3126,0.104,0.08171,0.06515,0.1173,0.06548,0.01802,0.01607,0.06464,0.05515,0.2049,0.2075,
2.175,0.3257,0.1029,0.08164,0.06527,0.1184,0.06548,0.01802,0.01607,0.06464,0.05515,0.2049,0.2075,
2.173,0.3098,0.1025,0.08164,0.0652,0.1178,0.06535,0.01799,0.01604,0.06453,0.05506,0.2066,0.2072,
2.173,0.3045,0.1024,0.08178,0.0653,0.1175,0.06472,0.018,0.01605,0.06509,0.05456,0.2067,0.208,
2.169,0.3099,0.1023,0.08173,0.06526,0.117,0.0625,0.01799,0.01604,0.06505,0.05453,0.2076,0.21,
2.168,0.3154,0.1023,0.08175,0.06541,0.1163,0.0613,0.01748,0.01675,0.0644,0.05457,0.2078,0.2119,
2.166,0.3011,0.1009,0.08203,0.06567,0.1148,0.06071,0.01751,0.01678,0.06451,0.05467,0.2082,0.2142,
2.171,0.294,0.1031,0.08167,0.06592,0.1157,0.06095,0.01715,0.0178,0.06423,0.05566,0.208,0.2098,
2.167,0.2976,0.1029,0.0818,0.06443,0.1157,0.05942,0.01715,0.0178,0.06423,0.05566,0.208,0.2129,
2.174,0.2858,0.1025,0.08172,0.06453,0.1159,0.05944,0.01715,0.05967,0.02432,0.05376,0.208,0.213,
2.172,0.2678,0.1012,0.08172,0.06357,0.1156,0.05944,0.01716,0.05969,0.0252,0.0529,0.2081,0.2154,
2.179,0.264,0.1034,0.08149,0.06382,0.1144,0.05878,0.01716,0.05969,0.02842,0.05298,0.2059,0.2139,
2.179,0.2725,0.1021,0.08203,0.06392,0.1145,0.05883,0.01718,0.05975,0.02845,0.05302,0.2061,0.2141,
2.178,0.2664,0.1014,0.0823,0.06407,0.1143,0.05845,0.01709,0.05966,0.02847,0.05306,0.2063,0.2149,
2.178,0.2726,0.1013,0.08237,0.06414,0.114,0.05806,0.01699,0.06001,0.02987,0.05125,0.2064,0.2157,
2.176,0.2788,0.1008,0.08274,0.06328,0.1132,0.05701,0.01734,0.05972,0.0299,0.05129,0.2066,0.2182,
2.177,0.2796,0.1019,0.0827,0.06335,0.1127,0.05698,0.01786,0.05916,0.02988,0.05126,0.2075,0.2168,
2.176,0.2836,0.1015,0.08319,0.06344,0.1119,0.05702,0.01787,0.0609,0.02822,0.0513,0.2077,0.217,
2.176,0.2905,0.1001,0.08313,0.06368,0.1123,0.05643,0.0179,0.06098,0.02963,0.05,0.2079,0.2179,
2.175,0.2962,0.1001,0.08291,0.06395,0.1123,0.0567,0.01763,0.0615,0.0291,0.05,0.2079,0.2179,
2.173,0.2947,0.09992,0.0831,0.06401,0.1119,0.05497,0.01763,0.06153,0.02911,0.05003,0.208,0.2198,
2.172,0.2976,0.1015,0.08318,0.06258,0.111,0.05496,0.01763,0.06152,0.03012,0.04901,0.209,0.2194,
2.168,0.3038,0.09751,0.08338,0.0627,0.1145,0.05234,0.01764,0.06154,0.03012,0.04903,0.2091,0.2222,
2.174,0.3142,0.09917,0.08306,0.06287,0.1143,0.05118,0.01762,0.06148,0.03009,0.0541,0.2048,0.2213,
2.174,0.2963,0.09895,0.08284,0.06298,0.1144,0.05121,0.01763,0.06151,0.03011,0.05412,0.2049,0.2214,
2.171,0.2989,0.09879,0.08254,0.06328,0.1137,0.04972,0.01765,0.06289,0.02884,0.05419,0.2052,0.2232,
2.168,0.305,0.09852,0.08277,0.06332,0.1137,0.04752,0.01765,0.06289,0.02972,0.05331,0.2052,0.2254,
2.17,0.3154,0.09541,0.08296,0.06329,0.118,0.04747,0.01763,0.06412,0.03393,0.0477,0.206,0.2235,
2.171,0.3116,0.09763,0.08304,0.06345,0.1175,0.04796,0.01709,0.06479,0.03422,0.04666,0.2069,0.2207,
2.171,0.3198,0.0972,0.08309,0.0636,0.1169,0.04802,0.01711,0.06487,0.03479,0.0462,0.2072,0.221,
2.171,0.3221,0.09946,0.08312,0.06361,0.1164,0.04689,0.0171,0.06483,0.03951,0.04142,0.2081,0.2195,
2.17,0.3307,0.09926,0.08318,0.06221,0.1164,0.04689,0.0171,0.06483,0.0411,0.03984,0.2081,0.2211,
2.173,0.325,0.1032,0.08302,0.06213,0.1162,0.0447,0.01707,0.06469,0.04101,0.04258,0.2069,0.2184,
2.174,0.3284,0.105,0.0828,0.06226,0.1161,0.04466,0.01705,0.06463,0.04224,0.04127,0.2077,0.2163,
2.174,0.3267,0.1029,0.08317,0.06231,0.1172,0.0447,0.01706,0.06468,0.04228,0.0413,0.2079,0.2165,
2.173,0.3346,0.1016,0.08348,0.06245,0.1175,0.04526,0.01655,0.06474,0.04231,0.04134,0.2081,0.2167,
2.162,0.332,0.1005,0.0838,0.06259,0.1176,0.04464,0.01657,0.07931,0.02783,0.04137,0.2083,0.2175,
2.165,0.3218,0.1064,0.08385,0.06252,0.1175,0.04459,0.01655,0.07976,0.02727,0.04133,0.2091,0.2111,
2.165,0.3212,0.1062,0.08353,0.0627,0.1174,0.04463,0.01656,0.07983,0.0273,0.04137,0.2093,0.2113,
2.166,0.3169,0.1052,0.08343,0.06284,0.1172,0.0447,0.01712,0.07944,0.02734,0.04144,0.2097,0.2116,
2.164,0.3201,0.1052,0.08351,0.06144,0.1168,0.04472,0.01713,0.08018,0.0281,0.04,0.2098,0.2131,
2.163,0.3187,0.1048,0.08355,0.06161,0.1165,0.04409,0.01714,0.08024,0.02812,0.04003,0.2099,0.214,
2.173,0.3168,0.1105,0.08378,0.06156,0.1163,0.04399,0.01711,0.08008,0.03079,0.04082,0.208,0.2071,
2.171,0.3277,0.1098,0.08416,0.06169,0.1156,0.04338,0.01713,0.08071,0.03175,0.03942,0.2083,0.2081,
2.168,0.3051,0.1097,0.08433,0.06176,0.1152,0.04119,0.01714,0.08074,0.03177,0.03944,0.2083,0.2104,
2.17,0.2934,0.1097,0.0842,0.06188,0.1152,0.04119,0.01818,0.0797,0.03177,0.03944,0.2083,0.2104,
2.169,0.2917,0.1096,0.08376,0.06205,0.1148,0.04118,0.01815,0.07965,0.03174,0.03943,0.2094,0.2103,
2.171,0.3001,0.1086,0.08353,0.06228,0.1157,0.04118,0.01927,0.07853,0.03281,0.03836,0.2094,0.2103,
2.17,0.3122,0.1085,0.08355,0.06233,0.1157,0.04118,0.01927,0.07976,0.03158,0.03836,0.2094,0.2103,
2.166,0.3005,0.1079,0.08355,0.06244,0.1155,0.03924,0.0193,0.07987,0.03285,0.03717,0.2096,0.2126,
2.166,0.2993,0.1073,0.08373,0.06245,0.1155,0.03926,0.01931,0.0799,0.03286,0.03719,0.2097,0.2127,
2.166,0.3069,0.1085,0.08392,0.06063,0.1161,0.03925,0.0193,0.07989,0.03504,0.035,0.2107,0.2116,
2.171,0.3114,0.1089,0.08374,0.06071,0.1157,0.03926,0.01987,0.07934,0.03612,0.03629,0.2095,0.2106,
2.17,0.3489,0.1063,0.08366,0.06096,0.1176,0.03928,0.01989,0.07941,0.03615,0.03632,0.2097,0.2108,
2.178,0.3385,0.1044,0.08328,0.06078,0.1185,0.03912,0.01981,0.07908,0.03688,0.04118,0.2071,0.2099,
2.176,0.3364,0.1044,0.08331,0.05945,0.1185,0.03912,0.01981,0.07908,0.03741,0.04065,0.2071,0.2112,
2.175,0.331,0.1043,0.08314,0.05972,0.1185,0.03846,0.01981,0.0795,0.03699,0.04065,0.2071,0.2119,
2.175,0.3059,0.1043,0.08297,0.05988,0.1185,0.03888,0.01939,0.0795,0.03699,0.04065,0.2071,0.2119,
2.175,0.313,0.1039,0.08306,0.05996,0.1181,0.03891,0.0194,0.07957,0.03702,0.04069,0.2073,0.2121,
2.169,0.3196,0.1081,0.08283,0.05995,0.1175,0.03884,0.01937,0.08743,0.02896,0.04062,0.209,0.2074,
2.169,0.3132,0.108,0.08292,0.06001,0.1175,0.03884,0.01937,0.08743,0.02896,0.04062,0.209,0.2074,
2.192,0.3489,0.1079,0.08276,0.06025,0.1172,0.03886,0.05123,0.05561,0.02897,0.04064,0.2091,0.2075,
2.202,0.3439,0.1078,0.08272,0.06028,0.1165,0.03911,0.05095,0.05559,0.02896,0.047,0.2037,0.2074,
2.201,0.3137,0.1062,0.08263,0.06018,0.1157,0.04652,0.04331,0.05545,0.03044,0.04532,0.2062,0.208,
2.201,0.3083,0.1055,0.08296,0.06026,0.1152,0.04658,0.04337,0.05605,0.0311,0.04424,0.2065,0.2083,
2.201,0.3057,0.1055,0.0829,0.06047,0.1148,0.04712,0.04286,0.05607,0.03111,0.04426,0.2066,0.2083,
2.201,0.3158,0.1054,0.08302,0.06053,0.1141,0.04716,0.0429,0.05612,0.03166,0.04377,0.2068,0.2085,
2.201,0.3138,0.1056,0.08308,0.06073,0.1113,0.04724,0.04299,0.05623,0.03349,0.04209,0.2082,0.209,
2.2,0.3196,0.1053,0.08281,0.06086,0.1107,0.04716,0.04378,0.05527,0.03342,0.04202,0.21,0.2086,
2.2,0.3208,0.1053,0.08265,0.06102,0.1107,0.04716,0.04431,0.05474,0.03342,0.04202,0.21,0.2086,
2.2,0.3208,0.105,0.08294,0.06102,0.1107,0.04716,0.04484,0.05421,0.03457,0.04088,0.21,0.2086,
2.217,0.3275,0.1048,0.08281,0.06109,0.1098,0.0459,0.04515,0.05344,0.0356,0.05336,0.1982,0.2099,
2.216,0.3198,0.1046,0.08273,0.06132,0.1098,0.04577,0.04462,0.05344,0.0356,0.05336,0.1982,0.2106,
2.216,0.3197,0.1073,0.08277,0.06133,0.1094,0.04463,0.0446,0.05341,0.03558,0.05332,0.1991,0.2086,
2.216,0.3195,0.1062,0.08264,0.06144,0.1102,0.04459,0.04455,0.05335,0.03554,0.05327,0.1999,0.2084,
2.215,0.3208,0.1061,0.08264,0.06151,0.1102,0.04393,0.04508,0.05283,0.03642,0.05239,0.1999,0.2091,
2.213,0.3345,0.1066,0.08272,0.06161,0.1097,0.0437,0.04415,0.05238,0.0364,0.05236,0.2007,0.2096,
2.212,0.341,0.1049,0.08301,0.06179,0.1098,0.04311,0.04457,0.05213,0.03646,0.05246,0.2011,0.2106,
2.212,0.3305,0.1088,0.08299,0.06181,0.1093,0.04155,0.04454,0.0521,0.03697,0.0519,0.202,0.208,
2.212,0.3448,0.1085,0.08304,0.06186,0.109,0.04354,0.04317,0.05157,0.03699,0.05194,0.2022,0.2082,
2.21,0.3357,0.1069,0.08232,0.06174,0.1092,0.04357,0.04371,0.05191,0.03615,0.05197,0.2043,0.2083,
2.21,0.336,0.1057,0.08246,0.06182,0.1098,0.04359,0.04372,0.05193,0.03722,0.05094,0.2044,0.2084,
2.208,0.3371,0.1038,0.08248,0.06194,0.1112,0.04245,0.04368,0.05188,0.03718,0.05089,0.2052,0.2093,
2.208,0.3525,0.1033,0.0825,0.06196,0.1108,0.04243,0.0442,0.05186,0.03755,0.04998,0.2062,0.2092,
2.204,0.3507,0.09877,0.08255,0.06206,0.1146,0.04048,0.04424,0.05191,0.03758,0.05002,0.2064,0.2114,
2.206,0.3481,0.1017,0.08229,0.06209,0.1145,0.04045,0.04421,0.05188,0.03808,0.04946,0.2073,0.2079,
2.205,0.3684,0.1016,0.08226,0.06203,0.1144,0.04041,0.04417,0.05182,0.03901,0.04844,0.2081,0.2077,
2.204,0.3868,0.1015,0.08218,0.06216,0.1144,0.04041,0.05863,0.03736,0.03989,0.04757,0.2081,0.2077,
2.208,0.359,0.1012,0.08183,0.06216,0.1137,0.03992,0.05821,0.03779,0.04092,0.05071,0.2057,0.2078,
2.208,0.361,0.1011,0.08162,0.0624,0.1128,0.0399,0.0582,0.03778,0.04091,0.0507,0.2067,0.2078,
2.207,0.3651,0.1005,0.08116,0.06252,0.1129,0.03984,0.05819,0.03777,0.0409,0.05069,0.2077,0.2078,
2.207,0.3675,0.1002,0.08126,0.06267,0.1129,0.03984,0.05819,0.03777,0.04143,0.05016,0.2077,0.2078,
2.207,0.3755,0.1001,0.08119,0.06283,0.1129,0.03984,0.05819,0.03777,0.04143,0.05016,0.2077,0.2078,
2.205,0.3791,0.09862,0.08108,0.06121,0.1141,0.03985,0.05821,0.03779,0.04996,0.04167,0.2078,0.2096,
2.203,0.3805,0.09855,0.08123,0.05994,0.1138,0.03987,0.05824,0.03833,0.04946,0.04169,0.2079,0.211,
2.203,0.3725,0.09855,0.08107,0.06009,0.1138,0.03987,0.05824,0.03833,0.04946,0.04169,0.2079,0.211,
2.203,0.3731,0.09841,0.08128,0.06011,0.1134,0.03988,0.05826,0.03834,0.04948,0.0417,0.208,0.2111,
2.203,0.3695,0.09813,0.08113,0.0602,0.1135,0.0399,0.05829,0.03836,0.0495,0.04172,0.2081,0.2112,
2.201,0.376,0.09804,0.08114,0.06028,0.1135,0.03879,0.05787,0.03836,0.0495,0.04172,0.2081,0.2127,
2.199,0.3816,0.09785,0.08125,0.06036,0.1135,0.03742,0.05787,0.03836,0.0495,0.04172,0.2081,0.2141,
2.199,0.3848,0.0974,0.08149,0.06056,0.1135,0.03742,0.05787,0.03836,0.0495,0.04172,0.2081,0.2141,
2.199,0.393,0.098,0.08149,0.06052,0.1141,0.03825,0.05697,0.03834,0.05217,0.039,0.209,0.2122,
2.194,0.3857,0.09768,0.08148,0.06052,0.1141,0.03564,0.05752,0.03835,0.05254,0.03814,0.2091,0.2149,
2.212,0.3833,0.09959,0.08109,0.06057,0.1141,0.03442,0.05754,0.03935,0.05388,0.048,0.1981,0.2134,
2.211,0.3675,0.09484,0.08136,0.06068,0.1177,0.03446,0.05761,0.03939,0.05526,0.04674,0.1983,0.2136,
2.21,0.3661,0.09171,0.0813,0.06073,0.1208,0.03446,0.05761,0.03992,0.05473,0.04674,0.1983,0.2136,
2.214,0.3565,0.09688,0.08131,0.06072,0.1203,0.03441,0.05805,0.03933,0.05465,0.04667,0.2,0.2077,
2.213,0.3604,0.09678,0.08109,0.0608,0.1201,0.0349,0.05747,0.03929,0.05459,0.04662,0.2008,0.2075,
2.212,0.3669,0.09562,0.08101,0.06074,0.1211,0.03487,0.05741,0.03926,0.05585,0.04526,0.2016,0.2073,
2.193,0.3749,0.09563,0.08099,0.06091,0.1204,0.03488,0.0789,0.01784,0.05589,0.0453,0.2018,0.2075,
2.193,0.3694,0.09436,0.08089,0.06118,0.1209,0.03491,0.07897,0.01786,0.05594,0.04534,0.202,0.2077,
2.191,0.3718,0.09409,0.08093,0.05951,0.1204,0.03542,0.0784,0.01837,0.05538,0.04531,0.2029,0.2093,
2.192,0.3705,0.09306,0.08087,0.05969,0.1211,0.03543,0.07843,0.01943,0.05528,0.04441,0.2029,0.2094,
2.192,0.3738,0.09293,0.08105,0.05983,0.1203,0.03545,0.0785,0.01944,0.05683,0.04294,0.2031,0.2096,
2.192,0.3757,0.09283,0.081,0.06005,0.12,0.03547,0.07853,0.01945,0.05686,0.04296,0.2032,0.2097,
2.193,0.3715,0.09521,0.08097,0.05993,0.1197,0.0354,0.07837,0.01941,0.05674,0.04287,0.2048,0.2065,
2.192,0.3723,0.09508,0.08098,0.05997,0.1189,0.03539,0.07836,0.01941,0.05673,0.04286,0.2058,0.2065,
2.191,0.3761,0.09371,0.08101,0.0593,0.1193,0.03538,0.07835,0.01941,0.05672,0.04286,0.2068,0.2071,
2.19,0.3869,0.09335,0.08125,0.05959,0.1186,0.03541,0.07842,0.01942,0.05888,0.04079,0.207,0.2073,
2.186,0.3869,0.09218,0.08116,0.05971,0.1187,0.03382,0.07829,0.01939,0.05878,0.04072,0.2087,0.2085,
2.194,0.3873,0.09221,0.08119,0.05972,0.1183,0.03383,0.07833,0.04822,0.02998,0.04074,0.2088,0.2086,
2.198,0.3864,0.09194,0.0812,0.05975,0.1182,0.03484,0.07719,0.04817,0.02995,0.04252,0.2078,0.2084,
2.202,0.3848,0.09161,0.0811,0.0597,0.118,0.03477,0.07756,0.04754,0.03041,0.04568,0.2057,0.208,
2.203,0.3882,0.09146,0.08121,0.05985,0.1176,0.0352,0.07717,0.04809,0.03101,0.04459,0.2058,0.2081,
2.2,0.3627,0.09143,0.08139,0.0599,0.1168,0.03369,0.07724,0.04813,0.03104,0.04463,0.206,0.2098,
2.2,0.3544,0.09125,0.08155,0.06009,0.1161,0.03372,0.07731,0.04909,0.03014,0.04466,0.2061,0.21,
2.201,0.3573,0.09114,0.08179,0.06013,0.1154,0.03374,0.07737,0.04914,0.03567,0.03919,0.2063,0.2101,
2.202,0.3615,0.09377,0.0816,0.06023,0.1152,0.0337,0.07797,0.04841,0.03564,0.03915,0.2071,0.2072,
2.202,0.3949,0.09364,0.08127,0.06015,0.1153,0.03368,0.07845,0.04801,0.03675,0.03809,0.2073,0.2073,
2.202,0.3679,0.09363,0.08149,0.06023,0.1142,0.03373,0.07855,0.04807,0.03791,0.03702,0.2076,0.2076,
2.201,0.3805,0.09359,0.08117,0.06022,0.1134,0.03369,0.07857,0.04809,0.03792,0.03703,0.2087,0.2077,
2.211,0.3531,0.09332,0.08106,0.06013,0.1131,0.03362,0.07841,0.04799,0.03785,0.04346,0.2038,0.2072,
2.21,0.3599,0.09215,0.08105,0.06035,0.1135,0.03365,0.07848,0.04803,0.03788,0.04349,0.204,0.2074,
2.21,0.3605,0.09208,0.0806,0.06044,0.1127,0.03365,0.0785,0.04804,0.03916,0.04223,0.2051,0.2075,
2.207,0.357,0.09197,0.08064,0.05904,0.1118,0.03364,0.07849,0.04803,0.03915,0.04222,0.2061,0.2089,
2.191,0.3251,0.09174,0.08065,0.05903,0.1117,0.09028,0.02064,0.04798,0.03911,0.04218,0.2069,0.2098,
2.191,0.3014,0.09071,0.08049,0.0592,0.1125,0.09032,0.02065,0.048,0.03913,0.0422,0.207,0.2099,
2.189,0.3091,0.09256,0.08039,0.05931,0.112,0.08797,0.02063,0.04798,0.04558,0.0357,0.2079,0.21,
2.188,0.3088,0.09256,0.0802,0.05949,0.112,0.08688,0.02063,0.04798,0.04558,0.0357,0.2079,0.2111,
2.209,0.305,0.09611,0.07989,0.05966,0.1126,0.08613,0.02061,0.04793,0.04645,0.04626,0.1972,0.2072,
2.203,0.313,0.09524,0.07916,0.0595,0.1125,0.08105,0.02061,0.04865,0.04571,0.04625,0.1991,0.2122,
2.203,0.3277,0.09469,0.0791,0.05962,0.1127,0.08109,0.02062,0.04867,0.04719,0.0448,0.1992,0.2123,
2.205,0.3044,0.09902,0.07892,0.05977,0.1119,0.08042,0.02062,0.04866,0.04823,0.04375,0.2002,0.2085,
2.205,0.307,0.09902,0.07885,0.05984,0.1119,0.08042,0.02114,0.04919,0.04719,0.04375,0.2002,0.2085,
2.206,0.3117,0.1015,0.07925,0.05994,0.111,0.07877,0.02188,0.04844,0.04718,0.04374,0.2012,0.2071,
2.205,0.3137,0.1013,0.07939,0.06008,0.1107,0.07814,0.02188,0.04846,0.04719,0.04376,0.2012,0.2079,
2.199,0.3215,0.1039,0.07906,0.06,0.1106,0.07737,0.02082,0.06198,0.03454,0.04281,0.2022,0.2067,
2.199,0.3257,0.1007,0.07868,0.06038,0.1138,0.07737,0.02082,0.06198,0.03454,0.04281,0.2022,0.2067,
2.198,0.3161,0.1004,0.07838,0.06072,0.1137,0.07729,0.0208,0.06234,0.03408,0.04277,0.203,0.2065,
2.198,0.3139,0.09976,0.07815,0.06078,0.1135,0.07716,0.02076,0.06224,0.03544,0.04129,0.2047,0.2062,
2.192,0.3318,0.09916,0.07822,0.06099,0.1124,0.07315,0.02025,0.06228,0.03546,0.04131,0.2059,0.2109,
2.19,0.3279,0.09161,0.07805,0.06104,0.1195,0.07321,0.02027,0.06233,0.0355,0.04135,0.2061,0.2111,
2.19,0.3146,0.09136,0.07836,0.06115,0.1187,0.07328,0.02029,0.06239,0.03553,0.04138,0.2063,0.2113,
2.19,0.3167,0.08982,0.0785,0.0613,0.1194,0.07333,0.02031,0.06244,0.03556,0.04142,0.2065,0.2115,
2.19,0.3186,0.08983,0.07878,0.06149,0.1175,0.07284,0.02035,0.06258,0.03832,0.03883,0.2069,0.2126,
2.19,0.3283,0.09113,0.07873,0.06152,0.1177,0.07335,0.01982,0.06257,0.0393,0.03783,0.2079,0.2101,
2.191,0.3236,0.09382,0.07882,0.06152,0.1172,0.07264,0.01981,0.06253,0.03927,0.03781,0.2088,0.2077,
2.202,0.3211,0.09353,0.07888,0.06151,0.1171,0.07309,0.01926,0.06299,0.03871,0.04576,0.2017,0.2075,
2.201,0.3218,0.0934,0.07875,0.0616,0.1166,0.07304,0.01925,0.06379,0.03837,0.04521,0.2025,0.2074,
2.201,0.3378,0.09337,0.07882,0.06178,0.1159,0.07311,0.01927,0.06474,0.03751,0.04525,0.2027,0.2076,
2.201,0.3426,0.09223,0.07884,0.06183,0.1169,0.07245,0.0198,0.06421,0.03751,0.04525,0.2027,0.2082,
2.2,0.3399,0.08999,0.07883,0.06203,0.1187,0.07248,0.0198,0.06424,0.03851,0.04428,0.2028,0.2083,
2.2,0.3361,0.08999,0.07869,0.06217,0.1187,0.07248,0.0198,0.06424,0.03851,0.04428,0.2028,0.2083,
2.2,0.3598,0.09016,0.07861,0.06253,0.1169,0.07263,0.01985,0.06511,0.04042,0.0418,0.2033,0.2088,
2.2,0.3222,0.08994,0.07862,0.0626,0.1156,0.07267,0.01984,0.06514,0.04042,0.0418,0.2044,0.2089,
2.197,0.3256,0.08975,0.07864,0.0627,0.1145,0.07015,0.0204,0.06472,0.04049,0.04187,0.2048,0.2119,
2.199,0.324,0.09262,0.0786,0.06271,0.1144,0.07008,0.02038,0.06465,0.04148,0.0408,0.2056,0.2087,
2.198,0.3299,0.09262,0.0786,0.06271,0.1144,0.06942,0.02038,0.06518,0.04095,0.0408,0.2056,0.2093,
2.197,0.3302,0.09445,0.07863,0.06297,0.114,0.06674,0.02037,0.06514,0.04092,0.04077,0.2065,0.2096,
2.198,0.4017,0.09395,0.07892,0.06293,0.1138,0.06667,0.06335,0.02207,0.04141,0.0402,0.2073,0.2093,
2.196,0.4029,0.09357,0.07887,0.06311,0.1135,0.06562,0.0634,0.02209,0.04741,0.03428,0.2075,0.2106,
2.194,0.4017,0.09357,0.07878,0.0632,0.1135,0.06497,0.06452,0.02097,0.04741,0.03428,0.2075,0.2113,
2.19,0.4133,0.08919,0.07863,0.06273,0.1176,0.06273,0.06455,0.02203,0.04637,0.03429,0.2076,0.2143,
2.19,0.3701,0.08923,0.07865,0.06278,0.1172,0.06522,0.06211,0.02204,0.04806,0.03263,0.2077,0.2144,
2.19,0.372,0.0887,0.07844,0.06299,0.1177,0.06522,0.06211,0.02257,0.04753,0.03263,0.2077,0.2144,
2.19,0.4818,0.08843,0.07867,0.06303,0.1177,0.06575,0.06159,0.02257,0.04753,0.03263,0.2077,0.2144,
2.19,0.4586,0.08822,0.07849,0.06342,0.1177,0.06575,0.06159,0.02257,0.04753,0.03263,0.2077,0.2144,
2.187,0.4199,0.0882,0.07849,0.0635,0.1174,0.06551,0.06007,0.02258,0.04905,0.03115,0.2078,0.2163,
2.186,0.4202,0.08823,0.07845,0.06359,0.117,0.06487,0.0601,0.02259,0.04907,0.03117,0.2079,0.217,
2.184,0.388,0.08821,0.07835,0.06366,0.1168,0.06254,0.05978,0.02392,0.04777,0.03118,0.208,0.2198,
2.182,0.3857,0.08968,0.07815,0.06377,0.1167,0.06094,0.05972,0.0239,0.04886,0.03,0.2088,0.2195,
2.181,0.3916,0.09068,0.07799,0.06392,0.1159,0.0604,0.05924,0.02391,0.04942,0.02949,0.21,0.219,
2.191,0.3878,0.09921,0.07775,0.06376,0.1152,0.05821,0.05908,0.02385,0.05403,0.02972,0.2075,0.2117,
2.189,0.3864,0.09839,0.07785,0.06382,0.1153,0.05628,0.05913,0.02387,0.05408,0.02975,0.2077,0.2139,
2.186,0.3903,0.09807,0.07818,0.06389,0.115,0.05464,0.05863,0.0252,0.05366,0.02888,0.2077,0.2162,
2.186,0.3886,0.09807,0.07797,0.0641,0.115,0.05464,0.05863,0.0252,0.05419,0.02836,0.2077,0.2162,
2.186,0.3892,0.09797,0.07805,0.06417,0.1146,0.05466,0.05865,0.02521,0.05421,0.02837,0.2078,0.2162,
2.181,0.3921,0.09953,0.07807,0.06415,0.1155,0.05001,0.05862,0.02572,0.05365,0.02835,0.2087,0.2176,
2.181,0.3779,0.09932,0.07823,0.06419,0.1155,0.05001,0.05862,0.02572,0.05417,0.02782,0.2087,0.2176,
2.179,0.3781,0.09924,0.0784,0.06426,0.1148,0.04895,0.05867,0.02574,0.05475,0.02732,0.2089,0.2189,
2.177,0.3753,0.1003,0.07821,0.06423,0.1136,0.047,0.05871,0.02629,0.05426,0.02734,0.2101,0.2199,
2.173,0.3844,0.1002,0.07816,0.06441,0.1136,0.04676,0.05882,0.02576,0.0577,0.0239,0.2101,0.2205,
2.172,0.3703,0.1002,0.07787,0.0647,0.1136,0.0461,0.05882,0.02576,0.0577,0.0239,0.2101,0.2212,
2.172,0.3779,0.0997,0.07832,0.06479,0.1131,0.04613,0.05886,0.02577,0.05773,0.0239,0.2103,0.2214,
2.199,0.3498,0.1017,0.07817,0.06485,0.1131,0.04613,0.05885,0.02576,0.05772,0.0377,0.1975,0.2186,
2.199,0.3304,0.1007,0.07816,0.06497,0.1136,0.04662,0.0584,0.0263,0.05945,0.03548,0.1976,0.2187,
2.196,0.3436,0.1005,0.07835,0.06499,0.1136,0.04552,0.05874,0.02597,0.06033,0.0346,0.1976,0.2198,
2.197,0.3378,0.1003,0.07831,0.06491,0.1136,0.04554,0.05876,0.02734,0.059,0.03461,0.1977,0.2199,
2.196,0.3286,0.1018,0.07831,0.06493,0.1117,0.04438,0.05886,0.02738,0.0591,0.03467,0.199,0.2198,
2.196,0.3268,0.1027,0.07825,0.06513,0.1107,0.04441,0.05932,0.02697,0.0601,0.03371,0.2002,0.2186,
2.196,0.3267,0.1048,0.07849,0.06524,0.1103,0.0444,0.06038,0.0259,0.06009,0.0337,0.2011,0.2156,
2.196,0.3454,0.1045,0.07878,0.06528,0.1099,0.04442,0.0604,0.02591,0.06011,0.03372,0.2012,0.2157,
2.174,0.3726,0.1072,0.07865,0.06527,0.1132,0.08739,0.01666,0.02588,0.06058,0.03315,0.202,0.21,
2.173,0.3058,0.1069,0.07866,0.06535,0.1128,0.08734,0.01665,0.02629,0.06013,0.03314,0.2029,0.2099,
2.174,0.2851,0.106,0.07851,0.06556,0.1133,0.08738,0.01708,0.02588,0.06015,0.03315,0.203,0.21,
2.174,0.3107,0.103,0.07864,0.06565,0.1151,0.08741,0.01794,0.05965,0.02558,0.03316,0.2031,0.2107,
2.174,0.3059,0.1027,0.07866,0.0659,0.1151,0.08741,0.01794,0.05965,0.02558,0.03316,0.2031,0.2107,
2.171,0.3101,0.1012,0.07843,0.06604,0.1141,0.08803,0.01743,0.06059,0.02471,0.0332,0.2054,0.2109,
2.171,0.3264,0.1003,0.07845,0.06611,0.1143,0.0881,0.01744,0.06064,0.02527,0.03269,0.2055,0.2111,
2.17,0.3283,0.1002,0.07862,0.06618,0.1139,0.08658,0.01809,0.06003,0.02527,0.03271,0.2056,0.2128,
2.17,0.3191,0.1028,0.07858,0.06616,0.1138,0.0865,0.01849,0.06173,0.02305,0.03267,0.2065,0.2098,
2.167,0.3221,0.1026,0.07861,0.06498,0.1138,0.08473,0.01849,0.06173,0.02305,0.03267,0.2065,0.2129,
2.168,0.3227,0.1047,0.07853,0.06516,0.1126,0.08474,0.0185,0.06217,0.02263,0.03268,0.2075,0.2108,
2.168,0.291,0.1047,0.07865,0.06526,0.1119,0.08482,0.01914,0.06157,0.02263,0.03269,0.2077,0.211,
2.169,0.3304,0.1042,0.07915,0.06532,0.1115,0.08486,0.01915,0.0616,0.0231,0.03225,0.2078,0.211,
2.167,0.3219,0.104,0.07902,0.06412,0.1115,0.08486,0.01958,0.06188,0.02239,0.03225,0.2078,0.2125,
2.164,0.334,0.1041,0.0789,0.06242,0.1111,0.08489,0.01959,0.06191,0.0224,0.03226,0.2079,0.2145,
2.16,0.3264,0.1035,0.07906,0.06261,0.1108,0.08763,0.01694,0.06197,0.02242,0.03229,0.2081,0.2147,
2.164,0.3272,0.1067,0.07923,0.06268,0.1104,0.08699,0.01816,0.06077,0.02243,0.0323,0.2092,0.2111,
