entropy,entropyInd,RabA,RabB,RabC,RabD,RabE,RabF,RabG,RabH,RabI,xER,xPM,
2.178,0.3355,0.106,0.0907,0.0685,0.1252,0.05449,0.03938,0.03062,0.03407,0.03502,0.2066,0.2094,
2.177,0.3378,0.106,0.09069,0.06848,0.1243,0.05448,0.03937,0.0306,0.03405,0.03501,0.2077,0.2094,
2.174,0.3438,0.1068,0.09059,0.0684,0.1242,0.05282,0.0392,0.03042,0.03402,0.03497,0.2085,0.2101,
2.174,0.3538,0.1068,0.09059,0.0684,0.1242,0.05282,0.0392,0.03042,0.03402,0.03497,0.2085,0.2101,
2.172,0.3485,0.1086,0.09042,0.06838,0.1237,0.0506,0.03919,0.03041,0.03401,0.03496,0.2095,0.2102,
2.172,0.3436,0.1086,0.09026,0.0684,0.1236,0.05063,0.03921,0.03042,0.03402,0.03497,0.2096,0.2103,
2.169,0.3531,0.1086,0.09013,0.06843,0.1232,0.04869,0.03924,0.03044,0.03405,0.035,0.2098,0.2125,
2.175,0.3474,0.1102,0.08974,0.06842,0.1231,0.04868,0.03923,0.03044,0.03404,0.03813,0.2076,0.2103,
2.177,0.3412,0.1146,0.08969,0.06837,0.1227,0.04865,0.03921,0.03041,0.03402,0.03811,0.2085,0.2057,
2.171,0.3576,0.1109,0.08977,0.06645,0.1224,0.04758,0.03924,0.03044,0.03405,0.03813,0.2087,0.2124,
2.169,0.3452,0.1106,0.08979,0.0665,0.1221,0.04631,0.03927,0.03046,0.03407,0.03816,0.2089,0.2139,
2.168,0.3488,0.1106,0.08979,0.0665,0.1221,0.04565,0.03927,0.03046,0.03407,0.03816,0.2089,0.2145,
2.177,0.3539,0.1144,0.0896,0.06636,0.1218,0.04513,0.03908,0.03026,0.034,0.04339,0.2052,0.2107,
2.175,0.3458,0.1138,0.08964,0.06639,0.1215,0.04396,0.03897,0.03027,0.03402,0.04341,0.2053,0.2128,
2.175,0.3576,0.1136,0.08945,0.0664,0.1215,0.04398,0.03899,0.03029,0.03403,0.04343,0.2054,0.2129,
2.175,0.3723,0.1133,0.08947,0.06643,0.1216,0.044,0.039,0.0303,0.03405,0.04345,0.2055,0.2129,
2.174,0.3417,0.1136,0.08946,0.06641,0.1207,0.04398,0.03899,0.03029,0.03403,0.04343,0.2065,0.2126,
2.173,0.3491,0.1125,0.08946,0.06641,0.1207,0.04332,0.03899,0.03029,0.03403,0.04343,0.2065,0.2143,
2.173,0.3431,0.1125,0.08949,0.06643,0.1204,0.04334,0.03901,0.0303,0.03405,0.04344,0.2066,0.2144,
2.169,0.3445,0.1126,0.08953,0.06377,0.12,0.04336,0.03902,0.03031,0.03406,0.04346,0.2067,0.2172,
2.171,0.344,0.116,0.08943,0.0637,0.1199,0.04331,0.03898,0.03027,0.03402,0.04341,0.2075,0.2135,
2.17,0.3357,0.1172,0.08938,0.06366,0.1194,0.04262,0.03895,0.03025,0.034,0.04338,0.2084,0.2127,
2.171,0.3321,0.12,0.08931,0.0637,0.1186,0.04265,0.03898,0.03028,0.03402,0.04341,0.2096,0.2094,
2.184,0.3378,0.1192,0.08924,0.06223,0.1182,0.04029,0.03865,0.03025,0.034,0.05734,0.1966,0.214,
2.182,0.3267,0.1203,0.08916,0.06217,0.1181,0.03915,0.03861,0.03022,0.03397,0.05728,0.1974,0.2137,
2.182,0.3214,0.1201,0.08906,0.06219,0.1181,0.03917,0.03863,0.03024,0.03398,0.0573,0.1975,0.2138,
2.176,0.325,0.1197,0.08897,0.06226,0.1177,0.03569,0.03867,0.03027,0.03402,0.05736,0.1977,0.2176,
2.174,0.3254,0.1191,0.08892,0.06156,0.1173,0.03567,0.03865,0.03025,0.03399,0.05733,0.1986,0.2187,
2.177,0.3243,0.1253,0.08878,0.06146,0.1167,0.03562,0.03859,0.0302,0.03394,0.05724,0.2003,0.212,
2.178,0.3322,0.1275,0.08883,0.06151,0.1155,0.03565,0.03862,0.03022,0.03397,0.05728,0.2014,0.2095,
2.179,0.3178,0.1308,0.08877,0.06147,0.115,0.03563,0.03859,0.03021,0.03395,0.05725,0.2023,0.206,
2.179,0.3172,0.1309,0.0886,0.06177,0.1143,0.03617,0.0381,0.03023,0.0345,0.05676,0.2025,0.2062,
2.179,0.319,0.131,0.08846,0.06216,0.1132,0.03621,0.03815,0.03104,0.03377,0.05683,0.2028,0.2064,
2.179,0.3308,0.1296,0.08847,0.06257,0.1134,0.03625,0.03819,0.03886,0.02655,0.05637,0.203,0.2067,
2.179,0.3305,0.1289,0.08841,0.06263,0.1134,0.03625,0.03819,0.03886,0.02743,0.05549,0.203,0.2074,
2.18,0.342,0.1289,0.08849,0.06268,0.113,0.03627,0.03855,0.03853,0.02903,0.05393,0.2031,0.2074,
2.18,0.3136,0.1289,0.08853,0.06279,0.1126,0.03629,0.03945,0.03767,0.02904,0.05395,0.2032,0.2075,
2.182,0.3259,0.1289,0.08858,0.063,0.1116,0.03632,0.0395,0.03771,0.03136,0.05171,0.2035,0.2078,
2.181,0.3285,0.1272,0.08874,0.06303,0.1122,0.03631,0.03949,0.0377,0.03136,0.05171,0.2045,0.2078,
2.184,0.3394,0.1251,0.08801,0.06334,0.1139,0.03708,0.03948,0.03709,0.03844,0.04474,0.2047,0.2081,
2.184,0.3365,0.1249,0.0882,0.06343,0.1139,0.03767,0.04004,0.03637,0.03898,0.04376,0.2047,0.2081,
2.184,0.3384,0.1248,0.08801,0.06378,0.1135,0.03769,0.04005,0.03638,0.0405,0.04228,0.2048,0.2082,
2.183,0.3189,0.1233,0.08836,0.06386,0.113,0.03766,0.0409,0.03548,0.04047,0.04225,0.2067,0.208,
2.183,0.367,0.1232,0.08851,0.06405,0.1123,0.03795,0.04067,0.03603,0.04049,0.04174,0.2069,0.2082,
2.183,0.3265,0.1221,0.08853,0.06413,0.1118,0.03851,0.04016,0.03606,0.04265,0.03964,0.2081,0.2083,
2.182,0.327,0.1218,0.08878,0.06417,0.1106,0.03852,0.04017,0.03606,0.04395,0.03835,0.2092,0.2084,
2.181,0.3347,0.1216,0.08867,0.06434,0.1101,0.0385,0.04015,0.03604,0.04684,0.03541,0.2101,0.2083,
2.181,0.3358,0.1215,0.08861,0.06446,0.1101,0.0385,0.04015,0.03604,0.04684,0.03541,0.2101,0.2083,
2.181,0.3329,0.1212,0.08881,0.06459,0.1101,0.03903,0.03962,0.03604,0.04684,0.03541,0.2101,0.2083,
2.185,0.3415,0.1212,0.08866,0.0647,0.1092,0.03902,0.0396,0.03603,0.04736,0.03729,0.2087,0.2082,
2.184,0.3546,0.1209,0.08881,0.06466,0.1088,0.039,0.03958,0.036,0.04732,0.03726,0.2096,0.2081,
2.183,0.3424,0.1203,0.0893,0.06475,0.1088,0.039,0.03958,0.036,0.05155,0.03304,0.2096,0.2081,
2.183,0.3396,0.1202,0.08922,0.06488,0.1088,0.039,0.03958,0.036,0.05155,0.03304,0.2096,0.2081,
2.164,0.3548,0.12,0.08932,0.06498,0.1088,0.039,0.06351,0.01207,0.05155,0.03304,0.2096,0.2081,
2.16,0.3676,0.1199,0.08923,0.06505,0.1083,0.03759,0.06281,0.01205,0.05205,0.03248,0.2106,0.21,
2.16,0.3578,0.1189,0.08902,0.0653,0.1093,0.06288,0.03752,0.01205,0.05205,0.03248,0.2106,0.21,
2.16,0.3547,0.1171,0.08903,0.06547,0.1106,0.06291,0.03753,0.01205,0.05259,0.03196,0.2106,0.2101,
2.16,0.3564,0.1171,0.08877,0.06578,0.1106,0.06291,0.03753,0.01205,0.05312,0.03143,0.2106,0.2101,
2.16,0.3535,0.1169,0.0887,0.066,0.1106,0.06291,0.03753,0.01205,0.05312,0.03143,0.2106,0.2101,
2.159,0.3649,0.1133,0.08862,0.06621,0.1138,0.06227,0.03755,0.01206,0.05368,0.03091,0.2107,0.2109,
2.154,0.3679,0.1126,0.08835,0.06647,0.1139,0.06233,0.03758,0.01207,0.06072,0.02395,0.2109,0.2111,
2.153,0.3664,0.112,0.0884,0.06669,0.114,0.06236,0.03802,0.01165,0.06074,0.02396,0.211,0.2112,
2.164,0.3645,0.1102,0.08836,0.06681,0.1143,0.0624,0.03804,0.01235,0.06007,0.02919,0.207,0.2113,
2.165,0.3681,0.1034,0.08883,0.06703,0.1199,0.06245,0.03808,0.01332,0.05916,0.02922,0.2072,0.2115,
2.165,0.3731,0.1025,0.08873,0.06738,0.1199,0.0625,0.03811,0.01333,0.06019,0.02827,0.2074,0.2117,
2.166,0.3688,0.1024,0.08864,0.06761,0.1196,0.06253,0.03813,0.01412,0.05997,0.02775,0.2075,0.2118,
2.162,0.3787,0.1023,0.08871,0.06597,0.1196,0.06187,0.03813,0.01412,0.06157,0.02615,0.2075,0.2142,
2.161,0.3694,0.1019,0.08866,0.0662,0.1193,0.06125,0.03816,0.01412,0.06162,0.02616,0.2076,0.215,
2.159,0.3708,0.1019,0.08866,0.0662,0.1193,0.06125,0.03816,0.01412,0.06325,0.02453,0.2076,0.215,
2.155,0.3816,0.1017,0.08863,0.06641,0.1193,0.0592,0.03816,0.01412,0.06467,0.02311,0.2076,0.2171,
2.158,0.3767,0.1064,0.08866,0.06651,0.1192,0.05914,0.03812,0.01411,0.0646,0.02309,0.2085,0.2118,
2.158,0.3654,0.1058,0.0889,0.06672,0.1185,0.05855,0.03817,0.01413,0.06469,0.02312,0.2087,0.2127,
2.159,0.3668,0.1077,0.08879,0.06687,0.1176,0.05854,0.03816,0.01474,0.06406,0.02311,0.2098,0.2107,
2.157,0.3607,0.1075,0.08868,0.06708,0.1171,0.05712,0.03813,0.01473,0.06402,0.0231,0.2107,0.2119,
2.157,0.3573,0.107,0.08877,0.06705,0.1162,0.05805,0.03723,0.01516,0.06361,0.0231,0.2118,0.212,
2.154,0.3642,0.1055,0.08867,0.06728,0.1171,0.05655,0.03726,0.01517,0.06366,0.02312,0.212,0.2137,
2.154,0.3701,0.1055,0.08825,0.06739,0.1171,0.05657,0.03728,0.01517,0.06369,0.02313,0.2121,0.2138,
2.166,0.3626,0.1083,0.0878,0.06744,0.1169,0.05648,0.03721,0.01515,0.06359,0.02798,0.2089,0.2102,
2.164,0.3615,0.108,0.08784,0.06759,0.1161,0.0558,0.0372,0.01514,0.06357,0.02797,0.2099,0.2109,
2.164,0.3667,0.1074,0.08838,0.06784,0.1153,0.05585,0.03724,0.01516,0.06363,0.02799,0.2101,0.2111,
2.164,0.3689,0.1027,0.08848,0.06796,0.1195,0.05615,0.03698,0.01516,0.06366,0.028,0.2102,0.2112,
2.163,0.3793,0.1025,0.08803,0.06841,0.1194,0.05609,0.03694,0.01515,0.06359,0.02798,0.2111,0.2109,
2.165,0.3705,0.1017,0.08857,0.06858,0.1194,0.05609,0.03694,0.0161,0.06263,0.02798,0.2111,0.2109,
2.163,0.3799,0.1013,0.08892,0.06864,0.1194,0.05498,0.03694,0.0161,0.06263,0.02798,0.2111,0.212,
2.163,0.3744,0.1011,0.0892,0.06891,0.118,0.05508,0.03701,0.01613,0.06363,0.02713,0.2114,0.2124,
2.163,0.3723,0.1012,0.08921,0.06917,0.1166,0.05517,0.03707,0.01668,0.0632,0.02717,0.2118,0.2128,
2.167,0.3893,0.102,0.08906,0.06916,0.1177,0.05512,0.03756,0.01613,0.06313,0.02895,0.2108,0.2104,
2.167,0.3805,0.1019,0.08922,0.06925,0.116,0.05516,0.03759,0.01668,0.06318,0.02844,0.212,0.2106,
2.184,0.3717,0.1019,0.08908,0.0693,0.1155,0.05445,0.03757,0.01667,0.06314,0.03859,0.2028,0.2111,
2.198,0.3921,0.1016,0.0893,0.0693,0.1155,0.05445,0.0381,0.04593,0.03335,0.03859,0.2028,0.2111,
2.197,0.3915,0.1011,0.08939,0.06938,0.1155,0.05448,0.03812,0.04691,0.0324,0.0386,0.2029,0.2112,
2.196,0.3913,0.1009,0.08938,0.06832,0.1147,0.05447,0.03811,0.04743,0.03373,0.03672,0.2039,0.2123,
2.195,0.3908,0.1007,0.0895,0.06828,0.1142,0.05497,0.03755,0.04741,0.03371,0.0367,0.2048,0.2122,
2.195,0.3937,0.1006,0.08944,0.0685,0.1142,0.05497,0.03755,0.04741,0.03371,0.0367,0.2048,0.2122,
2.195,0.4049,0.1005,0.08948,0.06863,0.1135,0.05502,0.03759,0.04859,0.03313,0.0362,0.205,0.2124,
2.193,0.3981,0.1025,0.08912,0.0684,0.113,0.0548,0.03677,0.04839,0.033,0.03605,0.2082,0.2097,
2.192,0.4087,0.1025,0.08897,0.06861,0.113,0.05413,0.03782,0.04812,0.03222,0.03605,0.2082,0.2103,
2.192,0.3964,0.1022,0.08927,0.06874,0.1127,0.05415,0.03836,0.04845,0.03482,0.03261,0.2083,0.2104,
2.19,0.4038,0.1004,0.08876,0.06882,0.1134,0.05454,0.03773,0.04832,0.03472,0.03253,0.2109,0.2099,
2.191,0.4052,0.09957,0.08864,0.06885,0.1134,0.05387,0.03772,0.04832,0.03587,0.03322,0.2101,0.2105,
2.189,0.4165,0.09949,0.0887,0.06898,0.113,0.05234,0.03807,0.04799,0.03588,0.03323,0.2102,0.2121,
2.173,0.4098,0.1022,0.08851,0.06919,0.1129,0.07347,0.01738,0.04784,0.03542,0.0332,0.211,0.2089,
2.174,0.4044,0.101,0.08827,0.06926,0.1139,0.07339,0.01736,0.04779,0.03697,0.03275,0.2106,0.2087,
2.183,0.3955,0.1008,0.08833,0.06922,0.1131,0.07338,0.01735,0.04777,0.03696,0.03799,0.2064,0.2087,
2.182,0.3842,0.1002,0.08839,0.0693,0.1127,0.0739,0.01682,0.04776,0.03784,0.0371,0.2074,0.2087,
2.182,0.3986,0.1,0.08826,0.06966,0.1123,0.07393,0.01683,0.04867,0.03803,0.03605,0.2075,0.2087,
2.181,0.4007,0.09905,0.08817,0.06986,0.1129,0.07396,0.01683,0.04939,0.03733,0.03606,0.2076,0.2088,
2.181,0.4069,0.09853,0.08858,0.06998,0.1129,0.0733,0.01683,0.04939,0.03733,0.03606,0.2076,0.2095,
2.179,0.4006,0.09822,0.08858,0.07002,0.1128,0.07322,0.01681,0.051,0.04095,0.03071,0.2084,0.2093,
2.177,0.406,0.09714,0.08826,0.0702,0.1134,0.07086,0.01788,0.04999,0.04099,0.03073,0.2086,0.2119,
2.176,0.4092,0.0969,0.08851,0.07027,0.1131,0.06978,0.01789,0.05043,0.04058,0.03074,0.2087,0.2131,
2.176,0.4097,0.09657,0.08884,0.07027,0.1131,0.06978,0.01789,0.05043,0.04058,0.03074,0.2087,0.2131,
2.174,0.4106,0.09647,0.08888,0.07039,0.1128,0.06869,0.018,0.04992,0.0406,0.03075,0.2088,0.2147,
2.175,0.4239,0.09488,0.08885,0.07076,0.1135,0.06875,0.01889,0.04952,0.04021,0.03078,0.209,0.2149,
2.174,0.4302,0.09598,0.08908,0.07083,0.113,0.0676,0.01888,0.04991,0.03976,0.03076,0.2099,0.2144,
2.176,0.4248,0.09925,0.08904,0.0708,0.1128,0.06753,0.0192,0.04952,0.03972,0.03073,0.2107,0.2107,
2.188,0.4206,0.1005,0.08869,0.07089,0.1124,0.06573,0.01876,0.04951,0.0397,0.03854,0.2039,0.2113,
2.186,0.5056,0.1016,0.08878,0.07089,0.1123,0.06499,0.01832,0.04946,0.03966,0.03851,0.2047,0.2108,
2.186,0.4441,0.1011,0.08906,0.07115,0.1123,0.06432,0.01832,0.04946,0.03966,0.03851,0.2047,0.2114,
2.185,0.4085,0.09873,0.08891,0.07133,0.1143,0.06369,0.01909,0.04872,0.03968,0.03852,0.2048,0.2122,
2.186,0.4084,0.0996,0.08891,0.07139,0.1135,0.06371,0.0191,0.04873,0.04058,0.03765,0.2059,0.211,
2.183,0.4149,0.09896,0.08902,0.07015,0.113,0.0643,0.01859,0.04877,0.04061,0.03768,0.2061,0.2129,
2.181,0.4152,0.09839,0.08937,0.07024,0.1123,0.0625,0.01861,0.04883,0.04119,0.0372,0.2063,0.215,
2.179,0.4308,0.09823,0.08949,0.07039,0.1119,0.06253,0.01861,0.04885,0.04789,0.03054,0.2064,0.2151,
2.182,0.4465,0.1022,0.08968,0.07051,0.1111,0.06257,0.01863,0.04889,0.04792,0.03056,0.2076,0.2103,
2.182,0.4719,0.102,0.08944,0.0709,0.1104,0.06266,0.01865,0.04895,0.04799,0.0306,0.2079,0.2106,
2.181,0.4231,0.1018,0.08912,0.07101,0.1099,0.06274,0.01868,0.04902,0.04965,0.02904,0.2082,0.2108,
2.181,0.3492,0.1016,0.08889,0.07126,0.1098,0.06267,0.01866,0.04897,0.0496,0.02901,0.209,0.2106,
2.18,0.3517,0.09949,0.08902,0.07124,0.111,0.06264,0.01899,0.04952,0.04865,0.02899,0.2099,0.2105,
2.18,0.3611,0.09945,0.08882,0.07156,0.1107,0.06266,0.01899,0.04954,0.04866,0.029,0.21,0.2106,
2.179,0.3673,0.0991,0.08923,0.07174,0.1099,0.06229,0.01943,0.04892,0.05017,0.02756,0.2102,0.2115,
2.176,0.3604,0.09891,0.08926,0.07176,0.1091,0.0603,0.01977,0.04899,0.04974,0.02755,0.2112,0.2134,
2.19,0.3564,0.1017,0.08881,0.07214,0.1086,0.06026,0.02029,0.04843,0.04971,0.03336,0.2063,0.2103,
2.189,0.3557,0.09824,0.08855,0.07223,0.1119,0.0602,0.02061,0.04804,0.04966,0.03333,0.2071,0.2101,
2.188,0.3578,0.09799,0.08825,0.07232,0.1113,0.0601,0.02058,0.04867,0.04886,0.03327,0.2089,0.2098,
2.187,0.3668,0.09609,0.08828,0.07248,0.1127,0.06013,0.02059,0.04869,0.04889,0.03329,0.209,0.2099,
2.187,0.368,0.09591,0.0884,0.07253,0.1127,0.05902,0.02116,0.04855,0.04846,0.03329,0.209,0.211,
2.185,0.3814,0.09576,0.08809,0.07273,0.1126,0.05941,0.02068,0.0485,0.04841,0.03325,0.2098,0.2108,
2.185,0.3719,0.09556,0.08834,0.07279,0.1122,0.05877,0.02069,0.04852,0.04843,0.03327,0.2099,0.2115,
2.183,0.3676,0.09561,0.08808,0.07317,0.1115,0.05816,0.02071,0.04856,0.04942,0.03235,0.2101,0.2124,
2.183,0.3648,0.0953,0.08796,0.07327,0.1116,0.05872,0.02019,0.04858,0.04944,0.03237,0.2102,0.2125,
2.184,0.3666,0.0975,0.08788,0.07342,0.1114,0.05866,0.02016,0.04896,0.04896,0.03233,0.211,0.2097,
2.184,0.3615,0.09739,0.08789,0.07369,0.1096,0.05881,0.02021,0.04951,0.04866,0.03241,0.2116,0.2103,
2.183,0.365,0.09745,0.08779,0.07394,0.1089,0.05886,0.02023,0.05026,0.04942,0.03102,0.2117,0.2104,
2.207,0.3624,0.09663,0.08779,0.07407,0.1076,0.05888,0.02077,0.05027,0.0489,0.04515,0.1987,0.2112,
2.206,0.3601,0.09573,0.08799,0.0743,0.107,0.05898,0.02081,0.05036,0.04898,0.04523,0.1991,0.2115,
2.206,0.3625,0.09351,0.08829,0.07466,0.1069,0.05957,0.02043,0.05049,0.04911,0.04534,0.1996,0.2121,
2.197,0.3599,0.09336,0.08798,0.07487,0.1068,0.06554,0.01438,0.05044,0.04906,0.0453,0.2004,0.2119,
2.196,0.3612,0.0921,0.0878,0.07489,0.1078,0.06481,0.01436,0.05039,0.04901,0.04525,0.2012,0.2124,
2.194,0.3684,0.09208,0.08772,0.07508,0.1075,0.06372,0.01436,0.05041,0.04956,0.04473,0.2013,0.2136,
2.192,0.3635,0.09187,0.08777,0.07335,0.1071,0.06415,0.01397,0.05043,0.04958,0.04475,0.2014,0.2157,
2.191,0.37,0.09031,0.08776,0.07341,0.1086,0.06415,0.01397,0.05043,0.05103,0.0433,0.2014,0.2157,
2.19,0.3695,0.08945,0.08768,0.07344,0.1083,0.06314,0.01454,0.04998,0.05166,0.04285,0.2018,0.2172,
2.189,0.3734,0.08931,0.08768,0.07359,0.1083,0.06261,0.0144,0.04998,0.05345,0.04106,0.2018,0.2178,
2.19,0.3749,0.09068,0.08741,0.07375,0.1082,0.06254,0.01492,0.0494,0.05339,0.04102,0.2026,0.2161,
2.195,0.3901,0.09497,0.08721,0.07385,0.1078,0.06254,0.01623,0.04807,0.05338,0.04101,0.2035,0.2114,
2.194,0.3881,0.09385,0.08755,0.0741,0.1074,0.0628,0.01596,0.04807,0.05391,0.04046,0.2045,0.2114,
2.193,0.3938,0.0938,0.0873,0.07441,0.1074,0.0628,0.01596,0.04807,0.05552,0.03886,0.2045,0.2114,
2.192,0.4224,0.09377,0.08709,0.07388,0.1066,0.06279,0.01595,0.04805,0.05551,0.03884,0.2055,0.212,
2.192,0.3904,0.09219,0.08692,0.07403,0.1076,0.06284,0.01596,0.04809,0.05555,0.03888,0.2057,0.2122,
2.191,0.3942,0.09201,0.08684,0.07336,0.1075,0.06278,0.01652,0.04747,0.0555,0.03884,0.2065,0.2127,
2.191,0.3925,0.09211,0.08692,0.07361,0.1059,0.06289,0.01689,0.04721,0.05559,0.0389,0.2069,0.213,
2.191,0.3939,0.09212,0.08687,0.07386,0.1051,0.06295,0.0169,0.04725,0.05618,0.0384,0.2071,0.2132,
2.191,0.4009,0.09195,0.087,0.07403,0.1047,0.06298,0.01691,0.0495,0.05452,0.03788,0.2072,0.2133,
2.187,0.3868,0.09199,0.08673,0.07411,0.1043,0.0625,0.01584,0.04938,0.05544,0.037,0.2073,0.2154,
2.185,0.3861,0.09202,0.0867,0.0742,0.104,0.06096,0.01585,0.0494,0.05546,0.03701,0.2074,0.2171,
2.178,0.3931,0.09279,0.08654,0.07425,0.1044,0.06092,0.01584,0.07236,0.03244,0.03699,0.2083,0.2152,
2.179,0.3936,0.09508,0.08606,0.07421,0.1042,0.06082,0.01581,0.07224,0.03239,0.03693,0.21,0.2122,
2.179,0.3889,0.09476,0.08543,0.07451,0.1043,0.06088,0.01583,0.07231,0.03242,0.03696,0.2102,0.2124,
2.177,0.3925,0.09687,0.08525,0.07457,0.1033,0.05883,0.01634,0.07168,0.03238,0.03692,0.2121,0.2118,
2.174,0.4023,0.09538,0.08479,0.07517,0.103,0.05899,0.01666,0.07522,0.02929,0.03648,0.2126,0.2124,
2.171,0.4054,0.09541,0.08479,0.07456,0.1027,0.05762,0.01667,0.07602,0.03295,0.03208,0.2127,0.2145,
2.185,0.4245,0.09705,0.08483,0.07481,0.09983,0.05707,0.02924,0.06363,0.03302,0.03214,0.2142,0.2141,
2.197,0.4189,0.09672,0.08459,0.07484,0.09962,0.05695,0.02918,0.06421,0.03223,0.0399,0.2081,0.2137,
2.196,0.42,0.09554,0.08456,0.0748,0.1005,0.05689,0.02915,0.06414,0.03284,0.03922,0.2089,0.2135,
2.194,0.4017,0.09546,0.08467,0.07495,0.09975,0.05526,0.02904,0.0642,0.03287,0.03925,0.2091,0.2155,
2.194,0.4006,0.09535,0.08488,0.07503,0.09901,0.05531,0.02907,0.06425,0.03289,0.03928,0.2093,0.2157,
2.193,0.405,0.09785,0.0847,0.07299,0.09854,0.05528,0.02905,0.06421,0.03287,0.03926,0.2102,0.2151,
2.194,0.4018,0.1001,0.08471,0.07296,0.09898,0.05576,0.02848,0.06414,0.03284,0.03922,0.211,0.2118,
2.194,0.4095,0.09971,0.08436,0.07348,0.09862,0.05581,0.02851,0.0642,0.03771,0.03441,0.2112,0.212,
2.194,0.4121,0.09876,0.08431,0.07367,0.09917,0.05637,0.02852,0.06369,0.03772,0.03442,0.2113,0.2121,
2.194,0.4184,0.09853,0.08442,0.07378,0.09917,0.05637,0.02852,0.06369,0.04119,0.03095,0.2113,0.2121,
2.191,0.421,0.09852,0.08451,0.07382,0.09876,0.05527,0.02853,0.06426,0.04247,0.02917,0.2114,0.2133,
2.198,0.4303,0.09852,0.08437,0.07395,0.09876,0.05555,0.04361,0.04889,0.04247,0.02917,0.2114,0.2133,
2.198,0.4292,0.09833,0.08432,0.07426,0.09841,0.05585,0.04444,0.04784,0.04249,0.02918,0.2115,0.2134,
2.193,0.4352,0.09795,0.08412,0.07434,0.09798,0.06651,0.03375,0.04782,0.04248,0.02917,0.2125,0.2134,
2.191,0.4054,0.09768,0.08414,0.07438,0.09753,0.0662,0.03366,0.04771,0.04234,0.02902,0.2134,0.2139,
2.191,0.4046,0.0976,0.08432,0.07451,0.09672,0.06626,0.03369,0.04818,0.04195,0.02904,0.2136,0.2141,
2.193,0.3952,0.09658,0.08427,0.07444,0.09712,0.06639,0.05871,0.02271,0.04186,0.03457,0.2097,0.2137,
2.193,0.4243,0.09538,0.08407,0.07464,0.09831,0.06639,0.05871,0.02271,0.04186,0.03457,0.2097,0.2137,
2.193,0.4255,0.09867,0.08408,0.07392,0.09784,0.06568,0.05868,0.0227,0.04183,0.03455,0.2106,0.2114,
2.208,0.4518,0.0963,0.0837,0.07367,0.09943,0.0655,0.05851,0.02263,0.04172,0.04468,0.203,0.2109,
2.208,0.4108,0.09615,0.08382,0.07381,0.0979,0.06565,0.05862,0.02267,0.04333,0.04325,0.2034,0.2113,
2.206,0.3687,0.09424,0.08389,0.07381,0.09975,0.06366,0.05862,0.02267,0.04333,0.04325,0.2034,0.2133,
2.206,0.373,0.09424,0.08383,0.07387,0.09975,0.06393,0.05835,0.02267,0.04422,0.04236,0.2034,0.2133,
2.204,0.3782,0.09373,0.08357,0.07387,0.09945,0.06374,0.05817,0.02332,0.04426,0.04134,0.2059,0.2127,
2.203,0.379,0.09376,0.08352,0.07398,0.09907,0.06377,0.05938,0.02215,0.04428,0.04136,0.206,0.2128,
2.201,0.3787,0.09381,0.08344,0.07415,0.09836,0.06324,0.05932,0.02174,0.04432,0.0414,0.2062,0.2141,
2.201,0.3841,0.09171,0.08318,0.07463,0.09967,0.0633,0.05937,0.02175,0.04524,0.04054,0.2063,0.2143,
2.199,0.3762,0.09122,0.08311,0.07475,0.09923,0.06205,0.05899,0.02278,0.0443,0.04059,0.2066,0.2163,
2.196,0.3879,0.08987,0.08321,0.0749,0.09976,0.06071,0.05851,0.02267,0.04434,0.04063,0.2068,0.2186,
2.196,0.3719,0.08937,0.08325,0.07502,0.09981,0.06074,0.05853,0.02268,0.04436,0.04065,0.2069,0.2187,
2.197,0.3714,0.09384,0.08315,0.07514,0.09975,0.05847,0.0585,0.0231,0.04559,0.03894,0.2078,0.2157,
2.195,0.3753,0.09384,0.08265,0.07497,0.09975,0.05779,0.05907,0.02252,0.04559,0.03894,0.2078,0.2171,
2.195,0.3727,0.09283,0.08263,0.07514,0.1,0.05812,0.05885,0.02254,0.04562,0.03897,0.208,0.2173,
2.197,0.3725,0.09658,0.08246,0.07543,0.09957,0.05811,0.05884,0.02253,0.04562,0.03897,0.209,0.2129,
2.198,0.3821,0.09617,0.08271,0.07568,0.0992,0.05814,0.05887,0.02254,0.04564,0.03898,0.2091,0.213,
2.197,0.376,0.09582,0.08264,0.07585,0.09888,0.05819,0.05891,0.02256,0.04567,0.03901,0.2093,0.2132,
2.197,0.3794,0.09522,0.08253,0.07596,0.09882,0.05816,0.05888,0.02327,0.04539,0.03852,0.2102,0.213,
2.195,0.3804,0.09412,0.08255,0.07451,0.09978,0.05816,0.05888,0.02327,0.04539,0.03852,0.2102,0.2146,
2.194,0.3767,0.09558,0.08248,0.0743,0.09947,0.05656,0.05869,0.02373,0.04471,0.0384,0.2127,0.2134,
2.206,0.3757,0.09426,0.08233,0.07441,0.1005,0.0565,0.05863,0.0237,0.04467,0.04628,0.2056,0.2131,
2.205,0.3768,0.08956,0.08258,0.0746,0.1044,0.05652,0.05866,0.02371,0.04469,0.0463,0.2057,0.2132,
2.205,0.3786,0.08839,0.0826,0.07483,0.1051,0.05655,0.05868,0.02373,0.04524,0.04578,0.2058,0.2133,
2.205,0.3809,0.08816,0.08273,0.07492,0.1051,0.05655,0.05868,0.02373,0.04823,0.0428,0.2058,0.2133,
2.203,0.4093,0.08688,0.08263,0.07512,0.1057,0.05646,0.05862,0.02331,0.0488,0.04229,0.206,0.2142,
2.175,0.4022,0.08659,0.08203,0.07548,0.1056,0.09614,0.01959,0.02279,0.04885,0.04233,0.2062,0.2144,
2.172,0.408,0.08639,0.08188,0.07469,0.1055,0.09439,0.0196,0.0228,0.04887,0.04235,0.2063,0.2172,
2.173,0.4118,0.08539,0.08162,0.07506,0.1064,0.09439,0.02013,0.02313,0.04854,0.04181,0.2063,0.2172,
2.173,0.4146,0.08518,0.08163,0.07525,0.1064,0.09439,0.02067,0.02259,0.04908,0.04127,0.2063,0.2172,
2.174,0.4216,0.08818,0.0816,0.07518,0.1063,0.09478,0.02016,0.02257,0.04903,0.04123,0.2071,0.2139,
2.175,0.4131,0.08795,0.08185,0.07535,0.1053,0.09491,0.02019,0.02397,0.04771,0.04128,0.2074,0.2142,
2.174,0.4113,0.08795,0.08185,0.07535,0.1053,0.09339,0.02019,0.02397,0.04771,0.04128,0.2074,0.2157,
2.174,0.4824,0.08782,0.08191,0.07555,0.1046,0.09348,0.0202,0.024,0.04775,0.04132,0.2075,0.2159,
2.173,0.4659,0.0867,0.08208,0.07502,0.1048,0.09356,0.02022,0.02402,0.0478,0.04136,0.2077,0.2167,
2.173,0.4471,0.09125,0.08125,0.07373,0.1041,0.09264,0.02017,0.02395,0.04767,0.04124,0.2103,0.2137,
2.173,0.436,0.09121,0.08125,0.07382,0.1037,0.09268,0.02018,0.02396,0.04877,0.04019,0.2104,0.2138,
2.172,0.4078,0.09359,0.08072,0.0739,0.1036,0.09276,0.01891,0.02509,0.04759,0.04016,0.2113,0.2123,
2.171,0.4041,0.09349,0.08051,0.07394,0.1035,0.09266,0.01889,0.02507,0.05027,0.0374,0.2122,0.2121,
2.17,0.3597,0.09343,0.08049,0.07408,0.1032,0.09158,0.0189,0.02507,0.05029,0.03741,0.2122,0.2133,
2.169,0.3564,0.09327,0.08047,0.074,0.1031,0.09149,0.01888,0.02505,0.05024,0.03737,0.2131,0.2131,
2.173,0.3564,0.09238,0.08087,0.07405,0.1023,0.08936,0.01911,0.02452,0.05025,0.04184,0.2097,0.2156,
2.173,0.3611,0.09237,0.08063,0.07437,0.1019,0.0894,0.01912,0.02453,0.05239,0.03974,0.2098,0.2157,
2.169,0.3917,0.09228,0.08069,0.07449,0.1015,0.08743,0.01912,0.05497,0.02197,0.03976,0.2099,0.2178,
2.169,0.3995,0.09221,0.0806,0.07466,0.1015,0.08743,0.01912,0.05497,0.02197,0.03976,0.2099,0.2178,
2.17,0.4064,0.09301,0.08038,0.07471,0.1027,0.08734,0.0191,0.05491,0.02195,0.03972,0.2108,0.2154,
2.169,0.4053,0.09115,0.08047,0.07471,0.1042,0.08738,0.01911,0.05594,0.02248,0.03821,0.2109,0.2155,
2.168,0.413,0.09106,0.08033,0.07494,0.1042,0.08877,0.01772,0.05594,0.02337,0.03732,0.2109,0.2155,
2.169,0.4165,0.09378,0.07981,0.07512,0.1044,0.08764,0.01771,0.05593,0.02337,0.03731,0.2119,0.213,
2.167,0.4215,0.09528,0.07985,0.07524,0.1039,0.08506,0.01736,0.05589,0.02433,0.0363,0.2128,0.214,
2.166,0.4213,0.09519,0.07963,0.07529,0.1036,0.08556,0.01694,0.05594,0.02534,0.03535,0.213,0.2141,
2.177,0.4149,0.09764,0.07954,0.07542,0.1032,0.08269,0.01682,0.05577,0.02532,0.04281,0.2065,0.2144,
2.174,0.417,0.09677,0.07969,0.07548,0.1038,0.0811,0.01639,0.05657,0.02452,0.04281,0.2065,0.2164,
2.172,0.4164,0.09677,0.07966,0.07551,0.1038,0.0803,0.01586,0.05657,0.02452,0.04281,0.2065,0.2177,
2.174,0.4222,0.1003,0.07943,0.07554,0.1032,0.0802,0.01584,0.05651,0.02449,0.04276,0.2083,0.2134,
2.17,0.4187,0.1003,0.07935,0.07569,0.1029,0.07734,0.01585,0.05739,0.02418,0.04224,0.2084,0.2164,
2.17,0.4257,0.1001,0.07948,0.07585,0.1023,0.0774,0.01586,0.05787,0.02377,0.04228,0.2086,0.2166,
2.167,0.4305,0.09987,0.07943,0.07612,0.102,0.07498,0.01587,0.05789,0.02379,0.04229,0.2086,0.2191,
2.166,0.4245,0.09917,0.07953,0.07615,0.1016,0.07344,0.01656,0.05723,0.0238,0.04231,0.2087,0.2214,
2.161,0.4221,0.09897,0.07948,0.07635,0.1012,0.06872,0.01655,0.05727,0.02433,0.04179,0.2089,0.2264,
2.159,0.4276,0.1014,0.07943,0.07441,0.1013,0.06752,0.01653,0.0572,0.0243,0.04174,0.2108,0.2254,
2.16,0.4114,0.1014,0.07928,0.07457,0.101,0.06755,0.01654,0.05722,0.02607,0.04,0.2109,0.2255,
2.158,0.4158,0.1024,0.07924,0.07478,0.1006,0.06553,0.01653,0.05722,0.02705,0.03901,0.2119,0.2258,
2.158,0.4073,0.1023,0.0792,0.07489,0.1006,0.06485,0.01653,0.05722,0.02802,0.03804,0.2119,0.2265,
2.158,0.4045,0.1021,0.07931,0.07496,0.1006,0.06418,0.01696,0.05679,0.02891,0.03715,0.2119,0.2272,
2.156,0.4106,0.1019,0.07933,0.07514,0.1006,0.06418,0.01629,0.05679,0.02891,0.03715,0.2119,0.2278,
2.155,0.4221,0.1017,0.07948,0.07533,0.1002,0.06242,0.01741,0.0557,0.02966,0.03642,0.212,0.2297,
2.154,0.4298,0.1015,0.07968,0.07546,0.09951,0.06354,0.01688,0.0552,0.02968,0.03645,0.2122,0.2299,
2.155,0.4094,0.1049,0.07993,0.07544,0.09861,0.06196,0.01745,0.05462,0.0312,0.03492,0.2132,0.2278,
2.155,0.4032,0.1049,0.07985,0.07552,0.09861,0.06196,0.01745,0.05462,0.0312,0.03492,0.2132,0.2278,
2.171,0.3946,0.1069,0.07981,0.0756,0.09814,0.06192,0.01744,0.05459,0.03118,0.04339,0.2056,0.2254,
2.172,0.382,0.1107,0.07969,0.07573,0.09765,0.06189,0.01743,0.05577,0.02994,0.04336,0.2065,0.2213,
2.17,0.3885,0.1088,0.07968,0.07582,0.09947,0.05987,0.01743,0.05577,0.02994,0.04336,0.2065,0.2233,
2.17,0.39,0.1083,0.08011,0.07593,0.09947,0.06041,0.01689,0.05577,0.03342,0.03988,0.2065,0.2233,
2.17,0.4029,0.1081,0.08037,0.07596,0.09911,0.06043,0.01747,0.05629,0.03236,0.0399,0.2066,0.2234,
2.17,0.4031,0.108,0.08045,0.07596,0.09911,0.06043,0.01747,0.05682,0.03236,0.03936,0.2066,0.2234,
2.17,0.4017,0.1078,0.08064,0.07596,0.09911,0.06043,0.01747,0.05682,0.03236,0.03936,0.2066,0.2234,
2.174,0.4012,0.1126,0.08046,0.07604,0.09906,0.06039,0.01746,0.05679,0.0372,0.03448,0.2076,0.218,
2.174,0.4037,0.1098,0.08053,0.07612,0.1014,0.06042,0.01747,0.05682,0.03721,0.03449,0.2076,0.2181,
2.174,0.4014,0.1123,0.08027,0.07622,0.1013,0.06089,0.01691,0.05676,0.03717,0.03446,0.2085,0.2152,
2.172,0.406,0.1121,0.0804,0.07559,0.1013,0.05977,0.01691,0.05676,0.03717,0.03446,0.2085,0.217,
2.172,0.4032,0.1161,0.08008,0.07435,0.1013,0.05925,0.01678,0.05677,0.03719,0.03447,0.2096,0.2141,
2.17,0.3927,0.1153,0.0801,0.0727,0.1011,0.05932,0.0168,0.05782,0.03625,0.03451,0.2099,0.2163,
2.171,0.3973,0.1182,0.08012,0.07268,0.1006,0.05929,0.01733,0.05725,0.03784,0.03288,0.2108,0.2131,
2.169,0.3718,0.1179,0.07998,0.07279,0.1006,0.05931,0.01733,0.0618,0.03334,0.03289,0.2109,0.2132,
2.165,0.3998,0.1178,0.07978,0.07291,0.1001,0.05712,0.01732,0.0623,0.03332,0.03234,0.2118,0.2152,
2.165,0.401,0.1178,0.07984,0.07304,0.09937,0.05762,0.01688,0.06235,0.03334,0.03236,0.212,0.2154,
2.164,0.3796,0.1166,0.07913,0.07325,0.0989,0.05781,0.01693,0.06316,0.03286,0.03247,0.2128,0.2162,
2.163,0.387,0.1165,0.07917,0.07345,0.0981,0.05786,0.01694,0.06408,0.03202,0.0325,0.2129,0.2164,
2.164,0.3823,0.1183,0.07935,0.07348,0.09761,0.05783,0.01693,0.06404,0.03379,0.03069,0.2139,0.2141,
2.164,0.3848,0.1183,0.07926,0.07374,0.09682,0.05788,0.0173,0.06375,0.03382,0.03072,0.2141,0.2143,
2.164,0.3897,0.1163,0.07955,0.07394,0.09808,0.0579,0.0173,0.06378,0.03484,0.02973,0.2142,0.2144,
2.163,0.3877,0.116,0.07949,0.07402,0.09812,0.05725,0.01731,0.0638,0.03486,0.02974,0.2143,0.2152,
2.167,0.3968,0.1158,0.07941,0.07405,0.09761,0.05776,0.01676,0.06377,0.03484,0.03231,0.2126,0.215,
2.163,0.3909,0.1156,0.07966,0.07421,0.09692,0.05509,0.01677,0.06382,0.03486,0.03233,0.2128,0.2179,
2.164,0.387,0.1155,0.07958,0.07434,0.09692,0.05556,0.01685,0.06328,0.03486,0.03233,0.2128,0.2179,
2.166,0.3911,0.1194,0.07936,0.07446,0.09682,0.0555,0.01737,0.06341,0.03408,0.0323,0.2136,0.2136,
2.163,0.3902,0.1195,0.07877,0.07456,0.09643,0.05575,0.01648,0.06416,0.0342,0.03149,0.2137,0.2149,
2.168,0.3918,0.1191,0.07864,0.07445,0.09622,0.05563,0.01644,0.06402,0.03412,0.03493,0.2119,0.2145,
2.167,0.3914,0.119,0.07865,0.07387,0.09586,0.05559,0.01643,0.06404,0.03414,0.03495,0.2121,0.2153,
2.165,0.3878,0.1186,0.07913,0.07334,0.09511,0.05564,0.01644,0.06565,0.03262,0.03498,0.2123,0.2162,
2.165,0.3835,0.1181,0.07914,0.07343,0.09515,0.05566,0.01645,0.06622,0.03292,0.03418,0.2124,0.2163,
2.164,0.3841,0.1182,0.07899,0.07357,0.09496,0.05622,0.01635,0.06653,0.03221,0.03419,0.2135,0.2153,
2.163,0.387,0.1181,0.07891,0.0737,0.09496,0.05665,0.01592,0.06768,0.03105,0.03419,0.2135,0.2153,
2.163,0.4002,0.1171,0.07894,0.07376,0.09565,0.05667,0.01592,0.06771,0.03106,0.0342,0.2136,0.2154,
2.162,0.3904,0.1168,0.07921,0.07387,0.09524,0.05627,0.01582,0.06761,0.032,0.0333,0.2137,0.2162,
2.159,0.3955,0.1194,0.0791,0.0742,0.09391,0.05537,0.01493,0.06817,0.03147,0.03331,0.2148,0.2153,
2.164,0.3946,0.121,0.07906,0.07451,0.09263,0.05425,0.01493,0.06818,0.03246,0.03572,0.2126,0.2147,
2.162,0.3677,0.1218,0.0789,0.0745,0.09253,0.05261,0.01491,0.06811,0.0336,0.03451,0.2134,0.2151,
2.16,0.3721,0.1216,0.07901,0.07459,0.09253,0.05194,0.01491,0.0689,0.03435,0.03297,0.2134,0.2158,
2.153,0.3788,0.1212,0.07903,0.0747,0.09245,0.05494,0.01082,0.06894,0.03554,0.03181,0.2135,0.217,
2.139,0.387,0.1208,0.07937,0.07484,0.09245,0.05381,0.01136,0.08229,0.02219,0.03127,0.2135,0.2181,
2.136,0.3965,0.1197,0.07929,0.07496,0.09322,0.05383,0.01069,0.0837,0.02182,0.03029,0.2136,0.2189,
2.131,0.4112,0.1196,0.07936,0.07498,0.09322,0.0518,0.01069,0.08518,0.02034,0.03029,0.2136,0.221,
2.131,0.4567,0.1177,0.07966,0.07496,0.09459,0.05237,0.01069,0.08467,0.02035,0.0303,0.2137,0.2211,
2.163,0.4806,0.1146,0.07962,0.07446,0.09702,0.05236,0.05152,0.04393,0.02037,0.03033,0.2139,0.2219,
2.192,0.4245,0.1207,0.07944,0.07447,0.09646,0.05225,0.05147,0.04513,0.01965,0.04522,0.2004,0.2149,
2.191,0.4244,0.1194,0.07934,0.07452,0.09655,0.05226,0.05148,0.04513,0.01965,0.04523,0.2015,0.2149,
2.189,0.421,0.1191,0.07929,0.0729,0.09642,0.0523,0.05205,0.04461,0.01967,0.04527,0.2017,0.2168,
2.19,0.427,0.1178,0.07935,0.07302,0.09754,0.0523,0.05205,0.04461,0.01967,0.04527,0.2017,0.2168,
2.188,0.4291,0.1175,0.07961,0.07306,0.09754,0.05117,0.05205,0.04461,0.01967,0.04527,0.2017,0.2179,
2.187,0.4317,0.1173,0.07963,0.07329,0.09718,0.0506,0.05153,0.04463,0.01967,0.04528,0.2017,0.2191,
2.186,0.4375,0.1172,0.07965,0.0734,0.09718,0.0506,0.05242,0.04374,0.01967,0.04528,0.2017,0.2191,
2.189,0.4459,0.1221,0.07975,0.07346,0.09683,0.05061,0.05244,0.04375,0.01968,0.0453,0.2028,0.2133,
2.187,0.4445,0.1221,0.0797,0.07358,0.09642,0.04869,0.05294,0.04316,0.02023,0.04478,0.2029,0.2155,
2.187,0.4369,0.1218,0.07947,0.07366,0.09623,0.04865,0.0529,0.04313,0.02194,0.04303,0.2038,0.2153,
2.186,0.4337,0.1217,0.07932,0.0739,0.0944,0.04864,0.05413,0.04188,0.02193,0.04302,0.2058,0.2153,
2.185,0.4368,0.1212,0.07927,0.07381,0.0942,0.04863,0.05412,0.0418,0.0219,0.04298,0.2068,0.2153,
2.185,0.4513,0.1146,0.07952,0.07386,0.0996,0.04862,0.05476,0.04114,0.02189,0.04297,0.2078,0.2152,
2.185,0.4537,0.1139,0.07948,0.07385,0.09903,0.04856,0.0547,0.04109,0.02458,0.04021,0.2097,0.215,
2.185,0.4718,0.1138,0.07906,0.07435,0.09903,0.04856,0.0547,0.04189,0.02378,0.04021,0.2097,0.215,
2.183,0.4808,0.1137,0.07885,0.07384,0.09821,0.04855,0.05469,0.04254,0.02312,0.04021,0.2107,0.2156,
2.182,0.4533,0.1135,0.07885,0.07388,0.09773,0.04785,0.05466,0.04251,0.02311,0.04018,0.2116,0.2162,
2.175,0.4651,0.1133,0.07874,0.07386,0.09777,0.04787,0.06752,0.03013,0.02268,0.0402,0.2117,0.2163,
2.174,0.4603,0.1139,0.07847,0.07391,0.09749,0.04786,0.0675,0.03011,0.02268,0.04019,0.2127,0.2152,
2.174,0.4623,0.1135,0.07834,0.07406,0.09721,0.0479,0.06751,0.0305,0.02223,0.04023,0.213,0.2155,
2.17,0.4643,0.1131,0.07817,0.07431,0.09726,0.04781,0.06893,0.02785,0.02224,0.04025,0.2131,0.2169,
2.171,0.4816,0.1156,0.07803,0.07433,0.09705,0.04771,0.06878,0.02779,0.02219,0.04016,0.2148,0.2136,
2.17,0.464,0.1148,0.07805,0.07449,0.0968,0.04777,0.06947,0.02724,0.02277,0.03968,0.2151,0.2139,
2.171,0.4741,0.1144,0.07834,0.07462,0.09646,0.04779,0.07004,0.02671,0.02668,0.03579,0.2152,0.214,
2.169,0.4668,0.1143,0.07862,0.07476,0.09537,0.04626,0.07013,0.02674,0.02671,0.03584,0.2155,0.2158,
2.174,0.4747,0.114,0.0785,0.07482,0.09527,0.0471,0.06971,0.0269,0.02594,0.03915,0.213,0.2156,
2.173,0.4734,0.1137,0.07812,0.07486,0.09499,0.04761,0.06918,0.0269,0.02593,0.03912,0.214,0.2156,
2.173,0.4428,0.1124,0.0781,0.0749,0.09595,0.04811,0.0692,0.02623,0.02771,0.03728,0.2148,0.2153,
2.173,0.4398,0.1122,0.07799,0.07498,0.09563,0.04815,0.06926,0.02625,0.02771,0.03728,0.215,0.2155,
2.171,0.4405,0.1096,0.07801,0.07321,0.09722,0.0482,0.06936,0.02682,0.0272,0.03733,0.2153,0.2177,
2.171,0.4466,0.1091,0.07797,0.07325,0.0965,0.04829,0.06948,0.02687,0.02725,0.0374,0.2157,0.2181,
2.17,0.4434,0.1092,0.0773,0.07322,0.09659,0.04766,0.06954,0.0269,0.03,0.03471,0.2159,0.219,
2.17,0.4459,0.109,0.07698,0.07334,0.09637,0.0477,0.06961,0.02772,0.02923,0.03474,0.2161,0.2192,
2.17,0.4557,0.1081,0.0771,0.0734,0.09645,0.04774,0.06967,0.02775,0.03025,0.03377,0.2163,0.2194,
2.183,0.4404,0.1113,0.07707,0.07362,0.09562,0.04775,0.07023,0.0272,0.03026,0.0408,0.2104,0.2157,
2.184,0.4445,0.1111,0.07719,0.07372,0.09562,0.04775,0.07082,0.02662,0.03253,0.03853,0.2104,0.2157,
2.182,0.4485,0.1111,0.07722,0.07372,0.09562,0.04661,0.07082,0.02662,0.03308,0.03798,0.2104,0.2169,
2.181,0.4468,0.1108,0.07704,0.07363,0.09509,0.04653,0.0707,0.02658,0.03411,0.03683,0.2122,0.2165,
2.178,0.4394,0.1108,0.07681,0.07382,0.09421,0.04652,0.07202,0.02524,0.03411,0.03682,0.2132,0.2165,
2.179,0.4445,0.1106,0.07702,0.07392,0.09385,0.04654,0.07205,0.02569,0.03368,0.03684,0.2133,0.2166,
2.177,0.4409,0.1103,0.07709,0.07413,0.09173,0.04661,0.07217,0.02573,0.03428,0.03635,0.2147,0.2169,
2.176,0.4511,0.1088,0.07702,0.07436,0.0915,0.04665,0.07275,0.02522,0.03431,0.03638,0.216,0.2171,
2.183,0.4597,0.1077,0.07711,0.07419,0.09138,0.04658,0.07261,0.02519,0.03425,0.04095,0.2132,0.2168,
2.18,0.4685,0.1072,0.07706,0.07424,0.09082,0.04581,0.07248,0.02514,0.03419,0.04088,0.215,0.2171,
2.182,0.464,0.1125,0.07707,0.07428,0.09035,0.0458,0.07338,0.02423,0.03418,0.04087,0.216,0.2113,
2.186,0.4538,0.1124,0.07698,0.0742,0.09025,0.04575,0.0733,0.0242,0.03414,0.04356,0.2142,0.2111,
2.182,0.4628,0.1123,0.07747,0.07255,0.08819,0.04517,0.07406,0.02366,0.03549,0.04239,0.2146,0.2141,
2.181,0.4641,0.1123,0.07726,0.071,0.08704,0.04651,0.07289,0.02369,0.0378,0.04018,0.2149,0.2164,
2.18,0.4561,0.1122,0.07732,0.07113,0.08667,0.04652,0.07381,0.0228,0.03882,0.0392,0.215,0.2165,
2.157,0.4713,0.1115,0.07723,0.07106,0.08652,0.09674,0.02374,0.02242,0.03875,0.03913,0.2168,0.2161,
2.154,0.394,0.1108,0.07754,0.07108,0.08656,0.09605,0.02263,0.02243,0.04041,0.03751,0.2169,0.218,
2.166,0.3907,0.1137,0.07725,0.07116,0.08654,0.09604,0.02263,0.02242,0.0404,0.0438,0.2117,0.2143,
2.162,0.3834,0.1137,0.07713,0.0699,0.08654,0.09331,0.02263,0.02242,0.0404,0.0438,0.2117,0.2185,
2.16,0.3825,0.1137,0.07714,0.07001,0.08617,0.09198,0.02229,0.02289,0.03976,0.04368,0.2118,0.2206,
2.159,0.3727,0.116,0.07681,0.06991,0.08537,0.09066,0.02229,0.02289,0.03976,0.0437,0.213,0.2196,
2.16,0.3806,0.1172,0.07608,0.0699,0.08859,0.08853,0.02226,0.02286,0.03972,0.04366,0.215,0.2162,
2.159,0.3789,0.1167,0.07561,0.06999,0.08858,0.08851,0.02225,0.02284,0.0409,0.04247,0.216,0.2162,
2.157,0.4008,0.1165,0.07556,0.0701,0.08807,0.08593,0.02223,0.02326,0.04044,0.04244,0.2169,0.2186,
2.157,0.4065,0.116,0.07586,0.07025,0.08807,0.08593,0.02223,0.02326,0.04176,0.04112,0.2169,0.2186,
2.161,0.4213,0.1198,0.07579,0.07023,0.0876,0.08586,0.02276,0.0227,0.04173,0.04259,0.2164,0.2145,
2.17,0.4164,0.1183,0.07581,0.07018,0.08841,0.08568,0.02271,0.02338,0.04091,0.04844,0.2121,0.214,
2.167,0.4287,0.1183,0.07585,0.0703,0.08675,0.08365,0.02272,0.02393,0.04171,0.04715,0.2133,0.2163,
2.166,0.405,0.1173,0.07617,0.07043,0.08616,0.08176,0.02276,0.0252,0.04054,0.04724,0.2137,0.2187,
2.163,0.4187,0.1171,0.07635,0.07044,0.08579,0.07976,0.02277,0.02521,0.04056,0.04726,0.2138,0.2209,
2.163,0.4122,0.1171,0.07635,0.07044,0.08579,0.07976,0.02277,0.02521,0.0411,0.04671,0.2138,0.2209,
2.164,0.4192,0.1229,0.07607,0.0706,0.08519,0.07804,0.02273,0.02517,0.04359,0.04408,0.2156,0.2161,
2.164,0.4158,0.1226,0.07602,0.07061,0.0851,0.07796,0.0227,0.02514,0.04617,0.0414,0.2165,0.2158,
2.163,0.4187,0.1225,0.07592,0.07082,0.0851,0.07728,0.0227,0.02514,0.04708,0.04049,0.2165,0.2165,
2.161,0.4196,0.1225,0.07592,0.07088,0.08471,0.07698,0.02237,0.02515,0.04765,0.03997,0.2165,0.2173,
2.162,0.4214,0.1224,0.07604,0.07095,0.08471,0.07698,0.02237,0.02515,0.04765,0.03997,0.2165,0.2173,
2.181,0.4203,0.1179,0.07587,0.07116,0.09178,0.07625,0.02235,0.02514,0.04762,0.05091,0.2065,0.2145,
2.18,0.4157,0.1172,0.0758,0.07114,0.09154,0.07613,0.02231,0.0251,0.04754,0.05083,0.2083,0.2142,
2.18,0.4187,0.1171,0.07574,0.07115,0.09107,0.07608,0.0223,0.02598,0.0466,0.0508,0.2092,0.2141,
2.18,0.412,0.1157,0.07555,0.07139,0.09211,0.07544,0.02231,0.02642,0.04672,0.05027,0.2093,0.2148,
2.18,0.407,0.1157,0.07547,0.07154,0.0917,0.07547,0.02232,0.02644,0.04675,0.05029,0.2094,0.2149,
2.178,0.4014,0.1154,0.07534,0.07168,0.09174,0.0755,0.03024,0.01853,0.04731,0.04977,0.2095,0.215,
2.178,0.3989,0.1147,0.07501,0.07179,0.09173,0.07549,0.03024,0.01853,0.0473,0.04977,0.2105,0.215,
2.177,0.4015,0.1133,0.07479,0.07176,0.09261,0.07533,0.03061,0.0186,0.04666,0.04966,0.2121,0.2145,
2.176,0.4034,0.1131,0.07478,0.07189,0.0924,0.07591,0.03043,0.01826,0.04668,0.04967,0.2122,0.2146,
2.175,0.4021,0.1115,0.07478,0.07181,0.09367,0.07637,0.02985,0.01824,0.04663,0.04962,0.2131,0.2144,
2.173,0.3969,0.1104,0.07401,0.07206,0.09476,0.07417,0.02985,0.01824,0.04663,0.04962,0.2131,0.2172,
2.172,0.4044,0.1093,0.0746,0.07228,0.09442,0.0731,0.02987,0.01825,0.0472,0.04912,0.2133,0.2186,
2.169,0.407,0.1111,0.07444,0.07232,0.09432,0.07133,0.0293,0.01823,0.04878,0.04744,0.2141,0.2186,
2.169,0.4062,0.111,0.07441,0.0724,0.09432,0.0718,0.02883,0.01823,0.04878,0.04744,0.2141,0.2186,
2.169,0.4083,0.1138,0.0744,0.07244,0.09345,0.07179,0.02917,0.01787,0.0516,0.0446,0.2151,0.2158,
2.169,0.4308,0.1137,0.07442,0.07254,0.09345,0.07179,0.02917,0.01787,0.05269,0.0435,0.2151,0.2158,
2.169,0.426,0.1121,0.07466,0.0726,0.09424,0.07185,0.02917,0.01787,0.05372,0.04254,0.2153,0.216,
2.169,0.4154,0.1108,0.07463,0.07265,0.09464,0.07194,0.02921,0.01789,0.05379,0.0426,0.2156,0.2163,
2.169,0.4502,0.1108,0.07464,0.07276,0.09387,0.07201,0.02923,0.0179,0.05383,0.04264,0.2158,0.2164,
2.168,0.4487,0.1108,0.07476,0.0717,0.09348,0.07204,0.02925,0.01791,0.05386,0.04266,0.2159,0.2177,
2.174,0.4443,0.1116,0.07503,0.07175,0.09338,0.07196,0.02956,0.01754,0.0538,0.04654,0.2128,0.216,
2.174,0.4484,0.1108,0.07572,0.0719,0.09338,0.07196,0.03074,0.01636,0.0538,0.04654,0.2128,0.216,
2.172,0.4648,0.1098,0.07598,0.07094,0.09399,0.07172,0.03031,0.01636,0.0538,0.04654,0.2128,0.2177,
2.173,0.4502,0.1126,0.07601,0.07095,0.09379,0.07156,0.03024,0.01633,0.05369,0.04644,0.2145,0.2139,
2.173,0.4485,0.1112,0.07604,0.07115,0.09463,0.0721,0.02975,0.01633,0.05425,0.04592,0.2146,0.214,
2.17,0.4285,0.1142,0.07591,0.06909,0.09558,0.07,0.02972,0.01632,0.05419,0.04587,0.2154,0.2137,
2.17,0.4235,0.1136,0.07614,0.06917,0.09563,0.07003,0.02973,0.01632,0.05476,0.04535,0.2155,0.2138,
2.17,0.4228,0.1132,0.0763,0.06931,0.09488,0.07012,0.02977,0.01634,0.05592,0.04431,0.2158,0.2141,
2.176,0.4408,0.113,0.07566,0.06947,0.09422,0.07014,0.02977,0.01689,0.05539,0.04843,0.2129,0.2141,
2.174,0.4294,0.1127,0.0755,0.0695,0.09379,0.06919,0.02972,0.01685,0.0553,0.04834,0.2146,0.2144,
2.173,0.3861,0.1119,0.07581,0.0697,0.09242,0.06936,0.02979,0.01743,0.05697,0.04638,0.2152,0.215,
2.173,0.3916,0.1114,0.07611,0.06978,0.09173,0.06877,0.02983,0.01798,0.05749,0.04543,0.2155,0.216,
2.171,0.4001,0.1092,0.07621,0.06725,0.09309,0.06883,0.02985,0.01923,0.05631,0.04547,0.2157,0.2188,
2.17,0.4035,0.1086,0.07648,0.06721,0.09313,0.06727,0.02987,0.01924,0.05633,0.04549,0.2158,0.2205,
