entropy,entropyInd,RabA,RabB,RabC,RabD,RabE,RabF,RabG,RabH,RabI,xER,xPM,
2.178,0.3355,0.106,0.0907,0.0685,0.1252,0.05449,0.03938,0.03062,0.03407,0.03502,0.2066,0.2094,
2.174,0.3378,0.1059,0.09061,0.06843,0.125,0.05237,0.03921,0.03059,0.03403,0.03499,0.2075,0.2114,
2.178,0.347,0.1121,0.09055,0.06838,0.1245,0.05234,0.03918,0.03056,0.03401,0.03496,0.2084,0.205,
2.175,0.3376,0.1121,0.09059,0.06706,0.1242,0.05169,0.0392,0.03058,0.03402,0.03497,0.2085,0.2071,
2.174,0.3445,0.1123,0.09064,0.06713,0.1232,0.05065,0.03924,0.03061,0.03406,0.035,0.2087,0.2085,
2.171,0.333,0.1122,0.09057,0.06715,0.1231,0.04944,0.03895,0.03062,0.03407,0.03501,0.2088,0.2101,
2.171,0.3393,0.1131,0.09047,0.06708,0.123,0.04939,0.03891,0.03059,0.03403,0.03498,0.2097,0.2088,
2.171,0.3512,0.1129,0.09063,0.06718,0.1219,0.04947,0.03897,0.03063,0.03408,0.03503,0.21,0.2092,
2.171,0.3451,0.1129,0.09067,0.06721,0.1215,0.04949,0.03899,0.03064,0.0341,0.03504,0.2101,0.2093,
2.167,0.3407,0.1114,0.09067,0.06721,0.1215,0.04751,0.03899,0.03064,0.0341,0.03504,0.2101,0.2128,
2.167,0.3703,0.1114,0.09071,0.06726,0.1209,0.04754,0.03902,0.03067,0.03412,0.03506,0.2103,0.213,
2.165,0.3324,0.1105,0.09043,0.06507,0.1208,0.04764,0.0391,0.03073,0.0342,0.03514,0.2108,0.2156,
2.162,0.3565,0.1096,0.09036,0.06514,0.1209,0.04594,0.03915,0.03077,0.03424,0.03518,0.2111,0.2177,
2.168,0.3062,0.1091,0.08994,0.06495,0.1202,0.04528,0.03916,0.03077,0.03424,0.03984,0.2075,0.219,
2.169,0.3164,0.1127,0.08987,0.06491,0.1198,0.04525,0.03913,0.03075,0.03422,0.03981,0.2084,0.2152,
2.171,0.3018,0.1155,0.08978,0.06484,0.1196,0.0452,0.03909,0.03072,0.03418,0.03977,0.2092,0.2121,
2.172,0.3077,0.117,0.08967,0.06483,0.1194,0.04525,0.03914,0.03075,0.03422,0.03981,0.2105,0.2094,
2.172,0.3082,0.1167,0.08969,0.06488,0.1191,0.04528,0.03917,0.03077,0.03425,0.03984,0.2107,0.2096,
2.172,0.3205,0.1167,0.08969,0.06488,0.1191,0.04528,0.03917,0.03077,0.03425,0.03984,0.2107,0.2096,
2.172,0.3106,0.1168,0.08973,0.0649,0.1187,0.0453,0.03918,0.03078,0.03426,0.03985,0.2108,0.2097,
2.17,0.2988,0.1168,0.08976,0.06492,0.1184,0.04421,0.03919,0.03079,0.03427,0.03986,0.2109,0.2109,
2.167,0.2976,0.1169,0.0898,0.06494,0.118,0.04245,0.03921,0.0308,0.03428,0.03987,0.211,0.2127,
2.167,0.3033,0.1169,0.0898,0.06494,0.118,0.04245,0.03921,0.0308,0.03428,0.03987,0.211,0.2127,
2.167,0.3167,0.1165,0.08983,0.06497,0.1181,0.04247,0.03923,0.03081,0.0343,0.03989,0.2111,0.2128,
2.167,0.3144,0.1162,0.08973,0.065,0.1181,0.04249,0.03925,0.03083,0.03431,0.03991,0.2112,0.2129,
2.18,0.3128,0.1173,0.08942,0.06496,0.1181,0.04246,0.03922,0.03081,0.03429,0.04821,0.2038,0.2115,
2.18,0.314,0.1173,0.08942,0.06496,0.1181,0.04246,0.03922,0.03081,0.03429,0.04821,0.2038,0.2115,
2.18,0.3107,0.1174,0.08945,0.06498,0.1177,0.04247,0.03923,0.03082,0.0343,0.04822,0.2039,0.2116,
2.178,0.2808,0.1156,0.08936,0.06492,0.1176,0.04243,0.03919,0.03078,0.03426,0.04817,0.2047,0.213,
2.178,0.2766,0.1153,0.08892,0.06497,0.1177,0.04247,0.03923,0.03081,0.0343,0.04822,0.2049,0.2132,
2.178,0.274,0.1182,0.08883,0.06491,0.1168,0.04176,0.03919,0.03078,0.03426,0.04817,0.2068,0.2102,
2.179,0.2786,0.1178,0.08884,0.06505,0.1169,0.04178,0.03921,0.03079,0.03835,0.04412,0.2069,0.2103,
2.179,0.2844,0.1157,0.08881,0.06528,0.1185,0.04179,0.03922,0.0308,0.04205,0.04044,0.207,0.2104,
2.18,0.2852,0.1158,0.08878,0.06541,0.1178,0.04183,0.0396,0.03372,0.03884,0.04047,0.2071,0.2106,
2.179,0.29,0.1154,0.0885,0.06537,0.1172,0.04177,0.03955,0.03368,0.04038,0.03882,0.209,0.2104,
2.165,0.3094,0.1134,0.08838,0.06548,0.1192,0.04044,0.05752,0.01654,0.03955,0.03882,0.209,0.2117,
2.163,0.3079,0.1126,0.08853,0.06548,0.1192,0.03977,0.05752,0.01654,0.03955,0.03882,0.209,0.213,
2.163,0.3103,0.112,0.0887,0.06569,0.1189,0.0398,0.05757,0.01655,0.03958,0.03885,0.2092,0.2132,
2.163,0.3226,0.1086,0.08847,0.06514,0.123,0.03981,0.05758,0.01655,0.03959,0.03885,0.2103,0.2122,
2.163,0.3338,0.1085,0.08856,0.06514,0.123,0.03981,0.05792,0.0172,0.03984,0.03761,0.2103,0.2122,
2.159,0.335,0.1081,0.08837,0.06425,0.123,0.03849,0.05794,0.01721,0.04039,0.03709,0.2104,0.2148,
2.16,0.3077,0.1078,0.08863,0.06435,0.1227,0.03878,0.0577,0.018,0.03962,0.0371,0.2104,0.2149,
2.16,0.3121,0.1068,0.08863,0.06454,0.1229,0.03881,0.05775,0.01801,0.04189,0.0349,0.2106,0.2151,
2.16,0.3116,0.1068,0.0886,0.06481,0.1221,0.03885,0.0578,0.01803,0.04193,0.03493,0.2108,0.2153,
2.159,0.3171,0.1064,0.08841,0.06506,0.1208,0.03828,0.05795,0.01807,0.04258,0.03448,0.2114,0.2165,
2.163,0.3048,0.1113,0.08823,0.06511,0.1198,0.03823,0.05788,0.01805,0.04252,0.03559,0.2121,0.2112,
2.17,0.3132,0.1111,0.08838,0.06518,0.1186,0.03823,0.05875,0.01719,0.04306,0.04006,0.2082,0.2112,
2.168,0.3081,0.1099,0.08868,0.06521,0.1185,0.03711,0.05874,0.01718,0.04305,0.04005,0.2092,0.2123,
2.17,0.3252,0.1097,0.08887,0.0653,0.1182,0.03601,0.05876,0.03831,0.02284,0.03917,0.2093,0.2135,
2.17,0.3297,0.1096,0.08894,0.06538,0.1182,0.03601,0.05876,0.03831,0.02391,0.0381,0.2093,0.2135,
2.168,0.3283,0.1096,0.08885,0.06557,0.1178,0.03491,0.05879,0.03833,0.02392,0.03812,0.2094,0.2147,
2.168,0.3258,0.1094,0.08897,0.06576,0.1174,0.03492,0.05881,0.03834,0.02393,0.03813,0.2095,0.2148,
2.17,0.3353,0.1096,0.0892,0.06577,0.1183,0.03488,0.05875,0.0383,0.0286,0.03339,0.2103,0.2129,
2.171,0.3323,0.112,0.08889,0.06592,0.1182,0.03484,0.05869,0.03826,0.02857,0.03336,0.2112,0.2102,
2.172,0.3329,0.1118,0.08886,0.06614,0.1182,0.03538,0.05815,0.03826,0.02857,0.03336,0.2112,0.2102,
2.172,0.3314,0.1118,0.08889,0.06633,0.1175,0.0354,0.0582,0.03829,0.02859,0.03338,0.2113,0.2104,
2.172,0.3373,0.1102,0.08895,0.06658,0.1182,0.03543,0.05825,0.03832,0.02861,0.03341,0.2115,0.2105,
2.153,0.3699,0.1102,0.0884,0.06683,0.1179,0.07756,0.01674,0.03781,0.02863,0.03343,0.2117,0.2107,
2.153,0.3549,0.1098,0.08851,0.06701,0.1174,0.07751,0.03733,0.01719,0.02986,0.03216,0.2126,0.2106,
2.166,0.3256,0.1091,0.08826,0.06703,0.1172,0.07738,0.03781,0.01663,0.02982,0.0403,0.2062,0.2103,
2.164,0.3383,0.1078,0.08813,0.0672,0.1178,0.07638,0.03751,0.01661,0.03086,0.03919,0.2071,0.2114,
2.163,0.3263,0.1073,0.08815,0.06735,0.1179,0.07508,0.03752,0.01662,0.03088,0.03921,0.2072,0.2128,
2.163,0.3331,0.1097,0.08797,0.06733,0.1173,0.07541,0.03701,0.01659,0.03082,0.03915,0.2089,0.2098,
2.158,0.3355,0.1094,0.088,0.06759,0.1173,0.07474,0.04172,0.01188,0.03174,0.03823,0.2089,0.2105,
2.156,0.336,0.1092,0.08814,0.06577,0.1161,0.07475,0.04172,0.01282,0.0308,0.03823,0.21,0.2124,
2.155,0.3371,0.1097,0.08831,0.06575,0.1162,0.07318,0.04172,0.01281,0.03079,0.03822,0.2111,0.2123,
2.154,0.3412,0.1089,0.0883,0.06598,0.1161,0.07247,0.04169,0.0128,0.03077,0.0382,0.212,0.2128,
2.177,0.3266,0.1105,0.08814,0.06608,0.1157,0.07298,0.04115,0.01365,0.02991,0.05268,0.1985,0.2107,
2.177,0.329,0.1102,0.08831,0.0662,0.1157,0.07298,0.04115,0.01365,0.02991,0.05268,0.1985,0.2107,
2.174,0.3333,0.1099,0.08868,0.06637,0.1149,0.07029,0.04118,0.01366,0.02994,0.05273,0.1987,0.2136,
2.176,0.335,0.1122,0.08885,0.06636,0.1148,0.07022,0.04114,0.01535,0.0282,0.05267,0.1995,0.2107,
2.174,0.3518,0.1109,0.08905,0.0664,0.1153,0.06961,0.04237,0.01416,0.02822,0.05271,0.1997,0.2116,
2.174,0.3471,0.1104,0.08932,0.06636,0.1152,0.06954,0.04233,0.01504,0.0273,0.05266,0.2005,0.2114,
2.175,0.3689,0.11,0.08951,0.06513,0.1152,0.06887,0.04233,0.01504,0.03254,0.04742,0.2005,0.2135,
2.175,0.358,0.1093,0.08965,0.06547,0.1153,0.06889,0.04232,0.01503,0.03252,0.04739,0.2006,0.2136,
2.173,0.3563,0.1117,0.08959,0.06543,0.1148,0.06668,0.0423,0.01502,0.0325,0.04735,0.2014,0.2132,
2.175,0.3571,0.1141,0.08963,0.06556,0.114,0.06694,0.04201,0.01572,0.03178,0.04734,0.2024,0.2105,
2.174,0.3508,0.1135,0.09019,0.06556,0.114,0.0656,0.04201,0.01572,0.03231,0.0468,0.2024,0.2119,
2.172,0.3627,0.1131,0.09066,0.06558,0.1137,0.06407,0.04203,0.01572,0.03374,0.04539,0.2025,0.2135,
2.174,0.3426,0.1168,0.09031,0.06569,0.1134,0.06327,0.04194,0.01657,0.03279,0.0453,0.2041,0.2098,
2.171,0.4124,0.1168,0.09046,0.06589,0.1123,0.06226,0.04075,0.01712,0.03229,0.04536,0.2044,0.2124,
2.167,0.3623,0.1168,0.09044,0.06607,0.1115,0.05954,0.04079,0.01713,0.03232,0.04539,0.2046,0.2154,
2.164,0.3517,0.1164,0.09038,0.06621,0.1116,0.05678,0.0408,0.01814,0.03182,0.04493,0.2047,0.2182,
2.159,0.3575,0.1152,0.09039,0.0652,0.1127,0.05355,0.0408,0.01856,0.0314,0.04493,0.2047,0.2226,
2.157,0.358,0.1151,0.09052,0.06353,0.1127,0.05355,0.0408,0.01856,0.03232,0.04401,0.2047,0.2242,
2.159,0.353,0.1182,0.09047,0.06372,0.1119,0.05353,0.04079,0.01855,0.0323,0.04399,0.2057,0.2209,
2.158,0.3528,0.1181,0.09007,0.06398,0.1119,0.05332,0.04038,0.01856,0.03374,0.04258,0.2058,0.2216,
2.156,0.3566,0.118,0.09002,0.06412,0.1119,0.05176,0.04038,0.01929,0.03301,0.04258,0.2058,0.2232,
2.146,0.3691,0.1155,0.09005,0.06423,0.1138,0.05758,0.03151,0.01883,0.03314,0.04207,0.2059,0.2274,
2.143,0.3699,0.1154,0.08995,0.06316,0.1138,0.05602,0.03151,0.01883,0.03314,0.04207,0.2059,0.2302,
2.141,0.3707,0.1151,0.0899,0.06345,0.1138,0.05491,0.03204,0.0183,0.03314,0.04207,0.2059,0.2313,
2.139,0.3789,0.1148,0.08985,0.06364,0.1123,0.05394,0.03213,0.01835,0.03323,0.04219,0.2065,0.2331,
2.139,0.4014,0.1135,0.08982,0.06395,0.1133,0.05394,0.03301,0.01747,0.03323,0.04219,0.2065,0.2331,
2.138,0.3879,0.1135,0.08993,0.06402,0.1129,0.05329,0.03302,0.01747,0.03324,0.0422,0.2066,0.2338,
2.14,0.388,0.1164,0.09019,0.06408,0.1127,0.0533,0.03303,0.01748,0.03324,0.0422,0.2077,0.2297,
2.137,0.3905,0.1158,0.09047,0.0641,0.1127,0.05132,0.03304,0.01748,0.03325,0.04222,0.2078,0.2318,
2.138,0.3922,0.1156,0.09061,0.06425,0.1124,0.05133,0.03305,0.01749,0.03723,0.03827,0.2079,0.2319,
2.138,0.3897,0.1154,0.0906,0.06427,0.1121,0.05136,0.03308,0.0175,0.03726,0.0383,0.2081,0.2321,
2.138,0.3878,0.1154,0.09059,0.06438,0.1117,0.05138,0.0331,0.01751,0.03726,0.03831,0.2082,0.2322,
2.137,0.3847,0.116,0.09086,0.06445,0.1117,0.05068,0.03411,0.01646,0.03724,0.03829,0.2091,0.2311,
2.136,0.3935,0.1158,0.09122,0.06451,0.1116,0.05067,0.03486,0.01614,0.04351,0.03157,0.2101,0.23,
2.131,0.4083,0.1163,0.09161,0.06461,0.1112,0.04812,0.03476,0.01604,0.04527,0.02952,0.211,0.2316,
2.132,0.3859,0.1204,0.09155,0.06473,0.1111,0.04695,0.03473,0.01645,0.04479,0.02948,0.2118,0.228,
2.131,0.4045,0.121,0.09138,0.06493,0.1105,0.04581,0.0347,0.01797,0.04324,0.02947,0.2128,0.2282,
2.13,0.39,0.1208,0.09156,0.06496,0.1105,0.04514,0.0347,0.01797,0.04498,0.02772,0.2128,0.2288,
2.129,0.3916,0.1199,0.09153,0.06514,0.1111,0.04516,0.03472,0.0184,0.04608,0.02619,0.2129,0.2289,
2.141,0.3702,0.1225,0.09168,0.06523,0.111,0.04511,0.03468,0.01838,0.04603,0.03139,0.2085,0.2255,
2.141,0.3961,0.1214,0.0916,0.06546,0.112,0.04511,0.03468,0.01838,0.04692,0.0305,0.2085,0.2255,
2.143,0.389,0.124,0.09191,0.06545,0.1119,0.04506,0.03466,0.01837,0.04689,0.03048,0.2094,0.2218,
2.143,0.395,0.1311,0.09194,0.06535,0.1112,0.04494,0.03668,0.01621,0.04855,0.02862,0.212,0.2135,
2.143,0.394,0.1263,0.09225,0.06444,0.1149,0.04541,0.03629,0.01772,0.04763,0.02811,0.2122,0.2148,
2.143,0.391,0.1262,0.09222,0.06452,0.1149,0.04541,0.03629,0.01772,0.04763,0.02811,0.2122,0.2148,
2.151,0.4003,0.1236,0.09226,0.06469,0.1174,0.04541,0.03629,0.03455,0.0308,0.02811,0.2122,0.2148,
2.162,0.382,0.1259,0.09212,0.06467,0.1171,0.04531,0.03678,0.0339,0.03074,0.03386,0.208,0.2116,
2.159,0.3861,0.1206,0.0916,0.06474,0.1212,0.04343,0.03688,0.034,0.03082,0.03395,0.2086,0.2142,
2.159,0.3837,0.1195,0.09151,0.06492,0.1222,0.04343,0.03746,0.03341,0.03082,0.03395,0.2086,0.2142,
2.159,0.3737,0.1193,0.09181,0.06508,0.1214,0.04347,0.03749,0.03344,0.03174,0.03309,0.2087,0.2144,
2.159,0.3721,0.1194,0.09197,0.06526,0.1199,0.04382,0.03728,0.0335,0.03233,0.03261,0.2091,0.2148,
2.16,0.3856,0.1218,0.09117,0.06517,0.1201,0.04443,0.03681,0.03355,0.03238,0.03266,0.2105,0.2114,
2.159,0.3854,0.1214,0.09103,0.0655,0.1197,0.04335,0.03684,0.03358,0.03295,0.03215,0.2107,0.2127,
2.159,0.3916,0.1157,0.091,0.06573,0.1253,0.04378,0.03641,0.03358,0.03295,0.03215,0.2107,0.2127,
2.159,0.3951,0.1147,0.09067,0.06616,0.1259,0.0438,0.03643,0.0336,0.03418,0.03095,0.2108,0.2128,
2.159,0.3981,0.1146,0.0907,0.06629,0.1256,0.04381,0.03644,0.03361,0.03419,0.03096,0.2109,0.2129,
2.159,0.3979,0.1144,0.09065,0.06634,0.1253,0.04384,0.03682,0.03372,0.03379,0.03098,0.2111,0.2131,
2.158,0.4008,0.1141,0.09067,0.06634,0.1252,0.0438,0.03678,0.03411,0.03332,0.03094,0.2119,0.2129,
2.158,0.4008,0.1139,0.09086,0.06634,0.1252,0.0438,0.03678,0.03411,0.03332,0.03094,0.2119,0.2129,
2.158,0.4024,0.1132,0.09124,0.06637,0.1252,0.04382,0.03714,0.03378,0.03334,0.03096,0.212,0.213,
2.158,0.3972,0.1187,0.09113,0.06512,0.1251,0.04265,0.0371,0.03375,0.0333,0.03092,0.2128,0.2094,
2.158,0.4031,0.1186,0.09103,0.06527,0.1251,0.04265,0.0371,0.03375,0.0333,0.03092,0.2128,0.2094,
2.185,0.3876,0.1178,0.09113,0.06542,0.1238,0.04264,0.03709,0.03445,0.03349,0.04637,0.1984,0.2093,
2.184,0.3896,0.1178,0.09087,0.06583,0.1225,0.04265,0.0371,0.03446,0.03351,0.04639,0.1995,0.2094,
2.184,0.3915,0.1176,0.09095,0.06597,0.1222,0.04266,0.03768,0.0339,0.03351,0.0464,0.1996,0.2095,
2.184,0.3936,0.1174,0.09125,0.06604,0.1218,0.04268,0.0377,0.03391,0.03353,0.04641,0.1997,0.2096,
2.184,0.394,0.1174,0.09121,0.06636,0.1208,0.04272,0.03774,0.03395,0.03356,0.04646,0.2,0.2099,
2.183,0.3954,0.1171,0.09098,0.06639,0.1202,0.04264,0.03837,0.0332,0.03351,0.04638,0.2016,0.2096,
2.183,0.4043,0.117,0.09104,0.06651,0.1202,0.04292,0.03875,0.03255,0.03404,0.04584,0.2016,0.2096,
2.184,0.4056,0.1166,0.09103,0.06678,0.1195,0.04297,0.0388,0.03259,0.03409,0.0459,0.2019,0.2098,
2.184,0.4008,0.1166,0.09111,0.06686,0.1191,0.04345,0.03836,0.0326,0.0341,0.04592,0.202,0.2099,
2.183,0.4003,0.1124,0.09111,0.06695,0.1231,0.04345,0.03836,0.0326,0.0341,0.04592,0.202,0.2099,
2.18,0.399,0.1123,0.09117,0.06707,0.1228,0.04123,0.03837,0.03261,0.03412,0.04594,0.2021,0.2123,
2.175,0.4043,0.1115,0.09124,0.06721,0.1228,0.0532,0.02705,0.03207,0.03415,0.04598,0.2023,0.2125,
2.174,0.4146,0.1113,0.09095,0.06736,0.122,0.05254,0.02706,0.03208,0.03416,0.046,0.2034,0.2132,
2.174,0.4093,0.1113,0.09086,0.06746,0.1215,0.05258,0.02708,0.0321,0.03419,0.04603,0.2035,0.2134,
2.173,0.4107,0.1112,0.09096,0.06642,0.1211,0.0526,0.02709,0.03211,0.03582,0.04442,0.2036,0.2146,
2.171,0.4015,0.1047,0.09088,0.06646,0.1261,0.05256,0.02707,0.03209,0.0358,0.04439,0.2055,0.2145,
2.171,0.3997,0.1036,0.09092,0.06662,0.1265,0.0526,0.02709,0.03211,0.03582,0.04442,0.2057,0.2147,
2.172,0.4072,0.107,0.09076,0.06588,0.1258,0.05251,0.02705,0.03249,0.0374,0.04228,0.2074,0.2114,
2.172,0.4011,0.1053,0.09055,0.06594,0.1268,0.05259,0.02709,0.03254,0.03745,0.04234,0.2077,0.2116,
2.171,0.4085,0.1052,0.09027,0.06592,0.1263,0.05258,0.02708,0.03253,0.03745,0.04233,0.2087,0.2116,
2.17,0.4144,0.1049,0.0898,0.06469,0.1264,0.05263,0.02711,0.03328,0.03676,0.04237,0.2089,0.2131,
2.169,0.4086,0.1045,0.09,0.06465,0.126,0.05259,0.02709,0.03409,0.03717,0.04108,0.2098,0.213,
2.169,0.4132,0.1045,0.08999,0.06492,0.1252,0.05263,0.02711,0.03412,0.03912,0.03919,0.21,0.2132,
2.169,0.422,0.1036,0.08959,0.06525,0.1258,0.05285,0.02681,0.03408,0.03971,0.03852,0.2109,0.213,
2.166,0.418,0.1026,0.08924,0.06398,0.1256,0.05279,0.02677,0.03404,0.04056,0.03757,0.2127,0.2141,
2.167,0.4225,0.1004,0.08902,0.06388,0.1258,0.05326,0.02815,0.03204,0.0405,0.03945,0.2137,0.2138,
2.172,0.4252,0.1002,0.08909,0.06403,0.1246,0.05327,0.02816,0.03276,0.04034,0.04228,0.2115,0.2138,
2.171,0.4244,0.1001,0.08861,0.06409,0.1241,0.05326,0.02816,0.03276,0.04033,0.04227,0.2125,0.2138,
2.171,0.4293,0.0996,0.08835,0.0644,0.1244,0.05327,0.02816,0.03277,0.04088,0.04174,0.2126,0.2139,
2.17,0.434,0.09954,0.08829,0.06383,0.1244,0.05327,0.0288,0.03213,0.04088,0.04174,0.2126,0.2146,
2.17,0.4416,0.09832,0.08835,0.06411,0.1252,0.05327,0.02937,0.03156,0.04225,0.04037,0.2126,0.2146,
2.173,0.4378,0.1031,0.08826,0.06411,0.1247,0.05352,0.02908,0.03154,0.04276,0.03981,0.2135,0.2096,
2.173,0.4355,0.1025,0.08813,0.06447,0.1235,0.05365,0.02915,0.03162,0.04287,0.03991,0.2141,0.2102,
2.192,0.427,0.09667,0.08859,0.06456,0.1273,0.05422,0.02862,0.03163,0.0429,0.05358,0.2016,0.2103,
2.191,0.4283,0.09651,0.08863,0.06452,0.1268,0.05419,0.0286,0.03161,0.04413,0.05228,0.2025,0.2102,
2.186,0.4414,0.09651,0.08853,0.06462,0.1268,0.05447,0.04223,0.0177,0.04413,0.05228,0.2025,0.2102,
2.185,0.4458,0.09568,0.0877,0.06467,0.1269,0.05479,0.04198,0.01772,0.04417,0.05232,0.2037,0.2104,
2.184,0.4217,0.09285,0.08775,0.06471,0.1296,0.05479,0.04233,0.01737,0.04417,0.05232,0.2037,0.2104,
2.184,0.423,0.09272,0.08788,0.06471,0.1296,0.05534,0.04178,0.01737,0.04417,0.05232,0.2037,0.2104,
2.185,0.4297,0.0928,0.08799,0.06484,0.1285,0.05541,0.04183,0.01814,0.04506,0.05081,0.204,0.2107,
2.185,0.4272,0.09232,0.08819,0.06488,0.1282,0.05544,0.04187,0.01815,0.04509,0.05085,0.2042,0.2108,
2.184,0.4301,0.09215,0.08796,0.06499,0.1279,0.05482,0.04191,0.01817,0.04753,0.04851,0.2044,0.2117,
2.184,0.4379,0.09178,0.08785,0.06515,0.128,0.05483,0.04193,0.01817,0.04755,0.04853,0.2044,0.2118,
2.181,0.4354,0.09165,0.08799,0.06332,0.1263,0.05487,0.04196,0.01819,0.04758,0.04857,0.2056,0.214,
2.181,0.4248,0.0904,0.08788,0.06352,0.1272,0.05489,0.04198,0.01819,0.04863,0.04757,0.2057,0.2141,
2.179,0.4271,0.09045,0.08778,0.06374,0.1264,0.05335,0.04202,0.0182,0.04867,0.04761,0.2059,0.2158,
2.179,0.439,0.09009,0.08827,0.06397,0.1249,0.05391,0.04163,0.01824,0.05012,0.04633,0.2063,0.2162,
2.179,0.4338,0.08958,0.08832,0.06408,0.125,0.05451,0.04108,0.01824,0.05014,0.04635,0.2064,0.2163,
2.178,0.4374,0.08948,0.08845,0.06421,0.1243,0.05341,0.04111,0.01876,0.04967,0.04639,0.2066,0.2177,
2.179,0.3909,0.08933,0.08852,0.06436,0.1239,0.05344,0.04113,0.01988,0.04859,0.04641,0.2067,0.2178,
2.179,0.3908,0.08933,0.08846,0.06442,0.1239,0.05344,0.04113,0.01988,0.04913,0.04587,0.2067,0.2178,
2.178,0.397,0.08915,0.08861,0.06454,0.1236,0.05346,0.04115,0.01988,0.05143,0.04361,0.2068,0.2179,
2.177,0.4062,0.08915,0.08852,0.06463,0.1236,0.05278,0.04115,0.01988,0.05197,0.04306,0.2068,0.2185,
2.176,0.3834,0.0887,0.08861,0.06473,0.1232,0.05167,0.04119,0.0199,0.05202,0.0431,0.2069,0.2199,
2.177,0.3757,0.0887,0.08849,0.06485,0.1232,0.05167,0.04119,0.02081,0.05111,0.0431,0.2069,0.2199,
2.176,0.3762,0.08792,0.08859,0.06493,0.1236,0.05169,0.04121,0.02082,0.05113,0.04312,0.207,0.22,
2.176,0.3711,0.08792,0.08844,0.06507,0.1236,0.05169,0.04121,0.02082,0.05113,0.04312,0.207,0.22,
2.174,0.3759,0.0869,0.08847,0.0652,0.1242,0.05058,0.04239,0.01966,0.05115,0.04314,0.2071,0.2212,
2.174,0.3743,0.08383,0.08835,0.06513,0.1325,0.05049,0.04232,0.01962,0.05107,0.04306,0.2089,0.2148,
2.173,0.3792,0.08327,0.08814,0.06496,0.1325,0.05048,0.04232,0.01962,0.05197,0.04215,0.2099,0.2147,
2.171,0.3792,0.08297,0.08823,0.06482,0.1325,0.04917,0.04255,0.02034,0.05111,0.04162,0.21,0.2167,
2.163,0.3914,0.08297,0.08815,0.0649,0.1325,0.04917,0.05001,0.01288,0.05111,0.04162,0.21,0.2167,
2.151,0.4264,0.08273,0.088,0.06527,0.1323,0.07377,0.0267,0.01217,0.05058,0.04164,0.2101,0.2168,
2.152,0.4157,0.0826,0.08782,0.06534,0.1321,0.07369,0.02667,0.01315,0.04954,0.0416,0.2109,0.2165,
2.151,0.4139,0.08237,0.08779,0.06545,0.1316,0.07364,0.02666,0.01313,0.05055,0.04052,0.2118,0.2164,
2.149,0.4054,0.08227,0.08777,0.06557,0.1316,0.07089,0.02598,0.01488,0.04989,0.03944,0.2118,0.2199,
2.158,0.4078,0.08189,0.08789,0.06562,0.131,0.07098,0.02601,0.02867,0.03709,0.03858,0.2121,0.2202,
2.155,0.4131,0.08168,0.08812,0.06571,0.1306,0.06974,0.02547,0.02869,0.03711,0.0386,0.2122,0.2221,
2.156,0.4174,0.08149,0.08827,0.06585,0.1302,0.06977,0.02549,0.0287,0.03831,0.03743,0.2123,0.2222,
2.159,0.404,0.08527,0.08789,0.06594,0.1301,0.06973,0.02547,0.02868,0.03828,0.03741,0.2132,0.218,
2.158,0.4084,0.08523,0.08774,0.06613,0.1301,0.06973,0.02547,0.02868,0.04138,0.03431,0.2132,0.218,
2.16,0.411,0.08661,0.08766,0.06609,0.1317,0.0703,0.02493,0.02869,0.04139,0.03432,0.2144,0.2139,
2.158,0.4046,0.08612,0.0876,0.06535,0.1316,0.07025,0.02492,0.02867,0.04137,0.0343,0.2153,0.2145,
2.157,0.409,0.08449,0.0879,0.06535,0.1329,0.06957,0.02492,0.02867,0.04137,0.0343,0.2153,0.2152,
2.155,0.4113,0.08431,0.08784,0.06543,0.1324,0.06816,0.0249,0.02967,0.04032,0.03427,0.2163,0.2164,
2.155,0.4115,0.08431,0.08784,0.06543,0.1324,0.06816,0.0249,0.02967,0.04032,0.03427,0.2163,0.2164,
2.155,0.4386,0.08428,0.08759,0.06569,0.1322,0.06818,0.02491,0.02969,0.04034,0.03429,0.2164,0.2165,
2.155,0.411,0.08438,0.08745,0.06603,0.131,0.06772,0.02481,0.03063,0.03948,0.03433,0.2167,0.2175,
2.155,0.4051,0.08427,0.08751,0.06619,0.1306,0.06775,0.02482,0.03065,0.04005,0.0338,0.2168,0.2176,
2.154,0.391,0.08271,0.08775,0.06623,0.1319,0.06775,0.02482,0.03065,0.04005,0.0338,0.2168,0.2176,
2.153,0.3855,0.08014,0.088,0.06625,0.1339,0.06778,0.02483,0.0311,0.03963,0.03381,0.2169,0.2177,
2.15,0.3996,0.08013,0.0879,0.06646,0.1336,0.06781,0.03795,0.018,0.03964,0.03382,0.217,0.2178,
2.149,0.3924,0.08006,0.08787,0.06656,0.1336,0.06712,0.03795,0.018,0.03964,0.03382,0.217,0.2185,
2.173,0.3882,0.0847,0.08751,0.06694,0.1331,0.06711,0.03794,0.01844,0.0392,0.0452,0.2066,0.2133,
2.173,0.3974,0.08452,0.08714,0.06725,0.133,0.06759,0.03735,0.01951,0.03806,0.04515,0.2074,0.213,
2.173,0.3972,0.08448,0.08702,0.06734,0.1327,0.06761,0.03737,0.01952,0.04042,0.04283,0.2075,0.2131,
2.17,0.3827,0.08449,0.08695,0.06748,0.1312,0.06567,0.0374,0.01953,0.04378,0.03953,0.2087,0.2153,
2.17,0.3814,0.08444,0.08672,0.06754,0.1307,0.06563,0.03738,0.01952,0.04376,0.03951,0.2097,0.2151,
2.168,0.3888,0.0841,0.08653,0.06756,0.1304,0.06549,0.0373,0.01948,0.04457,0.03851,0.2113,0.2147,
2.166,0.3915,0.08375,0.08627,0.06637,0.1298,0.06558,0.03823,0.01863,0.04463,0.03857,0.2116,0.2166,
2.165,0.3997,0.08255,0.0862,0.06634,0.1294,0.06564,0.03826,0.01864,0.04604,0.03723,0.2118,0.2179,
2.167,0.3936,0.08545,0.08616,0.0664,0.1289,0.0656,0.03824,0.01863,0.04602,0.0372,0.2127,0.2147,
2.165,0.402,0.0853,0.08608,0.06638,0.1287,0.06485,0.03819,0.01861,0.04597,0.03716,0.2136,0.2152,
2.166,0.3943,0.08429,0.08575,0.06658,0.1296,0.06488,0.03821,0.01949,0.04512,0.03718,0.2137,0.2153,
2.166,0.3953,0.08433,0.08598,0.06668,0.1281,0.06556,0.03771,0.01951,0.0452,0.03724,0.2141,0.2157,
2.167,0.4064,0.08395,0.08615,0.06684,0.127,0.06567,0.03778,0.02123,0.0436,0.03731,0.2144,0.2161,
2.164,0.41,0.08406,0.08617,0.06702,0.1258,0.06575,0.03783,0.02126,0.05124,0.02977,0.2147,0.2164,
2.163,0.4,0.08382,0.08609,0.06723,0.1228,0.06585,0.03789,0.02129,0.05132,0.02982,0.2172,0.2167,
2.159,0.4056,0.08316,0.08595,0.06756,0.1227,0.06385,0.04061,0.01917,0.05206,0.0286,0.2174,0.2189,
2.157,0.4026,0.083,0.08594,0.06777,0.1223,0.06319,0.04063,0.01918,0.05373,0.02697,0.2175,0.2197,
2.156,0.4042,0.08289,0.08588,0.06795,0.1223,0.0625,0.04063,0.01918,0.05373,0.02697,0.2175,0.2204,
2.156,0.3995,0.0828,0.08597,0.06811,0.1216,0.06255,0.04067,0.01919,0.05432,0.02644,0.2177,0.2206,
2.159,0.3877,0.08586,0.0865,0.06813,0.1215,0.06248,0.04062,0.01917,0.05426,0.02641,0.2186,0.2165,
2.154,0.3934,0.08565,0.08677,0.06816,0.1211,0.05995,0.04099,0.01926,0.0555,0.02477,0.2187,0.2192,
2.177,0.3856,0.08548,0.08676,0.06808,0.121,0.05988,0.04095,0.01924,0.05544,0.03667,0.2076,0.2189,
2.175,0.3899,0.08539,0.08653,0.06815,0.1209,0.05982,0.04234,0.01779,0.05644,0.03558,0.2084,0.2187,
2.173,0.4111,0.08401,0.08664,0.0681,0.1215,0.05979,0.04286,0.01723,0.0564,0.03556,0.2093,0.2186,
2.172,0.3856,0.08398,0.08668,0.06836,0.1204,0.05918,0.04292,0.01725,0.05648,0.0356,0.2096,0.2196,
2.175,0.3932,0.08691,0.0867,0.06862,0.1195,0.05916,0.04291,0.01724,0.05647,0.0356,0.2106,0.2163,
2.174,0.3794,0.08682,0.08637,0.06913,0.1191,0.05849,0.04293,0.01725,0.05649,0.03561,0.2107,0.2171,
2.173,0.3811,0.08652,0.0864,0.06914,0.119,0.05843,0.04289,0.01723,0.05644,0.03558,0.2116,0.2169,
2.173,0.3862,0.0846,0.08673,0.0697,0.118,0.05862,0.04303,0.01728,0.05662,0.03568,0.2122,0.2176,
2.171,0.3908,0.08444,0.08664,0.06969,0.1178,0.05786,0.04298,0.01726,0.05656,0.03565,0.2131,0.218,
2.169,0.3773,0.08436,0.08675,0.06859,0.1167,0.05608,0.04304,0.01883,0.05509,0.0357,0.2134,0.2215,
2.169,0.4335,0.08411,0.08705,0.06874,0.1159,0.05612,0.04308,0.01885,0.05514,0.03573,0.2136,0.2217,
2.169,0.4172,0.08618,0.08706,0.06892,0.1149,0.05605,0.04344,0.01841,0.05673,0.03403,0.2155,0.2188,
2.169,0.3841,0.08627,0.08709,0.06919,0.1134,0.05614,0.04407,0.01789,0.05683,0.03409,0.2158,0.2192,
2.167,0.4111,0.08586,0.08742,0.06935,0.113,0.05616,0.04527,0.01671,0.05807,0.03288,0.2159,0.2193,
2.152,0.4689,0.08562,0.0875,0.06881,0.113,0.07759,0.02384,0.01671,0.05807,0.03288,0.2159,0.22,
2.152,0.4639,0.08527,0.08747,0.06899,0.1126,0.07763,0.02387,0.01673,0.05812,0.03291,0.2161,0.2202,
2.149,0.4504,0.08076,0.08731,0.06898,0.1155,0.07767,0.0239,0.01675,0.0582,0.03295,0.2175,0.2205,
2.145,0.3843,0.08051,0.08756,0.06636,0.1155,0.07767,0.0239,0.01675,0.05917,0.03198,0.2175,0.2231,
2.148,0.3866,0.08274,0.08758,0.06642,0.115,0.07761,0.02444,0.01673,0.05857,0.03196,0.2184,0.2205,
2.146,0.384,0.08251,0.08789,0.0665,0.1142,0.07606,0.02446,0.01674,0.05863,0.03199,0.2186,0.2223,
2.143,0.3886,0.08229,0.08802,0.06538,0.1139,0.07665,0.02391,0.01674,0.06031,0.03033,0.2188,0.2237,
2.141,0.3908,0.08444,0.088,0.0655,0.1137,0.0737,0.02389,0.01673,0.06025,0.0303,0.2196,0.2238,
2.164,0.3967,0.08617,0.08797,0.06552,0.1137,0.07333,0.02317,0.01612,0.06021,0.0441,0.2067,0.223,
2.162,0.3682,0.08595,0.08814,0.06556,0.1137,0.07163,0.02317,0.01668,0.06058,0.04317,0.2067,0.2247,
2.161,0.3694,0.08516,0.08824,0.0657,0.1133,0.07228,0.02265,0.0167,0.06196,0.04194,0.207,0.225,
2.157,0.3739,0.08511,0.08801,0.06482,0.1133,0.07043,0.0232,0.01614,0.06196,0.04194,0.207,0.228,
2.156,0.3592,0.08472,0.08818,0.06503,0.1133,0.06928,0.0232,0.01614,0.06196,0.04194,0.207,0.2292,
2.16,0.3466,0.08933,0.08834,0.06514,0.1121,0.06929,0.02356,0.01653,0.06124,0.04195,0.2081,0.2244,
2.162,0.3547,0.08891,0.08827,0.06528,0.1121,0.06933,0.02357,0.01765,0.06015,0.04197,0.2082,0.2245,
2.162,0.3516,0.08888,0.08811,0.06555,0.1117,0.06935,0.02359,0.01765,0.06018,0.04199,0.2083,0.2246,
2.162,0.3786,0.08888,0.08773,0.06593,0.1117,0.06935,0.02359,0.01821,0.06018,0.04143,0.2083,0.2246,
2.165,0.3501,0.09358,0.08795,0.06591,0.1116,0.06799,0.02356,0.01819,0.06012,0.04139,0.2092,0.2205,
2.175,0.3848,0.09295,0.08809,0.06587,0.1114,0.0684,0.02388,0.0408,0.03642,0.0413,0.2108,0.2201,
2.172,0.3699,0.09521,0.08788,0.06575,0.1108,0.06486,0.02385,0.04075,0.03638,0.04125,0.2127,0.2206,
2.172,0.3563,0.09566,0.08704,0.0656,0.1114,0.06483,0.02384,0.04073,0.03636,0.04123,0.2147,0.2185,
2.17,0.3638,0.09518,0.08679,0.06582,0.111,0.06413,0.02384,0.04072,0.03774,0.03984,0.2158,0.2192,
2.169,0.3662,0.09443,0.08693,0.06608,0.111,0.06301,0.02385,0.04074,0.03868,0.03894,0.2159,0.2204,
2.167,0.3693,0.09434,0.08698,0.06622,0.1106,0.06119,0.02386,0.04076,0.0387,0.03896,0.216,0.2224,
2.162,0.3733,0.08931,0.08698,0.06628,0.115,0.05871,0.02388,0.0408,0.03873,0.03899,0.2162,0.2251,
2.164,0.3814,0.09239,0.08688,0.06627,0.1149,0.05865,0.02386,0.04234,0.03849,0.03757,0.217,0.2217,
2.162,0.4004,0.09384,0.08687,0.06585,0.1142,0.05794,0.0235,0.04302,0.0376,0.03742,0.2181,0.2217,
2.162,0.3985,0.09289,0.08721,0.06599,0.1135,0.05805,0.02399,0.04265,0.03767,0.03749,0.2185,0.2221,
2.162,0.3696,0.09182,0.08727,0.06604,0.1145,0.05805,0.02399,0.04265,0.03767,0.03749,0.2185,0.2221,
2.162,0.3725,0.09136,0.08771,0.06615,0.1141,0.05807,0.024,0.04267,0.03895,0.03623,0.2186,0.2222,
2.161,0.3703,0.0917,0.08735,0.06616,0.1141,0.05737,0.02399,0.04266,0.03894,0.03623,0.2196,0.2219,
2.159,0.3789,0.09174,0.08719,0.06643,0.1133,0.05761,0.02313,0.0427,0.03898,0.03626,0.2198,0.2228,
2.167,0.3741,0.09554,0.08709,0.06635,0.1131,0.05679,0.02308,0.0426,0.03889,0.04014,0.2176,0.2188,
2.168,0.348,0.09536,0.08661,0.06666,0.1131,0.05682,0.02368,0.04203,0.03891,0.04016,0.2177,0.2189,
2.166,0.3562,0.09542,0.08665,0.06609,0.1123,0.05617,0.0237,0.04207,0.03895,0.04019,0.2179,0.2205,
2.166,0.3538,0.09542,0.08659,0.06615,0.1123,0.05617,0.0237,0.04207,0.03895,0.04019,0.2179,0.2205,
2.165,0.3625,0.0952,0.08623,0.06645,0.1122,0.05611,0.02367,0.04202,0.03891,0.04015,0.2187,0.2203,
2.165,0.3618,0.09516,0.08638,0.06654,0.1115,0.05615,0.0237,0.04205,0.03995,0.03916,0.2189,0.2205,
2.163,0.3679,0.09003,0.08634,0.06677,0.1152,0.05626,0.02374,0.04213,0.04537,0.03389,0.2194,0.2209,
2.161,0.3745,0.0899,0.086,0.06548,0.1151,0.0562,0.02371,0.04208,0.04587,0.0333,0.2202,0.2221,
2.15,0.3899,0.08874,0.08601,0.06556,0.1162,0.05296,0.02371,0.06065,0.02731,0.0333,0.2202,0.2254,
2.15,0.3735,0.08865,0.08597,0.06569,0.1162,0.05296,0.02371,0.06065,0.02731,0.0333,0.2202,0.2254,
2.149,0.3753,0.08815,0.08564,0.06591,0.1159,0.05521,0.02249,0.05981,0.03059,0.0301,0.2205,0.2257,
2.162,0.3724,0.0927,0.08584,0.066,0.1158,0.05515,0.02302,0.05919,0.03148,0.0337,0.2168,0.2203,
2.161,0.3752,0.09218,0.08565,0.0661,0.1157,0.05512,0.023,0.05915,0.03146,0.03368,0.2178,0.2202,
2.161,0.3654,0.09203,0.08537,0.06653,0.1157,0.05512,0.023,0.05915,0.03146,0.03368,0.2178,0.2202,
2.161,0.3628,0.09188,0.0852,0.0667,0.1152,0.05508,0.02299,0.05911,0.03144,0.03366,0.2187,0.2201,
2.16,0.3654,0.09196,0.08518,0.06685,0.1144,0.05444,0.02301,0.05916,0.03249,0.03267,0.2189,0.221,
2.16,0.3602,0.09473,0.08522,0.06706,0.1142,0.0526,0.02298,0.0591,0.03245,0.03264,0.2198,0.2192,
2.171,0.355,0.09735,0.08534,0.06547,0.1141,0.05283,0.02268,0.05904,0.03241,0.03929,0.2139,0.2175,
2.171,0.3733,0.0962,0.08551,0.06547,0.1151,0.05283,0.02268,0.05904,0.03374,0.03797,0.2139,0.2175,
2.171,0.3633,0.09557,0.08571,0.06566,0.1148,0.05287,0.0227,0.05909,0.03377,0.038,0.2141,0.2177,
2.179,0.3789,0.0954,0.08561,0.06577,0.1146,0.05287,0.04755,0.03427,0.03379,0.03802,0.2142,0.2178,
2.178,0.3884,0.09488,0.08571,0.06585,0.1147,0.05289,0.04825,0.03544,0.03197,0.03803,0.2143,0.2179,
2.178,0.3929,0.09457,0.08561,0.066,0.1144,0.05294,0.04892,0.03485,0.032,0.03807,0.2145,0.2181,
2.177,0.3934,0.09084,0.08562,0.06609,0.1162,0.05299,0.04897,0.03488,0.03342,0.03672,0.2147,0.2195,
2.175,0.4041,0.09073,0.0857,0.06608,0.1153,0.05229,0.04896,0.03543,0.03286,0.03671,0.2158,0.2202,
2.175,0.3975,0.09034,0.0858,0.06632,0.1142,0.05238,0.04905,0.03549,0.03292,0.03678,0.2162,0.2206,
2.173,0.4018,0.08984,0.08574,0.06628,0.1141,0.05166,0.04902,0.03547,0.0329,0.03675,0.2171,0.2211,
2.171,0.401,0.08852,0.08532,0.06612,0.1138,0.05163,0.04902,0.03548,0.03485,0.03481,0.2193,0.2212,
2.17,0.4012,0.08852,0.08532,0.06612,0.1138,0.05093,0.04902,0.03548,0.03485,0.03481,0.2193,0.2219,
2.171,0.3986,0.0896,0.08548,0.06617,0.1136,0.05088,0.04897,0.03544,0.03481,0.03477,0.2202,0.2201,
2.171,0.4014,0.0896,0.08538,0.06626,0.1136,0.05143,0.04933,0.03527,0.03407,0.03477,0.2202,0.2201,
2.17,0.4048,0.0896,0.0852,0.06644,0.1136,0.05143,0.04933,0.03571,0.03696,0.03144,0.2202,0.2201,
2.182,0.4023,0.08901,0.08548,0.06646,0.113,0.05195,0.04947,0.035,0.03696,0.03811,0.2146,0.22,
2.182,0.4093,0.08858,0.08524,0.06677,0.113,0.05198,0.04949,0.03572,0.03627,0.03813,0.2147,0.2201,
2.176,0.4042,0.08819,0.08525,0.06555,0.1131,0.04903,0.04951,0.03574,0.03629,0.03815,0.2148,0.2244,
2.173,0.4125,0.08811,0.08529,0.06559,0.1131,0.04792,0.04882,0.03574,0.03629,0.03815,0.2148,0.2262,
2.174,0.4079,0.09145,0.08498,0.06461,0.113,0.04834,0.04834,0.03633,0.03564,0.03812,0.2157,0.2235,
2.174,0.4123,0.09127,0.08495,0.06482,0.113,0.04834,0.04834,0.03633,0.0362,0.03757,0.2157,0.2235,
2.174,0.4157,0.08964,0.08505,0.06501,0.1141,0.04836,0.04837,0.03635,0.03621,0.03758,0.2158,0.2236,
2.174,0.4186,0.08936,0.08541,0.0651,0.1133,0.04839,0.04841,0.03638,0.03624,0.03761,0.216,0.2238,
2.171,0.4212,0.08939,0.08523,0.06414,0.1129,0.04725,0.04843,0.03639,0.03626,0.03763,0.2161,0.2262,
2.168,0.4583,0.08924,0.08538,0.06215,0.1125,0.04727,0.04845,0.03686,0.03583,0.03765,0.2162,0.2284,
2.168,0.4314,0.08865,0.08538,0.06215,0.1131,0.04727,0.04845,0.03686,0.04028,0.0332,0.2162,0.2284,
2.159,0.4399,0.08826,0.08569,0.06024,0.1127,0.04424,0.04848,0.03687,0.04234,0.03117,0.2163,0.2337,
2.162,0.4545,0.09203,0.08608,0.06011,0.1125,0.04414,0.04837,0.03679,0.04225,0.03111,0.218,0.2286,
2.163,0.4391,0.09471,0.08612,0.06005,0.1124,0.04409,0.04897,0.0361,0.04387,0.02941,0.2189,0.2255,
2.165,0.4309,0.09786,0.08614,0.06001,0.1119,0.04406,0.04894,0.03608,0.04384,0.02938,0.2198,0.222,
2.166,0.4346,0.09766,0.08625,0.0601,0.1119,0.04406,0.04894,0.03608,0.04384,0.02938,0.2198,0.222,
2.165,0.4372,0.09722,0.08669,0.0601,0.1119,0.04392,0.04838,0.03608,0.04384,0.02938,0.2198,0.2227,
2.165,0.4408,0.0972,0.0866,0.06032,0.1114,0.04394,0.04841,0.03609,0.04386,0.0294,0.2199,0.2228,
2.17,0.4408,0.1013,0.08636,0.0599,0.1105,0.04448,0.04785,0.0372,0.04274,0.03115,0.2192,0.2193,
2.17,0.4405,0.101,0.08612,0.06017,0.1104,0.04443,0.0478,0.03716,0.0427,0.03112,0.2201,0.219,
2.167,0.4409,0.1009,0.0863,0.0602,0.1094,0.04285,0.04787,0.03802,0.04194,0.03116,0.2204,0.2209,
2.167,0.4454,0.1008,0.08633,0.06038,0.109,0.04287,0.04789,0.03804,0.0433,0.02983,0.2205,0.221,
2.157,0.3922,0.1002,0.08662,0.06047,0.1087,0.06549,0.02535,0.03807,0.04334,0.02986,0.2207,0.2212,
2.158,0.4012,0.1001,0.08665,0.06057,0.1083,0.06552,0.02596,0.0375,0.04336,0.02987,0.2208,0.2213,
2.163,0.3931,0.09985,0.08676,0.0606,0.1078,0.06432,0.02594,0.03747,0.04334,0.03389,0.2177,0.2224,
2.157,0.3908,0.0997,0.08695,0.05856,0.1074,0.06168,0.02595,0.03749,0.04336,0.0339,0.2178,0.2272,
2.154,0.387,0.09957,0.08728,0.05869,0.1062,0.05979,0.02599,0.03754,0.04521,0.03215,0.2181,0.2295,
2.155,0.3539,0.1009,0.08725,0.0588,0.1059,0.05977,0.02599,0.03754,0.04521,0.03214,0.2192,0.2274,
2.155,0.3552,0.1002,0.08746,0.05903,0.1055,0.05983,0.02669,0.03689,0.04525,0.03217,0.2194,0.2276,
2.155,0.3467,0.09975,0.08772,0.05922,0.1055,0.05983,0.02669,0.03689,0.04525,0.03217,0.2194,0.2276,
2.156,0.3467,0.1018,0.08768,0.05919,0.1054,0.05976,0.02667,0.03685,0.04576,0.03158,0.2202,0.2251,
2.156,0.3499,0.1017,0.08781,0.05926,0.105,0.05979,0.02668,0.03686,0.04634,0.03104,0.2203,0.2252,
2.155,0.3568,0.1003,0.08808,0.05933,0.1057,0.05911,0.02669,0.03688,0.04636,0.03105,0.2204,0.226,
2.155,0.3611,0.09887,0.08784,0.05964,0.1068,0.05914,0.0267,0.03745,0.04638,0.03051,0.2205,0.2261,
2.161,0.3596,0.1032,0.08793,0.05963,0.1072,0.05904,0.02666,0.03739,0.0463,0.03206,0.2208,0.2199,
2.161,0.3651,0.1023,0.08818,0.05968,0.1077,0.05959,0.0261,0.03739,0.0463,0.03206,0.2208,0.2199,
2.159,0.3693,0.1022,0.08818,0.05999,0.107,0.05964,0.02612,0.0385,0.04966,0.02768,0.221,0.2201,
2.158,0.3744,0.102,0.08825,0.0601,0.107,0.0602,0.02556,0.0385,0.05059,0.02675,0.221,0.2201,
2.158,0.3803,0.1019,0.08838,0.06037,0.1062,0.06025,0.02558,0.03853,0.05063,0.02676,0.2212,0.2203,
2.158,0.3737,0.1018,0.08826,0.06054,0.1062,0.06025,0.02558,0.03853,0.05063,0.02676,0.2212,0.2203,
2.154,0.3994,0.1017,0.08837,0.05914,0.1062,0.06025,0.02558,0.05598,0.03317,0.02676,0.2212,0.2217,
2.17,0.39,0.101,0.08817,0.05913,0.106,0.06067,0.02501,0.05589,0.03367,0.0352,0.2139,0.2213,
2.17,0.395,0.1005,0.08828,0.05929,0.1057,0.06072,0.02504,0.05594,0.0337,0.03523,0.2141,0.2215,
2.169,0.3888,0.1004,0.08838,0.05937,0.1053,0.06004,0.02505,0.05597,0.03372,0.03524,0.2142,0.2223,
2.168,0.3911,0.1017,0.08864,0.05764,0.1057,0.05998,0.02502,0.05591,0.03424,0.03465,0.2151,0.2214,
2.168,0.3991,0.1016,0.08839,0.05781,0.1056,0.05991,0.02555,0.05529,0.0342,0.03461,0.2159,0.2212,
2.168,0.3983,0.1004,0.08884,0.05796,0.1047,0.06004,0.02561,0.05541,0.03484,0.03413,0.2164,0.2217,
2.168,0.4027,0.1003,0.08903,0.05827,0.1031,0.06014,0.02622,0.05495,0.03489,0.03418,0.2168,0.2221,
2.167,0.4097,0.1002,0.08887,0.05831,0.103,0.06071,0.02554,0.05489,0.03486,0.03415,0.2177,0.2219,
2.167,0.4147,0.1002,0.08882,0.05835,0.103,0.06071,0.02554,0.05534,0.03441,0.03415,0.2177,0.2219,
2.167,0.4165,0.09995,0.08859,0.05848,0.103,0.06074,0.02556,0.05537,0.03498,0.0336,0.2178,0.222,
2.167,0.42,0.09977,0.08868,0.05869,0.1026,0.06077,0.02658,0.05438,0.035,0.03362,0.2179,0.2221,
2.167,0.4202,0.09969,0.0886,0.05885,0.1026,0.06077,0.02658,0.05438,0.035,0.03362,0.2179,0.2221,
2.167,0.4404,0.09929,0.08862,0.05887,0.1026,0.0608,0.02659,0.0544,0.03742,0.03123,0.218,0.2222,
2.167,0.4095,0.09858,0.08894,0.05912,0.1019,0.06087,0.02663,0.05448,0.03872,0.03002,0.2183,0.2225,
2.165,0.4255,0.09682,0.08865,0.05922,0.1026,0.06089,0.02664,0.05524,0.03854,0.02947,0.2194,0.2225,
2.165,0.359,0.09666,0.08871,0.05944,0.1022,0.06091,0.02665,0.05526,0.03987,0.02817,0.2195,0.2226,
2.165,0.3548,0.09623,0.08863,0.05958,0.1022,0.06094,0.02666,0.05529,0.03989,0.02819,0.2196,0.2227,
2.163,0.3508,0.09573,0.08873,0.05963,0.1023,0.06097,0.02703,0.0597,0.03647,0.02689,0.2197,0.2229,
2.162,0.3469,0.09364,0.08861,0.0598,0.104,0.061,0.02705,0.05973,0.03704,0.02634,0.2198,0.223,
2.162,0.3514,0.09352,0.08848,0.05989,0.1035,0.06096,0.02703,0.05969,0.03702,0.02632,0.2208,0.2228,
2.16,0.3659,0.09323,0.08826,0.05987,0.1032,0.06139,0.02641,0.05956,0.03694,0.02627,0.2225,0.2223,
2.173,0.3645,0.09319,0.08817,0.0599,0.1024,0.06136,0.02641,0.05954,0.03748,0.03262,0.2167,0.2223,
2.17,0.3345,0.0924,0.08804,0.05994,0.1022,0.06056,0.02636,0.05944,0.03742,0.03256,0.2185,0.2226,
2.15,0.3536,0.0914,0.08802,0.05997,0.1032,0.07552,0.0114,0.05989,0.0379,0.03163,0.2185,0.2226,
2.15,0.3648,0.09091,0.08792,0.06032,0.1028,0.07559,0.01185,0.06004,0.03921,0.02982,0.2187,0.2228,
2.15,0.3454,0.09069,0.08799,0.06023,0.1025,0.07565,0.01186,0.06007,0.03924,0.02983,0.2189,0.223,
2.15,0.3444,0.08961,0.08797,0.06038,0.1032,0.07568,0.01187,0.0601,0.03926,0.02985,0.219,0.2231,
2.154,0.3398,0.09599,0.08786,0.06053,0.1027,0.07511,0.01173,0.06009,0.03925,0.02984,0.22,0.2168,
2.156,0.3449,0.09563,0.08813,0.06061,0.1027,0.07511,0.01266,0.05915,0.03981,0.02928,0.22,0.2168,
2.155,0.3611,0.0949,0.08807,0.05949,0.1028,0.07518,0.01323,0.05865,0.03985,0.02931,0.2202,0.2182,
2.156,0.3455,0.0947,0.08828,0.05949,0.1028,0.07518,0.01417,0.05771,0.04087,0.02828,0.2202,0.2182,
2.154,0.3478,0.09432,0.08838,0.0595,0.1027,0.0751,0.01415,0.05821,0.04157,0.02694,0.2211,0.218,
2.153,0.3521,0.09428,0.08833,0.05958,0.1027,0.0744,0.01415,0.05866,0.04113,0.02694,0.2211,0.2187,
2.144,0.3627,0.0936,0.08814,0.05983,0.1024,0.07389,0.01361,0.07004,0.03117,0.02569,0.2214,0.2202,
2.142,0.3639,0.09331,0.08822,0.05986,0.102,0.07458,0.01285,0.07,0.03114,0.02567,0.2224,0.22,
2.141,0.3697,0.09294,0.08851,0.05994,0.102,0.07458,0.01285,0.071,0.03117,0.02463,0.2224,0.22,
2.141,0.3629,0.09244,0.08867,0.05996,0.1014,0.07468,0.01287,0.07106,0.03121,0.02465,0.2227,0.2203,
2.141,0.3593,0.0919,0.08872,0.06009,0.1015,0.07472,0.01288,0.07109,0.03178,0.0241,0.2228,0.2204,
2.136,0.3691,0.09197,0.08861,0.06034,0.1007,0.07192,0.01275,0.07254,0.03043,0.02412,0.223,0.2237,
2.134,0.371,0.09181,0.08866,0.06056,0.1003,0.07079,0.01275,0.07258,0.03044,0.02413,0.2231,0.2249,
2.134,0.3739,0.09155,0.08873,0.06075,0.1003,0.07009,0.01311,0.07267,0.02999,0.02413,0.2231,0.2256,
2.155,0.4028,0.08757,0.08871,0.06104,0.1037,0.07011,0.0372,0.04967,0.02895,0.02414,0.2232,0.2257,
2.154,0.4033,0.08752,0.08874,0.06107,0.1037,0.0694,0.0372,0.04967,0.02895,0.02414,0.2232,0.2264,
2.154,0.4146,0.08752,0.08861,0.0612,0.1037,0.0694,0.0372,0.05012,0.0285,0.02414,0.2232,0.2264,
2.154,0.4157,0.08714,0.08886,0.06133,0.1037,0.0694,0.03795,0.04937,0.0285,0.02414,0.2232,0.2264,
2.151,0.4219,0.08714,0.0887,0.06009,0.1037,0.07043,0.03691,0.05037,0.0275,0.02414,0.2232,0.2278,
2.149,0.4409,0.08708,0.08877,0.06017,0.1033,0.06859,0.03693,0.05084,0.02706,0.02414,0.2233,0.2298,
2.168,0.419,0.08898,0.08768,0.06064,0.1029,0.06888,0.03665,0.05142,0.0265,0.03315,0.2155,0.2277,
2.167,0.4128,0.08898,0.08758,0.06075,0.1029,0.06888,0.03665,0.05198,0.02594,0.03315,0.2155,0.2277,
2.169,0.421,0.09134,0.08786,0.06068,0.1046,0.06841,0.03595,0.05242,0.02549,0.03314,0.2165,0.2236,
2.168,0.4107,0.09075,0.0873,0.06071,0.1044,0.06843,0.03652,0.05233,0.02504,0.03315,0.2177,0.2237,
2.166,0.41,0.09066,0.08721,0.06089,0.1044,0.06726,0.03652,0.05233,0.02504,0.03315,0.2177,0.2249,
2.166,0.415,0.09075,0.08687,0.06131,0.1033,0.06735,0.03713,0.05267,0.02424,0.0332,0.218,0.2252,
2.166,0.4174,0.09067,0.08664,0.06161,0.1033,0.06735,0.03713,0.05267,0.02518,0.03226,0.218,0.2252,
2.165,0.4201,0.09068,0.08645,0.0617,0.1031,0.06795,0.03659,0.05418,0.02371,0.03227,0.2181,0.2253,
2.164,0.4168,0.09021,0.0864,0.06187,0.1031,0.06798,0.03661,0.05526,0.02267,0.03229,0.2182,0.2254,
2.162,0.4139,0.0897,0.08639,0.0618,0.1048,0.06658,0.03642,0.0552,0.02264,0.03225,0.2191,0.2251,
2.162,0.4154,0.08949,0.08655,0.06186,0.1048,0.06658,0.03642,0.0552,0.02264,0.03225,0.2191,0.2251,
2.159,0.413,0.08943,0.08643,0.06204,0.1048,0.06646,0.03507,0.05565,0.02219,0.03225,0.2191,0.2266,
