entropy,entropyInd,RabA,RabB,RabC,RabD,RabE,RabF,RabG,RabH,RabI,xER,xPM,
2.178,0.3355,0.106,0.0907,0.0685,0.1252,0.05449,0.03938,0.03062,0.03407,0.03502,0.2066,0.2094,
2.175,0.3406,0.1044,0.09055,0.06846,0.1242,0.05397,0.03925,0.03061,0.03406,0.03502,0.2077,0.2117,
2.172,0.3499,0.1043,0.09028,0.06847,0.1243,0.05202,0.03927,0.03063,0.03408,0.03503,0.2078,0.2138,
2.174,0.346,0.1086,0.09004,0.06835,0.1241,0.05193,0.0392,0.03058,0.03402,0.03498,0.2096,0.2086,
2.173,0.3514,0.1087,0.09012,0.0684,0.1234,0.05131,0.03923,0.0306,0.03404,0.03499,0.2098,0.2094,
2.171,0.3456,0.108,0.08993,0.06822,0.1232,0.05005,0.0389,0.03058,0.03402,0.03588,0.2098,0.2115,
2.171,0.3479,0.1079,0.08975,0.06822,0.1232,0.05007,0.03892,0.03059,0.03404,0.03589,0.2099,0.2116,
2.181,0.3444,0.11,0.08966,0.06815,0.1231,0.05002,0.03888,0.03056,0.034,0.04079,0.2058,0.2091,
2.18,0.3421,0.1099,0.0896,0.0681,0.1226,0.04998,0.03885,0.03054,0.03398,0.04076,0.2067,0.209,
2.181,0.3381,0.1147,0.08951,0.06803,0.1225,0.04884,0.03881,0.0305,0.03395,0.04072,0.2075,0.205,
2.181,0.3356,0.1146,0.08946,0.06806,0.1218,0.04889,0.03886,0.03054,0.03398,0.04076,0.2078,0.2053,
2.181,0.3282,0.1144,0.08946,0.06812,0.1212,0.04895,0.0389,0.03057,0.03402,0.04081,0.208,0.2055,
2.179,0.3431,0.114,0.08943,0.06809,0.1208,0.04844,0.03877,0.03041,0.03401,0.0408,0.209,0.2063,
2.175,0.3215,0.1119,0.08962,0.06833,0.12,0.04574,0.03892,0.03052,0.03415,0.04095,0.2099,0.21,
2.178,0.3222,0.1114,0.08956,0.06831,0.1196,0.04507,0.03891,0.03052,0.03414,0.04402,0.2078,0.2106,
2.176,0.3152,0.1124,0.08951,0.06827,0.1195,0.0435,0.03889,0.0305,0.03412,0.04399,0.2087,0.2105,
2.176,0.3207,0.1125,0.08954,0.0683,0.1192,0.04352,0.03891,0.03051,0.03413,0.04401,0.2088,0.2106,
2.175,0.3267,0.1117,0.08956,0.06839,0.1191,0.04292,0.03896,0.03055,0.03418,0.04406,0.2091,0.2116,
2.175,0.3383,0.1114,0.08925,0.06844,0.1188,0.04296,0.03901,0.03058,0.03422,0.04411,0.2094,0.2118,
2.174,0.3412,0.1132,0.08916,0.06837,0.1187,0.04225,0.03897,0.03055,0.03419,0.04407,0.2102,0.2103,
2.174,0.3287,0.1133,0.0892,0.0684,0.1183,0.04227,0.03898,0.03056,0.0342,0.04409,0.2103,0.2104,
2.171,0.3384,0.1133,0.0892,0.0684,0.1183,0.0405,0.03898,0.03056,0.0342,0.04409,0.2103,0.2122,
2.17,0.3416,0.1134,0.08905,0.06766,0.1177,0.04055,0.03903,0.0306,0.03424,0.04414,0.2106,0.2131,
2.176,0.3441,0.116,0.08867,0.06746,0.1171,0.04049,0.03898,0.03056,0.0342,0.04754,0.2089,0.21,
2.176,0.3737,0.116,0.08867,0.06746,0.1171,0.04049,0.03898,0.03056,0.0342,0.04754,0.2089,0.21,
2.176,0.342,0.1157,0.08855,0.06735,0.1169,0.04055,0.03903,0.0306,0.03424,0.0476,0.2092,0.2103,
2.171,0.3435,0.1154,0.0885,0.06521,0.1169,0.03948,0.03894,0.03048,0.03425,0.04762,0.2093,0.2139,
2.17,0.3434,0.1144,0.08854,0.06523,0.1165,0.03949,0.03896,0.03049,0.03427,0.04764,0.2094,0.2151,
2.171,0.3534,0.1172,0.08845,0.06476,0.1164,0.03945,0.03892,0.03046,0.03423,0.04759,0.2102,0.2123,
2.169,0.3513,0.1172,0.08848,0.06478,0.1161,0.03836,0.03894,0.03047,0.03425,0.04761,0.2103,0.2135,
2.169,0.3549,0.1172,0.08848,0.06478,0.1161,0.03836,0.03894,0.03047,0.03425,0.04761,0.2103,0.2135,
2.169,0.359,0.1167,0.08864,0.06493,0.1155,0.03841,0.03956,0.02994,0.03564,0.04632,0.2106,0.2138,
2.176,0.3572,0.1211,0.0886,0.06492,0.1149,0.03834,0.03949,0.03095,0.03666,0.04682,0.2096,0.2086,
2.17,0.3728,0.1198,0.08867,0.06501,0.116,0.03466,0.04037,0.03006,0.04077,0.04271,0.2096,0.2123,
2.179,0.3713,0.1202,0.08896,0.0649,0.1158,0.03459,0.04029,0.03,0.04069,0.04905,0.2049,0.2107,
2.18,0.3813,0.1187,0.08889,0.06501,0.1168,0.03455,0.04024,0.03525,0.04011,0.04425,0.2057,0.2105,
2.181,0.3732,0.1186,0.08899,0.06528,0.1161,0.03457,0.04028,0.03528,0.04067,0.04375,0.2059,0.2106,
2.181,0.3758,0.1185,0.0892,0.06546,0.115,0.03461,0.04033,0.03532,0.04161,0.04291,0.2061,0.2109,
2.179,0.375,0.1178,0.08956,0.06556,0.1147,0.03354,0.04103,0.03468,0.04164,0.04295,0.2063,0.2122,
2.179,0.3676,0.1165,0.08977,0.06563,0.1157,0.03354,0.04103,0.03468,0.04164,0.04295,0.2063,0.2122,
2.179,0.3677,0.1155,0.08979,0.06555,0.1161,0.03357,0.04105,0.03472,0.04169,0.043,0.2066,0.2125,
2.165,0.3468,0.1183,0.08972,0.06563,0.116,0.06034,0.01421,0.03511,0.04123,0.04295,0.2074,0.2092,
2.163,0.3531,0.1179,0.08931,0.06562,0.1154,0.05961,0.01421,0.03513,0.04125,0.04298,0.2086,0.21,
2.166,0.354,0.1139,0.08947,0.06557,0.1187,0.06002,0.02992,0.01894,0.04123,0.04295,0.2095,0.2099,
2.171,0.3443,0.1175,0.08914,0.06553,0.1189,0.05661,0.02982,0.01888,0.0411,0.04848,0.2063,0.2077,
2.171,0.3468,0.1174,0.08909,0.06568,0.1189,0.05661,0.02982,0.01888,0.0411,0.04848,0.2063,0.2077,
2.171,0.3515,0.1171,0.08928,0.06588,0.1176,0.05662,0.02983,0.01888,0.04111,0.04849,0.2074,0.2078,
2.169,0.3531,0.1169,0.08913,0.06592,0.1163,0.05592,0.02981,0.01886,0.04108,0.04845,0.2093,0.2083,
2.166,0.3629,0.1157,0.08918,0.06629,0.1169,0.05373,0.03016,0.01853,0.04529,0.04426,0.2094,0.2106,
2.164,0.3892,0.1154,0.08899,0.06647,0.1169,0.0522,0.03017,0.01853,0.04531,0.04428,0.2095,0.2122,
2.162,0.3658,0.1149,0.08941,0.06651,0.1169,0.05044,0.03017,0.01853,0.04531,0.04428,0.2095,0.214,
2.167,0.3628,0.1189,0.08915,0.06665,0.1173,0.05035,0.03012,0.01903,0.0447,0.04624,0.2092,0.2083,
2.167,0.3578,0.1182,0.08883,0.06703,0.1179,0.05035,0.03012,0.01903,0.04523,0.04571,0.2092,0.2083,
2.17,0.4051,0.1178,0.08861,0.06706,0.1177,0.05025,0.03006,0.01899,0.04514,0.04803,0.2085,0.2079,
2.17,0.3672,0.1175,0.08867,0.06711,0.1174,0.05028,0.03008,0.019,0.04517,0.04807,0.2086,0.2081,
2.169,0.3144,0.1172,0.08881,0.06726,0.1174,0.05015,0.02955,0.019,0.04517,0.04807,0.2086,0.2087,
2.167,0.3138,0.1169,0.08871,0.06683,0.1169,0.05012,0.02953,0.01899,0.0479,0.04528,0.2096,0.2093,
2.168,0.32,0.1164,0.08905,0.06696,0.1169,0.05012,0.02953,0.01899,0.0479,0.04528,0.2096,0.2093,
2.167,0.3066,0.1114,0.08912,0.06714,0.121,0.05016,0.02956,0.019,0.04795,0.04531,0.2098,0.2095,
2.167,0.307,0.1098,0.08898,0.06762,0.1217,0.05021,0.02959,0.01901,0.04905,0.04428,0.21,0.2097,
2.167,0.3272,0.1081,0.08944,0.06776,0.1226,0.05023,0.02959,0.01902,0.04907,0.0443,0.2101,0.2098,
2.173,0.3114,0.1078,0.08949,0.06773,0.1224,0.05018,0.02956,0.019,0.04902,0.04876,0.2064,0.2096,
2.159,0.3306,0.1068,0.08955,0.06786,0.1212,0.04951,0.04133,0.007226,0.05298,0.0448,0.2085,0.2103,
2.159,0.3318,0.1062,0.08968,0.06797,0.1212,0.04954,0.04135,0.007229,0.053,0.04482,0.2086,0.2104,
2.159,0.3336,0.1083,0.08954,0.06813,0.1204,0.04842,0.04134,0.00775,0.05352,0.04374,0.2096,0.2092,
2.161,0.3364,0.1083,0.08927,0.0685,0.12,0.04844,0.04136,0.009234,0.05415,0.04167,0.2097,0.2093,
2.16,0.346,0.1079,0.08935,0.06862,0.1197,0.05219,0.03769,0.009242,0.05578,0.04012,0.2099,0.2095,
2.172,0.3419,0.1079,0.08915,0.06871,0.1187,0.05219,0.0377,0.009241,0.05579,0.04796,0.2032,0.2096,
2.17,0.3493,0.1076,0.08866,0.06887,0.1186,0.05216,0.03801,0.008897,0.05576,0.04793,0.2041,0.2094,
2.156,0.376,0.1075,0.08872,0.06887,0.1186,0.06632,0.02165,0.008897,0.05576,0.04793,0.2041,0.2116,
2.158,0.3614,0.1103,0.08874,0.06885,0.1196,0.06625,0.02162,0.008888,0.05799,0.04559,0.2049,0.2073,
2.158,0.3535,0.1102,0.08913,0.06895,0.1181,0.06637,0.02166,0.008898,0.05809,0.04566,0.2053,0.2077,
2.156,0.353,0.1102,0.08891,0.06865,0.1178,0.06572,0.02166,0.008898,0.05961,0.04417,0.2053,0.2091,
2.154,0.3564,0.1098,0.08886,0.06855,0.1175,0.06612,0.02109,0.008879,0.06096,0.0426,0.207,0.2086,
2.153,0.3579,0.1097,0.08877,0.06876,0.1175,0.06458,0.02109,0.009302,0.0616,0.04155,0.207,0.2102,
2.149,0.3937,0.108,0.08867,0.06891,0.118,0.06458,0.02109,0.009299,0.06694,0.0362,0.2081,0.2102,
2.148,0.3482,0.1079,0.08849,0.06905,0.1172,0.06456,0.02108,0.009293,0.06745,0.03567,0.2091,0.2102,
2.148,0.3671,0.1077,0.08847,0.06924,0.1165,0.06463,0.02111,0.009303,0.06806,0.03518,0.2094,0.2105,
2.168,0.3649,0.1073,0.08811,0.06926,0.1155,0.06449,0.02106,0.009276,0.06791,0.04858,0.1985,0.21,
2.167,0.3565,0.1054,0.08802,0.06941,0.1171,0.06384,0.02107,0.009276,0.06794,0.0486,0.1986,0.2108,
2.166,0.3122,0.104,0.08783,0.06964,0.118,0.06383,0.02109,0.009284,0.068,0.04864,0.1988,0.211,
2.168,0.2912,0.1038,0.08783,0.06981,0.118,0.06383,0.02109,0.00999,0.06729,0.04864,0.1988,0.211,
2.165,0.2938,0.1021,0.08809,0.06996,0.119,0.06165,0.02109,0.009994,0.06732,0.04866,0.1988,0.2133,
2.163,0.297,0.1009,0.0883,0.07001,0.12,0.05966,0.02109,0.01042,0.0669,0.04866,0.1988,0.2153,
2.165,0.3023,0.1032,0.08869,0.07003,0.1195,0.05963,0.02108,0.01041,0.06792,0.04758,0.1997,0.2123,
2.165,0.2812,0.1033,0.08877,0.07019,0.1184,0.0597,0.0211,0.01042,0.068,0.04764,0.2,0.2126,
2.162,0.2975,0.1032,0.08872,0.07041,0.118,0.05774,0.02111,0.01042,0.06891,0.04677,0.2001,0.2146,
2.164,0.2943,0.1077,0.08852,0.0706,0.1171,0.05772,0.0211,0.01041,0.06889,0.04675,0.202,0.2091,
2.162,0.301,0.1049,0.08826,0.0708,0.1193,0.05659,0.02109,0.0104,0.06885,0.04672,0.2029,0.2101,
2.162,0.3214,0.1042,0.08819,0.07095,0.1194,0.05664,0.02111,0.01041,0.06891,0.04676,0.2031,0.2103,
2.162,0.294,0.1043,0.08808,0.07112,0.1191,0.05666,0.02112,0.01041,0.06894,0.04678,0.2032,0.2104,
2.161,0.2858,0.1021,0.0886,0.07112,0.1207,0.05719,0.02058,0.01041,0.06894,0.04678,0.2032,0.2104,
2.161,0.2987,0.1015,0.08872,0.07106,0.1206,0.05715,0.02057,0.01041,0.0689,0.04676,0.2041,0.2103,
2.16,0.2933,0.1008,0.08872,0.07113,0.1207,0.05766,0.02006,0.01042,0.06949,0.04627,0.2043,0.2105,
2.159,0.2856,0.1009,0.08882,0.07136,0.1192,0.05775,0.02009,0.01043,0.07097,0.04497,0.2046,0.2108,
2.159,0.2946,0.09969,0.08887,0.07147,0.12,0.05777,0.02066,0.00986,0.071,0.04499,0.2047,0.2109,
2.156,0.2972,0.09948,0.0888,0.07042,0.1196,0.05773,0.02127,0.009227,0.07096,0.04495,0.2056,0.2119,
2.158,0.299,0.1028,0.08853,0.07053,0.1194,0.05767,0.02125,0.009217,0.07088,0.04491,0.2064,0.2083,
2.158,0.3097,0.1028,0.08839,0.0705,0.1191,0.05773,0.02127,0.009226,0.07095,0.04495,0.2066,0.2085,
2.156,0.3032,0.09661,0.08851,0.07059,0.1251,0.05773,0.02127,0.009226,0.07295,0.04295,0.2066,0.2085,
2.151,0.3106,0.09649,0.08833,0.07073,0.1246,0.05769,0.02125,0.00922,0.0804,0.03542,0.2075,0.2083,
2.15,0.3133,0.09655,0.08828,0.07095,0.1238,0.05774,0.02127,0.009228,0.08179,0.03414,0.2077,0.2085,
2.151,0.3132,0.09653,0.08827,0.07117,0.1231,0.05779,0.02129,0.009761,0.08132,0.03416,0.2079,0.2087,
2.149,0.3104,0.09575,0.08799,0.07133,0.1236,0.05773,0.02126,0.009751,0.08266,0.03271,0.2087,0.2085,
2.147,0.3104,0.09468,0.08783,0.07133,0.1244,0.05767,0.02124,0.009741,0.08307,0.03217,0.2096,0.2083,
2.179,0.3566,0.09447,0.08797,0.07139,0.1244,0.05767,0.02177,0.05507,0.03722,0.03217,0.2096,0.2083,
2.178,0.3413,0.09437,0.08776,0.07144,0.1243,0.05894,0.02095,0.05448,0.03718,0.03214,0.2104,0.208,
2.178,0.3282,0.0943,0.08791,0.07163,0.1232,0.05901,0.02151,0.05487,0.03638,0.03218,0.2107,0.2083,
2.178,0.332,0.09429,0.08779,0.07197,0.1225,0.05906,0.02152,0.05492,0.03844,0.03017,0.2109,0.2085,
2.185,0.3338,0.09408,0.08765,0.07216,0.122,0.05889,0.02098,0.05488,0.04026,0.03329,0.2068,0.209,
2.184,0.3318,0.0929,0.08766,0.07217,0.1225,0.05885,0.02096,0.05538,0.03971,0.03327,0.2077,0.2089,
2.183,0.3356,0.09257,0.08762,0.07202,0.1222,0.05873,0.02092,0.05526,0.03962,0.0332,0.2093,0.2085,
2.181,0.3387,0.09248,0.08792,0.07209,0.1211,0.05726,0.02095,0.05533,0.03967,0.03324,0.2096,0.2103,
2.179,0.3376,0.09208,0.08778,0.07225,0.1203,0.05661,0.02095,0.05534,0.04021,0.03271,0.2107,0.211,
2.204,0.3328,0.08884,0.08844,0.0723,0.1219,0.0566,0.02095,0.05534,0.04163,0.04755,0.1955,0.211,
2.201,0.3319,0.08883,0.08849,0.07246,0.1212,0.055,0.02129,0.0551,0.04106,0.04736,0.1957,0.2136,
2.201,0.3339,0.08825,0.08858,0.07239,0.1225,0.05495,0.02126,0.05504,0.04217,0.04617,0.1964,0.2122,
2.201,0.3408,0.08809,0.08867,0.07256,0.1222,0.05524,0.021,0.05506,0.04218,0.04619,0.1965,0.2123,
2.199,0.3374,0.08784,0.0887,0.07254,0.1219,0.05396,0.02102,0.05511,0.04222,0.04623,0.1967,0.2138,
2.199,0.3388,0.08571,0.08917,0.07267,0.1229,0.054,0.02103,0.05559,0.04183,0.04627,0.1969,0.214,
2.2,0.3411,0.08728,0.08913,0.07294,0.1216,0.05404,0.02105,0.05562,0.04186,0.0463,0.198,0.2122,
2.198,0.3443,0.08925,0.08881,0.07319,0.1214,0.05199,0.02103,0.05557,0.04182,0.04625,0.1988,0.2118,
2.198,0.3595,0.08916,0.08891,0.07338,0.1207,0.05204,0.02104,0.05604,0.04143,0.04629,0.199,0.212,
2.197,0.36,0.0903,0.08889,0.07142,0.1206,0.05199,0.02136,0.05565,0.04139,0.04625,0.1998,0.2124,
2.197,0.3604,0.09324,0.08854,0.07163,0.1203,0.05034,0.02132,0.05554,0.0427,0.04476,0.2014,0.2102,
2.197,0.3542,0.09304,0.08866,0.07187,0.1196,0.05037,0.02134,0.05558,0.04273,0.0448,0.2016,0.2104,
2.197,0.3645,0.09304,0.08854,0.072,0.1196,0.05037,0.02134,0.05558,0.04273,0.0448,0.2016,0.2104,
2.196,0.3594,0.09082,0.08838,0.07216,0.1219,0.05037,0.02134,0.05558,0.04273,0.0448,0.2016,0.2104,
2.194,0.3597,0.09065,0.08821,0.07224,0.1217,0.04972,0.02082,0.05552,0.04268,0.04475,0.2024,0.2113,
2.193,0.357,0.08998,0.08801,0.07252,0.1223,0.04972,0.02082,0.05623,0.04198,0.04475,0.2024,0.2113,
2.191,0.36,0.08982,0.0881,0.07266,0.122,0.04819,0.02083,0.05625,0.042,0.04477,0.2025,0.2129,
2.192,0.3586,0.09086,0.0882,0.07277,0.1222,0.04871,0.02082,0.05624,0.04146,0.04476,0.2034,0.2105,
2.191,0.3772,0.08932,0.08866,0.07285,0.1229,0.04807,0.02083,0.05627,0.04201,0.04425,0.2035,0.2113,
2.19,0.3571,0.08903,0.08884,0.07214,0.1228,0.04852,0.02109,0.05644,0.0412,0.04426,0.2036,0.2121,
2.19,0.3592,0.08835,0.0887,0.07249,0.1222,0.0486,0.02113,0.05654,0.04127,0.04434,0.204,0.2124,
2.192,0.356,0.09074,0.08876,0.07245,0.1217,0.04857,0.02112,0.05693,0.04082,0.04431,0.2049,0.2098,
2.192,0.3602,0.09022,0.08934,0.07247,0.1213,0.04859,0.02112,0.05695,0.04083,0.04433,0.205,0.2099,
2.191,0.3485,0.08834,0.08934,0.07257,0.1231,0.04859,0.02112,0.05695,0.04083,0.04433,0.205,0.2099,
2.192,0.3395,0.08787,0.08953,0.07262,0.1228,0.04863,0.02157,0.05658,0.04087,0.04437,0.2052,0.21,
2.192,0.3484,0.08776,0.08961,0.07274,0.1224,0.04865,0.02157,0.0566,0.04089,0.04438,0.2052,0.2101,
2.176,0.3083,0.08772,0.08942,0.07297,0.1224,0.06065,0.009578,0.0566,0.04089,0.04438,0.2052,0.2101,
2.175,0.3017,0.08746,0.08964,0.07308,0.1221,0.0611,0.009155,0.05662,0.04629,0.039,0.2053,0.2102,
2.175,0.3345,0.08735,0.08945,0.07338,0.1221,0.0611,0.009688,0.05609,0.04964,0.03566,0.2053,0.2102,
2.175,0.3172,0.08722,0.08947,0.07332,0.1216,0.06039,0.01021,0.05552,0.0496,0.03564,0.2062,0.2108,
2.187,0.3337,0.08481,0.08974,0.07333,0.1231,0.06036,0.04401,0.02169,0.04958,0.03561,0.2072,0.2106,
2.185,0.3418,0.08462,0.0899,0.07215,0.1231,0.05969,0.04401,0.02169,0.04958,0.03561,0.2072,0.2125,
2.185,0.351,0.08438,0.08955,0.07249,0.1228,0.05974,0.04405,0.0217,0.04962,0.03564,0.2073,0.2127,
2.184,0.345,0.08389,0.08957,0.07262,0.1228,0.05977,0.04406,0.02171,0.05104,0.03426,0.2074,0.2128,
2.183,0.3586,0.08368,0.0895,0.07129,0.1228,0.05977,0.04406,0.02283,0.04992,0.03426,0.2074,0.2144,
2.183,0.3782,0.08367,0.08951,0.07137,0.1225,0.05979,0.04408,0.02284,0.05042,0.03379,0.2075,0.2145,
2.184,0.3528,0.08514,0.08947,0.07144,0.122,0.05975,0.04405,0.02282,0.05038,0.03377,0.2084,0.2127,
2.184,0.3729,0.08506,0.08938,0.07161,0.122,0.05975,0.04459,0.02229,0.05038,0.03377,0.2084,0.2127,
2.184,0.3349,0.0849,0.08926,0.07163,0.1231,0.05956,0.04458,0.02227,0.05038,0.03374,0.2095,0.2111,
2.183,0.3377,0.08422,0.08917,0.07205,0.1231,0.06048,0.04405,0.02194,0.05141,0.03275,0.2096,0.2112,
2.182,0.3502,0.08405,0.08909,0.07231,0.1231,0.06048,0.04472,0.02128,0.05141,0.03275,0.2096,0.2112,
2.181,0.344,0.08376,0.08905,0.07239,0.1228,0.06053,0.04476,0.0213,0.05421,0.03002,0.2098,0.2114,
2.18,0.349,0.08343,0.08892,0.0724,0.1223,0.06041,0.04467,0.02167,0.05368,0.02995,0.2116,0.211,
2.176,0.3436,0.07675,0.08911,0.0726,0.1286,0.0593,0.04467,0.02167,0.05368,0.02995,0.2116,0.2121,
2.178,0.3435,0.07765,0.08885,0.07269,0.1284,0.05725,0.04463,0.02208,0.05471,0.03115,0.2097,0.2129,
2.175,0.3408,0.07721,0.08917,0.07281,0.1284,0.05566,0.04425,0.02194,0.05471,0.03115,0.2097,0.215,
2.171,0.3444,0.07831,0.08932,0.07101,0.1283,0.05361,0.04473,0.02139,0.05518,0.03058,0.2105,0.2171,
2.172,0.3522,0.08173,0.08898,0.07128,0.1275,0.0536,0.04529,0.02082,0.06183,0.02596,0.2095,0.2136,
2.172,0.3344,0.08182,0.08889,0.07155,0.1264,0.05365,0.04534,0.02083,0.0619,0.02597,0.2097,0.2139,
2.175,0.3461,0.08455,0.08888,0.07092,0.1263,0.05359,0.04529,0.02134,0.0613,0.02595,0.2106,0.2113,
2.192,0.3462,0.08423,0.08876,0.07093,0.1255,0.05294,0.04573,0.02092,0.06185,0.0356,0.2015,0.212,
2.191,0.3445,0.08426,0.08849,0.071,0.1252,0.05182,0.04577,0.02162,0.06122,0.03563,0.2017,0.2133,
2.19,0.3494,0.08425,0.08855,0.07103,0.1248,0.05184,0.04632,0.0211,0.06124,0.03565,0.2018,0.2134,
2.189,0.3448,0.08609,0.08835,0.06913,0.1243,0.05181,0.04629,0.02109,0.06121,0.03562,0.2027,0.2134,
2.189,0.3523,0.08568,0.0883,0.06925,0.1244,0.05183,0.04685,0.02056,0.06123,0.03564,0.2028,0.2135,
2.189,0.3447,0.08564,0.08822,0.06937,0.1244,0.05325,0.04543,0.02056,0.06123,0.03564,0.2028,0.2135,
2.19,0.3392,0.08526,0.08846,0.06962,0.124,0.05327,0.04545,0.02137,0.06046,0.03566,0.2028,0.2136,
2.19,0.3412,0.08497,0.08869,0.06989,0.1232,0.05332,0.04549,0.02139,0.06051,0.03569,0.203,0.2138,
2.188,0.3367,0.08507,0.08862,0.07021,0.1218,0.05341,0.04557,0.02143,0.06301,0.03335,0.2034,0.2142,
2.19,0.3366,0.08652,0.08841,0.0703,0.1208,0.05335,0.04551,0.0224,0.06194,0.03331,0.2052,0.2123,
2.19,0.34,0.08642,0.08843,0.07038,0.1208,0.05362,0.04524,0.0224,0.06194,0.03331,0.2052,0.2123,
2.183,0.346,0.08751,0.08833,0.06902,0.1207,0.04972,0.04519,0.02237,0.06188,0.03327,0.206,0.216,
2.182,0.354,0.08644,0.08852,0.06911,0.1215,0.04959,0.04466,0.02237,0.06188,0.03327,0.206,0.2167,
2.186,0.3539,0.09108,0.08841,0.06936,0.121,0.04956,0.04517,0.02271,0.06193,0.03228,0.2069,0.2116,
2.185,0.3575,0.09059,0.08828,0.06939,0.1209,0.04996,0.04471,0.0227,0.06189,0.03226,0.2078,0.2115,
2.185,0.365,0.09007,0.08773,0.06936,0.1204,0.04992,0.04468,0.02463,0.05989,0.03223,0.2097,0.2113,
2.185,0.3473,0.08986,0.08784,0.06947,0.1204,0.04992,0.04468,0.02463,0.05989,0.03223,0.2097,0.2113,
2.185,0.3447,0.08997,0.08787,0.06982,0.1185,0.05002,0.04531,0.02415,0.06002,0.0323,0.2102,0.2118,
2.185,0.3466,0.08984,0.08786,0.06981,0.118,0.04999,0.04528,0.02413,0.05999,0.03228,0.2111,0.2117,
2.189,0.3229,0.08963,0.08757,0.06997,0.1171,0.05037,0.0451,0.02375,0.0599,0.0357,0.2095,0.2114,
2.165,0.336,0.09105,0.0876,0.07013,0.1154,0.07993,0.01493,0.02376,0.05994,0.03572,0.2107,0.2108,
2.163,0.3319,0.08982,0.08763,0.07047,0.1163,0.07794,0.01493,0.02376,0.05994,0.03572,0.2107,0.2128,
2.157,0.3609,0.08966,0.08787,0.07058,0.1156,0.07544,0.01528,0.06291,0.02104,0.03522,0.2109,0.2155,
2.157,0.3626,0.08898,0.08792,0.07065,0.1159,0.07547,0.01528,0.06341,0.02058,0.03523,0.211,0.2156,
2.157,0.3614,0.08792,0.0878,0.07089,0.1168,0.07547,0.01583,0.06286,0.02058,0.03523,0.211,0.2156,
2.158,0.3651,0.08938,0.08787,0.07109,0.1155,0.07482,0.01584,0.06287,0.02272,0.0331,0.2121,0.2147,
2.166,0.357,0.09069,0.088,0.0712,0.115,0.0752,0.0154,0.06283,0.0227,0.0372,0.2089,0.2129,
2.164,0.3608,0.09071,0.08782,0.07157,0.1142,0.07415,0.01541,0.06366,0.02193,0.03723,0.2091,0.2142,
2.164,0.3575,0.09062,0.08788,0.07161,0.1142,0.07415,0.01541,0.06366,0.02193,0.03723,0.2091,0.2142,
2.16,0.3607,0.08927,0.08787,0.07181,0.1148,0.07207,0.01542,0.06461,0.02106,0.03727,0.2093,0.2165,
2.16,0.3602,0.08793,0.08778,0.07193,0.1162,0.07207,0.01542,0.06461,0.02106,0.03727,0.2093,0.2165,
2.161,0.3871,0.08763,0.08797,0.07204,0.1162,0.07207,0.01542,0.06461,0.0232,0.03513,0.2093,0.2165,
2.16,0.3794,0.08761,0.08775,0.07216,0.1157,0.07255,0.015,0.06537,0.02249,0.03516,0.2095,0.2167,
2.158,0.378,0.08762,0.08785,0.07228,0.115,0.07128,0.01501,0.06543,0.02251,0.03519,0.2097,0.2182,
2.159,0.3825,0.08757,0.08785,0.07241,0.1146,0.07131,0.01555,0.06492,0.0235,0.03423,0.2098,0.2183,
2.159,0.3803,0.08739,0.08775,0.0727,0.1146,0.07131,0.01555,0.06492,0.0235,0.03423,0.2098,0.2183,
2.16,0.3715,0.08727,0.08783,0.07274,0.1146,0.07131,0.01555,0.06492,0.02437,0.03336,0.2098,0.2183,
2.157,0.3697,0.08688,0.08815,0.0729,0.1143,0.0688,0.01555,0.06494,0.02437,0.03337,0.2098,0.2209,
2.154,0.3697,0.08692,0.08816,0.07146,0.1135,0.06819,0.01556,0.06543,0.02396,0.0334,0.21,0.2234,
2.155,0.3711,0.08892,0.08819,0.07138,0.1134,0.06812,0.01555,0.06536,0.02393,0.03337,0.2109,0.2209,
2.156,0.3769,0.08791,0.08829,0.07149,0.1136,0.06818,0.01556,0.06542,0.02935,0.028,0.2111,0.2211,
2.155,0.3757,0.08752,0.08857,0.07167,0.1133,0.06875,0.01503,0.06544,0.02936,0.02801,0.2111,0.2212,
2.155,0.3772,0.08696,0.08865,0.07184,0.113,0.06879,0.01575,0.06531,0.02884,0.02804,0.2113,0.2214,
2.153,0.3806,0.08696,0.08848,0.07201,0.113,0.06694,0.01575,0.06531,0.02884,0.02804,0.2113,0.2233,
2.152,0.3706,0.08579,0.08835,0.07221,0.1141,0.06748,0.01575,0.06531,0.02831,0.02804,0.2113,0.2233,
2.151,0.3702,0.08579,0.08839,0.07249,0.113,0.06645,0.01577,0.0654,0.02834,0.02807,0.2116,0.2247,
2.148,0.3731,0.08579,0.08827,0.07261,0.113,0.06862,0.0136,0.0654,0.03016,0.02626,0.2116,0.2247,
2.152,0.3683,0.09175,0.08806,0.07254,0.1127,0.06901,0.01375,0.06454,0.03009,0.02621,0.2133,0.218,
2.167,0.3608,0.094,0.08787,0.07256,0.1126,0.06894,0.01374,0.06447,0.03006,0.03295,0.2074,0.2154,
2.167,0.3634,0.09389,0.0879,0.07274,0.1123,0.06896,0.01374,0.06449,0.03234,0.03068,0.2074,0.2155,
2.16,0.3327,0.09384,0.08779,0.07289,0.1123,0.06896,0.01374,0.07288,0.02396,0.03068,0.2074,0.2155,
2.16,0.3299,0.09798,0.08771,0.07284,0.112,0.06787,0.01364,0.07317,0.02586,0.0279,0.2091,0.2119,
2.16,0.3354,0.09769,0.08792,0.07292,0.112,0.06787,0.01364,0.07317,0.02689,0.02686,0.2091,0.2119,
2.16,0.3264,0.09762,0.08792,0.0731,0.1116,0.06724,0.01418,0.07267,0.02777,0.02601,0.2092,0.2127,
2.16,0.3305,0.097,0.08762,0.07346,0.1114,0.06731,0.0142,0.07277,0.02868,0.02517,0.2095,0.2129,
2.161,0.3197,0.09673,0.08769,0.07338,0.1113,0.06724,0.01535,0.07153,0.02865,0.02514,0.2103,0.2127,
2.157,0.3127,0.09506,0.08755,0.07365,0.1126,0.06837,0.01356,0.07155,0.02865,0.02515,0.2104,0.2135,
2.154,0.3124,0.09174,0.08799,0.07203,0.1144,0.06888,0.01313,0.07161,0.02868,0.02518,0.2106,0.2157,
2.152,0.3344,0.0947,0.08783,0.07197,0.1143,0.06739,0.0131,0.07747,0.02483,0.02482,0.2113,0.2123,
2.152,0.336,0.09373,0.08795,0.0721,0.1142,0.06746,0.01311,0.07756,0.02572,0.02398,0.2116,0.2125,
2.151,0.328,0.09357,0.08795,0.07226,0.1142,0.06746,0.01311,0.07756,0.0267,0.023,0.2116,0.2125,
2.152,0.3164,0.09651,0.08813,0.07236,0.1127,0.06637,0.0131,0.0776,0.0267,0.02302,0.2128,0.2107,
2.15,0.3151,0.096,0.08823,0.07187,0.1124,0.06531,0.01311,0.07766,0.02672,0.02303,0.213,0.2127,
2.151,0.3133,0.09591,0.08812,0.07207,0.1124,0.06531,0.01365,0.07713,0.02672,0.02303,0.213,0.2127,
2.17,0.3133,0.09571,0.08787,0.07208,0.1118,0.0652,0.01362,0.077,0.02668,0.0331,0.2046,0.2123,
2.165,0.3056,0.09514,0.08793,0.07225,0.1118,0.06234,0.01302,0.07703,0.02669,0.03312,0.2047,0.2159,
2.167,0.3069,0.09978,0.0878,0.07233,0.1114,0.06077,0.01336,0.07668,0.02668,0.03311,0.2057,0.2123,
2.167,0.3014,0.09976,0.0878,0.07246,0.1111,0.06079,0.01336,0.0767,0.02669,0.03313,0.2058,0.2124,
2.165,0.3001,0.09966,0.08754,0.07255,0.1109,0.06072,0.01335,0.07741,0.02587,0.03309,0.2066,0.2122,
2.166,0.302,0.09995,0.08783,0.07246,0.1118,0.0606,0.01332,0.07725,0.02582,0.03302,0.2083,0.2097,
2.165,0.3128,0.09968,0.08742,0.0726,0.1116,0.06047,0.01372,0.07666,0.02577,0.03296,0.2099,0.2092,
2.163,0.3117,0.09944,0.08717,0.07255,0.1114,0.05968,0.01369,0.0765,0.02571,0.03289,0.2116,0.2094,
2.163,0.3146,0.09915,0.08738,0.07263,0.1114,0.05968,0.01369,0.0765,0.02722,0.03138,0.2116,0.2094,
2.162,0.3165,0.09909,0.08736,0.07282,0.1107,0.05933,0.01342,0.07656,0.02875,0.0299,0.2118,0.2103,
2.162,0.2953,0.09874,0.08763,0.073,0.1103,0.05935,0.01343,0.07659,0.02876,0.02991,0.2119,0.2104,
2.162,0.3022,0.09865,0.08764,0.07307,0.1103,0.06042,0.01289,0.07606,0.02876,0.02991,0.2119,0.2104,
2.162,0.2951,0.09768,0.08746,0.07311,0.1112,0.06097,0.01343,0.07503,0.02877,0.02992,0.212,0.2105,
2.163,0.3031,0.0975,0.08744,0.07332,0.1112,0.06097,0.01343,0.07503,0.02952,0.02917,0.212,0.2105,
2.163,0.2943,0.09729,0.08744,0.07352,0.1112,0.06097,0.01343,0.07503,0.02952,0.02917,0.212,0.2105,
2.163,0.2965,0.09718,0.08731,0.07386,0.1108,0.06099,0.01343,0.07505,0.02953,0.02918,0.212,0.2106,
2.171,0.296,0.09666,0.08717,0.07379,0.1101,0.06082,0.0134,0.07485,0.02945,0.03433,0.2094,0.21,
2.169,0.2886,0.0966,0.08697,0.07387,0.1097,0.06078,0.01339,0.07549,0.02874,0.03431,0.2103,0.2099,
2.183,0.2828,0.09801,0.0872,0.07379,0.1095,0.05952,0.01337,0.07557,0.02891,0.04261,0.2019,0.2096,
2.182,0.2872,0.09794,0.08722,0.07383,0.1095,0.06111,0.01178,0.0761,0.0363,0.03468,0.2019,0.2096,
2.183,0.2941,0.09769,0.08733,0.07397,0.1095,0.06111,0.01231,0.07557,0.0363,0.03468,0.2019,0.2096,
2.181,0.292,0.09769,0.08725,0.07405,0.1095,0.062,0.01143,0.0761,0.03577,0.03468,0.2019,0.2096,
2.177,0.3026,0.09761,0.08669,0.07436,0.1096,0.06203,0.01196,0.08126,0.03013,0.0347,0.202,0.2096,
2.178,0.2964,0.09751,0.08682,0.07444,0.1092,0.06204,0.01249,0.08076,0.03014,0.03471,0.2021,0.2097,
2.178,0.2938,0.09751,0.08673,0.07452,0.1092,0.06204,0.01249,0.08076,0.03014,0.03471,0.2021,0.2097,
2.177,0.3012,0.09581,0.08692,0.0746,0.1101,0.06209,0.0125,0.08151,0.02947,0.03474,0.2023,0.2099,
2.177,0.2908,0.0958,0.08692,0.07473,0.1086,0.06212,0.01303,0.08102,0.03,0.03423,0.2035,0.2101,
2.175,0.2917,0.09547,0.0868,0.07465,0.1084,0.06199,0.013,0.08155,0.03031,0.0331,0.2051,0.2097,
2.176,0.3045,0.09526,0.08682,0.07485,0.1084,0.06199,0.013,0.08155,0.03031,0.0331,0.2051,0.2097,
2.159,0.333,0.09532,0.08679,0.07513,0.1072,0.0626,0.01301,0.09357,0.0179,0.03314,0.2053,0.2099,
2.158,0.3316,0.09507,0.08651,0.07534,0.1067,0.06199,0.01303,0.09412,0.0175,0.03319,0.2056,0.2109,
2.157,0.3133,0.09505,0.08637,0.07567,0.106,0.06147,0.01291,0.0942,0.01752,0.03322,0.2058,0.2117,
2.154,0.3199,0.09487,0.08633,0.07564,0.1059,0.06127,0.01236,0.09411,0.0175,0.03318,0.2066,0.2122,
2.154,0.3029,0.09372,0.08627,0.07588,0.1067,0.06127,0.01237,0.09415,0.01751,0.0332,0.2067,0.2123,
2.154,0.3247,0.09346,0.08657,0.07604,0.1059,0.06132,0.01238,0.09466,0.01852,0.03181,0.2069,0.2125,
2.178,0.3068,0.09192,0.0866,0.07616,0.1062,0.06185,0.0784,0.0284,0.01855,0.03186,0.2073,0.2128,
2.176,0.3087,0.09045,0.08659,0.07624,0.1073,0.06121,0.07898,0.02785,0.01855,0.03188,0.2074,0.2136,
2.179,0.3091,0.09432,0.08674,0.07627,0.1072,0.06168,0.07836,0.02783,0.01853,0.03184,0.2082,0.2091,
2.178,0.311,0.09397,0.08703,0.07633,0.1072,0.06101,0.07836,0.02783,0.01853,0.03184,0.2082,0.2097,
2.176,0.3155,0.0934,0.08714,0.07646,0.1072,0.05993,0.07893,0.0273,0.01854,0.03186,0.2083,0.2109,
2.174,0.3109,0.09329,0.08699,0.07654,0.1067,0.05882,0.07889,0.02729,0.01853,0.03184,0.2092,0.2119,
2.171,0.3201,0.09313,0.08705,0.07665,0.1067,0.05682,0.07889,0.02836,0.01746,0.03184,0.2092,0.2139,
2.171,0.3204,0.09318,0.08694,0.07704,0.1056,0.05689,0.07899,0.02839,0.01748,0.03188,0.2095,0.2142,
2.171,0.3221,0.09299,0.08705,0.0772,0.1052,0.05691,0.07902,0.02911,0.01677,0.03189,0.2096,0.2143,
2.171,0.3249,0.09278,0.08717,0.07728,0.1052,0.05691,0.07902,0.02911,0.01677,0.03189,0.2096,0.2143,
2.17,0.3289,0.09267,0.0872,0.07747,0.1049,0.05747,0.07852,0.02991,0.016,0.03191,0.2097,0.2144,
2.171,0.3319,0.09225,0.08718,0.07769,0.1045,0.05752,0.07859,0.03036,0.01683,0.03069,0.2098,0.2145,
2.168,0.3396,0.0921,0.08696,0.07806,0.1045,0.05795,0.07816,0.03388,0.01331,0.03069,0.2098,0.2145,
2.168,0.3418,0.0919,0.08708,0.07836,0.1037,0.058,0.07823,0.03391,0.01332,0.03071,0.21,0.2147,
2.168,0.3427,0.09289,0.08717,0.07855,0.1027,0.05806,0.07832,0.03466,0.01262,0.03075,0.2113,0.2129,
2.168,0.344,0.09273,0.08711,0.07876,0.1027,0.05806,0.07832,0.03466,0.01262,0.03075,0.2113,0.2129,
2.167,0.3533,0.09258,0.08719,0.07883,0.1027,0.05645,0.07792,0.03466,0.01369,0.02968,0.2113,0.215,
2.167,0.3602,0.09207,0.08765,0.07896,0.1024,0.0569,0.07808,0.03411,0.01504,0.02835,0.2114,0.2151,
2.17,0.3376,0.09472,0.08754,0.07726,0.1023,0.05686,0.07845,0.03366,0.01502,0.0297,0.212,0.2125,
2.168,0.3416,0.09465,0.08699,0.07754,0.1023,0.05688,0.0796,0.03345,0.01414,0.02971,0.2121,0.2126,
2.167,0.3479,0.09447,0.0872,0.07754,0.102,0.05667,0.0792,0.03347,0.01414,0.02973,0.2122,0.2134,
2.164,0.3499,0.09451,0.08715,0.07765,0.1016,0.08442,0.05151,0.03473,0.0129,0.02974,0.2123,0.2135,
2.162,0.3667,0.09442,0.08722,0.07786,0.1009,0.08337,0.05155,0.0353,0.01237,0.02976,0.2125,0.2148,
2.165,0.3528,0.09814,0.08705,0.07797,0.1008,0.08397,0.05081,0.03526,0.01352,0.02857,0.2133,0.2106,
2.166,0.3644,0.09799,0.08697,0.07819,0.1008,0.08397,0.05081,0.03526,0.01441,0.02768,0.2133,0.2106,
2.167,0.369,0.0976,0.0868,0.07843,0.1008,0.08445,0.05093,0.03474,0.01902,0.02309,0.2134,0.2107,
2.187,0.3655,0.097,0.08672,0.07831,0.1003,0.08434,0.05087,0.03469,0.01899,0.0333,0.205,0.2105,
2.173,0.3696,0.09695,0.08642,0.07867,0.1003,0.1019,0.03333,0.03469,0.01899,0.0333,0.205,0.2105,
2.172,0.3691,0.09685,0.08653,0.07882,0.09961,0.1024,0.03293,0.03472,0.01954,0.03279,0.2052,0.2106,
2.172,0.3679,0.09659,0.08649,0.07885,0.09951,0.1023,0.03289,0.03468,0.02064,0.03164,0.206,0.2104,
2.169,0.3867,0.09619,0.08586,0.07879,0.0991,0.09986,0.03318,0.03411,0.02218,0.02988,0.2093,0.2116,
2.167,0.3689,0.09581,0.08593,0.07888,0.09866,0.09967,0.03263,0.03409,0.02217,0.02986,0.2102,0.2121,
2.168,0.3704,0.09714,0.08626,0.07894,0.09818,0.09894,0.03261,0.03407,0.02216,0.02984,0.2111,0.2107,
2.167,0.3736,0.09714,0.08622,0.07909,0.09781,0.09898,0.03262,0.03408,0.02217,0.02986,0.2112,0.2108,
2.166,0.3764,0.09633,0.08593,0.07914,0.09706,0.09952,0.03223,0.03412,0.02219,0.02989,0.2125,0.2111,
2.169,0.3837,0.09596,0.0861,0.07906,0.09696,0.09875,0.0322,0.03409,0.02217,0.03189,0.2113,0.2115,
2.171,0.3728,0.09591,0.08584,0.07932,0.09605,0.09874,0.03254,0.03374,0.0243,0.03104,0.2111,0.2115,
2.171,0.373,0.09586,0.08599,0.07949,0.09496,0.09886,0.03257,0.03378,0.02432,0.03108,0.2113,0.2118,
2.169,0.3727,0.0957,0.08586,0.07951,0.09486,0.09742,0.03254,0.03374,0.0243,0.03104,0.2122,0.2129,
2.169,0.3752,0.09566,0.08593,0.07971,0.09406,0.0975,0.03257,0.0346,0.02349,0.03107,0.2124,0.2131,
2.178,0.3598,0.09665,0.08601,0.07973,0.09536,0.09673,0.04896,0.01813,0.02347,0.03967,0.2046,0.2107,
2.178,0.3664,0.09647,0.08623,0.07986,0.09464,0.09681,0.049,0.01814,0.02348,0.03971,0.2047,0.2109,
2.176,0.3538,0.0964,0.08624,0.08014,0.09386,0.09532,0.04862,0.01815,0.0235,0.03974,0.2049,0.2131,
2.174,0.3546,0.09641,0.08633,0.08024,0.09313,0.09361,0.04865,0.01816,0.02405,0.03924,0.2051,0.2151,
2.174,0.3548,0.09622,0.08644,0.08031,0.09313,0.09361,0.04865,0.01859,0.02362,0.03924,0.2051,0.2151,
2.17,0.421,0.09597,0.08585,0.08028,0.09313,0.09102,0.04869,0.01802,0.02362,0.03924,0.2051,0.2191,
2.17,0.4122,0.09768,0.0859,0.08026,0.09269,0.09101,0.04931,0.01739,0.02362,0.03923,0.2061,0.2168,
2.171,0.3977,0.0987,0.08582,0.08033,0.0926,0.09092,0.04926,0.01844,0.02252,0.03919,0.2069,0.2153,
2.17,0.3358,0.0986,0.08594,0.08053,0.09181,0.0901,0.04885,0.01845,0.02254,0.03923,0.2071,0.2168,
2.17,0.3343,0.09837,0.0861,0.08061,0.09181,0.0901,0.04885,0.01845,0.02254,0.03923,0.2071,0.2168,
2.166,0.3534,0.09835,0.08592,0.08089,0.09147,0.08634,0.04887,0.01888,0.02212,0.03924,0.2072,0.2207,
2.164,0.3442,0.0978,0.08604,0.08099,0.09151,0.08437,0.04889,0.02025,0.02077,0.03926,0.2073,0.2228,
2.163,0.3839,0.09585,0.08632,0.08111,0.09306,0.08081,0.04889,0.02025,0.02561,0.03443,0.2073,0.2264,
2.163,0.3655,0.09486,0.08677,0.08132,0.0931,0.08127,0.04906,0.02057,0.02472,0.03444,0.2074,0.2265,
2.161,0.3492,0.09469,0.08696,0.08141,0.09272,0.08141,0.04844,0.02044,0.02527,0.03392,0.2075,0.2273,
2.16,0.3368,0.09472,0.08695,0.08145,0.09237,0.08033,0.04846,0.02045,0.02528,0.03394,0.2076,0.2285,
2.165,0.3289,0.1096,0.08648,0.07931,0.09199,0.07732,0.04826,0.02037,0.02606,0.0329,0.2109,0.2168,
2.165,0.331,0.1111,0.08638,0.07931,0.09189,0.07724,0.04874,0.01981,0.0279,0.031,0.2117,0.2149,
2.173,0.3435,0.1193,0.08623,0.07943,0.09076,0.077,0.0487,0.01979,0.02787,0.03298,0.2116,0.2063,
2.176,0.3376,0.1189,0.08584,0.07965,0.08948,0.07333,0.04915,0.01898,0.03405,0.03169,0.2094,0.2095,
2.173,0.367,0.1187,0.08564,0.07972,0.08939,0.07339,0.04785,0.01897,0.03402,0.03166,0.2102,0.2104,
2.17,0.3462,0.1176,0.08525,0.07989,0.09,0.07121,0.04916,0.01848,0.03333,0.0317,0.2106,0.2128,
2.169,0.3373,0.1176,0.08505,0.08047,0.08915,0.07034,0.04921,0.0185,0.03426,0.03084,0.2108,0.2138,
2.172,0.3362,0.1221,0.08553,0.08038,0.08906,0.07027,0.04916,0.01848,0.03422,0.03081,0.2117,0.2084,
2.172,0.3444,0.1209,0.08572,0.08042,0.08996,0.07027,0.04916,0.01848,0.03422,0.03081,0.2117,0.2084,
2.172,0.3463,0.119,0.08602,0.08054,0.09093,0.07033,0.0492,0.01849,0.03425,0.03084,0.2119,0.2085,
2.172,0.3321,0.1188,0.08608,0.08064,0.09093,0.07033,0.0492,0.01849,0.03425,0.03084,0.2119,0.2085,
2.172,0.3346,0.1162,0.08604,0.08071,0.09354,0.06922,0.0492,0.01849,0.03425,0.03084,0.2119,0.2097,
2.172,0.3382,0.1159,0.0861,0.08101,0.09329,0.06912,0.04922,0.0185,0.03524,0.02986,0.212,0.2098,
2.17,0.3364,0.1123,0.08627,0.08115,0.09611,0.06908,0.04866,0.01834,0.03505,0.02975,0.2121,0.2111,
2.168,0.333,0.1123,0.08611,0.08019,0.09611,0.06842,0.04866,0.01834,0.03505,0.02975,0.2121,0.2129,
2.164,0.3367,0.1089,0.08616,0.08018,0.1012,0.08447,0.0326,0.01833,0.03505,0.03162,0.2113,0.2102,
2.164,0.3392,0.1072,0.08613,0.08027,0.1026,0.0845,0.03261,0.01834,0.03506,0.03164,0.2114,0.2103,
2.162,0.3418,0.1069,0.0865,0.08027,0.1026,0.08259,0.03261,0.01834,0.03506,0.03164,0.2114,0.2122,
2.173,0.3477,0.1084,0.08654,0.08046,0.1021,0.08054,0.03259,0.01833,0.03504,0.03863,0.2053,0.212,
2.173,0.3502,0.1083,0.08649,0.0805,0.1018,0.08037,0.03257,0.01832,0.03502,0.0386,0.2062,0.2119,
2.172,0.3534,0.1079,0.08636,0.08066,0.1015,0.08044,0.0326,0.01834,0.03505,0.03864,0.2064,0.2121,
2.171,0.3579,0.1079,0.08622,0.08094,0.1011,0.08185,0.03123,0.01834,0.03667,0.03705,0.2065,0.2122,
2.17,0.3987,0.1078,0.08616,0.08116,0.1007,0.08029,0.03124,0.01835,0.03668,0.03707,0.2066,0.2139,
2.171,0.3949,0.1105,0.08621,0.08112,0.1006,0.08021,0.03155,0.01799,0.03664,0.03703,0.2074,0.2107,
2.169,0.3544,0.1099,0.08629,0.08129,0.1007,0.0788,0.03157,0.01789,0.03653,0.03704,0.2075,0.2125,
2.168,0.3495,0.1105,0.08603,0.0812,0.1004,0.07855,0.03147,0.01783,0.03641,0.03693,0.21,0.2108,
2.167,0.3504,0.1103,0.08582,0.08128,0.1003,0.07847,0.03144,0.01781,0.03637,0.03689,0.2108,0.2106,
2.167,0.3653,0.1095,0.08583,0.08148,0.1,0.07838,0.03145,0.01782,0.03639,0.0369,0.2109,0.2113,
2.165,0.3563,0.1096,0.08582,0.08171,0.09922,0.07845,0.03381,0.0155,0.03642,0.03693,0.2111,0.2115,
2.169,0.3537,0.1092,0.08544,0.08175,0.09895,0.07842,0.03437,0.01493,0.03642,0.04017,0.2088,0.2115,
2.169,0.3637,0.1091,0.08559,0.08179,0.0986,0.07845,0.03438,0.01493,0.03758,0.03904,0.2089,0.2116,
2.167,0.3329,0.1089,0.08539,0.0818,0.09804,0.0792,0.03377,0.01456,0.03908,0.03741,0.2107,0.2112,
2.165,0.3393,0.1083,0.08553,0.08204,0.0979,0.07812,0.0345,0.01386,0.04085,0.03567,0.2108,0.2124,
2.172,0.3375,0.1123,0.08565,0.08196,0.09779,0.07737,0.03446,0.01384,0.0408,0.03886,0.2084,0.2086,
2.172,0.3367,0.112,0.08582,0.08219,0.09755,0.07728,0.03447,0.01385,0.04135,0.03834,0.2085,0.2087,
2.172,0.34,0.1119,0.08592,0.08219,0.0967,0.0766,0.03446,0.01462,0.04056,0.03833,0.2095,0.2093,
2.168,0.3408,0.1116,0.08609,0.08098,0.0967,0.07386,0.03446,0.01462,0.04056,0.03833,0.2095,0.2134,
2.168,0.3416,0.1114,0.08603,0.08116,0.0967,0.07386,0.03446,0.01462,0.04056,0.03833,0.2095,0.2134,
2.166,0.3438,0.1123,0.08564,0.08147,0.0966,0.0718,0.03442,0.0146,0.04052,0.03829,0.2103,0.214,
2.177,0.3371,0.11,0.08596,0.08183,0.09939,0.07072,0.03353,0.0146,0.04051,0.04635,0.2032,0.2138,
2.175,0.3377,0.1099,0.08591,0.08212,0.09914,0.06913,0.03354,0.0146,0.04053,0.04637,0.2033,0.2154,
2.178,0.3417,0.1115,0.08556,0.08257,0.1004,0.06914,0.03355,0.01531,0.03983,0.04638,0.2044,0.2113,
2.178,0.3357,0.1111,0.08554,0.08269,0.1003,0.06907,0.03351,0.01529,0.03979,0.04633,0.2052,0.2111,
2.178,0.3389,0.1107,0.08608,0.0828,0.09959,0.06912,0.03354,0.0153,0.03982,0.04637,0.2054,0.2113,
2.178,0.3421,0.1102,0.08589,0.08296,0.09928,0.06921,0.03358,0.0162,0.03898,0.04643,0.2057,0.2116,
2.175,0.3583,0.1097,0.086,0.08307,0.09933,0.06774,0.03395,0.01575,0.03858,0.04645,0.2058,0.2137,
2.177,0.3366,0.1127,0.08589,0.08311,0.09922,0.06767,0.03392,0.01573,0.04042,0.04452,0.2066,0.2103,
2.174,0.3421,0.1123,0.08578,0.08327,0.09912,0.06558,0.03388,0.01572,0.04038,0.04448,0.2074,0.2121,
2.174,0.3438,0.1122,0.08577,0.08341,0.09912,0.06558,0.03388,0.01572,0.04038,0.04448,0.2074,0.2121,
2.172,0.3374,0.1123,0.08575,0.08362,0.09856,0.06428,0.0336,0.01573,0.04042,0.04452,0.2087,0.2125,
2.171,0.3377,0.1123,0.08567,0.08367,0.09994,0.06257,0.03331,0.0166,0.04004,0.04396,0.2096,0.2123,
2.171,0.3378,0.1139,0.08554,0.08362,0.09983,0.0625,0.03413,0.01574,0.04,0.04391,0.2104,0.2104,
2.176,0.3371,0.118,0.08535,0.08368,0.09973,0.06323,0.03189,0.0166,0.04005,0.04637,0.2078,0.2073,
2.175,0.3398,0.1174,0.08535,0.08363,0.09952,0.0631,0.03182,0.01657,0.03997,0.04627,0.2094,0.2069,
2.174,0.3485,0.1166,0.0853,0.08361,0.09922,0.0617,0.03184,0.01728,0.04079,0.04481,0.2096,0.2092,
2.148,0.3257,0.1162,0.08546,0.08363,0.09912,0.08102,0.01209,0.01718,0.04064,0.04463,0.2104,0.2096,
2.148,0.336,0.115,0.08557,0.08367,0.09916,0.08106,0.01209,0.01789,0.04156,0.04304,0.2105,0.2104,
2.155,0.3234,0.1184,0.08566,0.08366,0.09906,0.07802,0.01264,0.01731,0.04267,0.04687,0.2063,0.2093,
2.155,0.3234,0.1184,0.08556,0.08376,0.09906,0.07802,0.01264,0.01731,0.04267,0.04687,0.2063,0.2093,
2.155,0.3307,0.1169,0.08539,0.08408,0.09966,0.0781,0.01265,0.01732,0.04455,0.0451,0.2066,0.2096,
2.155,0.3256,0.1159,0.0853,0.08423,0.1004,0.07812,0.01265,0.01733,0.04536,0.04432,0.2067,0.2097,
2.155,0.3299,0.1155,0.08546,0.08414,0.1003,0.07804,0.01264,0.01731,0.04585,0.04374,0.2075,0.2095,
2.155,0.3423,0.1102,0.08583,0.08425,0.1046,0.07811,0.01265,0.01733,0.04936,0.04031,0.2077,0.2097,
2.155,0.4208,0.1102,0.08572,0.08424,0.1045,0.07814,0.01265,0.01734,0.05064,0.03907,0.2078,0.2098,
2.153,0.401,0.1124,0.08568,0.08423,0.1039,0.07636,0.01263,0.01731,0.05162,0.03795,0.2095,0.2085,
2.152,0.3978,0.1124,0.08552,0.08445,0.1033,0.07529,0.01263,0.01732,0.05219,0.03744,0.2097,0.2097,
2.159,0.3423,0.1162,0.08552,0.08428,0.1019,0.07404,0.0126,0.01728,0.05209,0.0423,0.2076,0.2063,
2.158,0.3453,0.1159,0.08589,0.08433,0.1002,0.07409,0.0126,0.01729,0.05508,0.03937,0.2087,0.2064,
2.174,0.3344,0.1156,0.08568,0.08424,0.1,0.07394,0.01257,0.01726,0.05497,0.05067,0.199,0.206,
2.172,0.3319,0.1086,0.08501,0.08459,0.1055,0.0738,0.01254,0.01722,0.05487,0.05058,0.2017,0.2057,
2.178,0.3548,0.1082,0.08534,0.08459,0.1055,0.0738,0.01254,0.0489,0.02319,0.05058,0.2017,0.2057,
2.178,0.3519,0.1076,0.08528,0.0847,0.1061,0.0738,0.01254,0.0489,0.02319,0.05058,0.2017,0.2057,
2.178,0.3489,0.1075,0.08537,0.08478,0.1058,0.07383,0.01254,0.04961,0.02251,0.0506,0.2018,0.2058,
2.183,0.3523,0.1061,0.08533,0.08494,0.1067,0.07386,0.01699,0.04519,0.02252,0.05062,0.2018,0.2059,
2.183,0.3559,0.1061,0.08532,0.08501,0.1064,0.07323,0.01699,0.0452,0.0242,0.04897,0.2019,0.2066,
2.184,0.3715,0.1059,0.08551,0.08505,0.1064,0.07323,0.01699,0.0452,0.0252,0.04797,0.2019,0.2066,
2.183,0.3688,0.1055,0.08489,0.08555,0.106,0.07389,0.01684,0.04467,0.0252,0.04796,0.2029,0.2066,
2.18,0.3657,0.1049,0.08461,0.08537,0.1054,0.0736,0.01627,0.04457,0.02515,0.04785,0.2055,0.2068,
2.179,0.369,0.1009,0.08464,0.08516,0.1086,0.07359,0.01626,0.04456,0.02514,0.04784,0.2065,0.2068,
2.177,0.3613,0.09995,0.0844,0.08524,0.1081,0.07353,0.01624,0.04495,0.0247,0.0478,0.2084,0.2066,
2.18,0.3703,0.09916,0.08431,0.0854,0.1074,0.07201,0.01624,0.04638,0.02331,0.05204,0.2054,0.2083,
2.179,0.366,0.09574,0.08394,0.08567,0.1099,0.07211,0.01626,0.04645,0.02334,0.05213,0.2058,0.2087,
2.18,0.3626,0.09561,0.08406,0.08567,0.1099,0.07211,0.01683,0.04589,0.02334,0.05213,0.2058,0.2087,
2.179,0.3643,0.09545,0.08393,0.08576,0.1096,0.07288,0.01647,0.0456,0.02337,0.05217,0.206,0.2089,
2.179,0.3559,0.09537,0.08385,0.08592,0.1096,0.07288,0.01647,0.0456,0.02424,0.05129,0.206,0.2089,
2.181,0.3595,0.09523,0.08397,0.08612,0.1088,0.07295,0.01649,0.04564,0.02608,0.04953,0.2061,0.209,
2.18,0.3623,0.09417,0.08406,0.08633,0.1091,0.07234,0.01649,0.04567,0.02697,0.04868,0.2063,0.2099,
2.178,0.3901,0.09366,0.08454,0.08642,0.1088,0.0715,0.04596,0.01598,0.02682,0.04849,0.2064,0.2115,
2.179,0.3938,0.09456,0.08461,0.08639,0.109,0.07152,0.04598,0.01598,0.02682,0.04844,0.2075,0.2092,
2.177,0.4047,0.09312,0.0847,0.08641,0.1103,0.06975,0.04598,0.01598,0.02771,0.04756,0.2075,0.211,
2.177,0.4167,0.09447,0.08481,0.08651,0.1102,0.06858,0.04585,0.01598,0.02771,0.04757,0.2086,0.2098,
