entropy,entropyInd,RabA,RabB,RabC,RabD,RabE,RabF,RabG,RabH,RabI,xER,xPM,
2.178,0.3355,0.106,0.0907,0.0685,0.1252,0.05449,0.03938,0.03062,0.03407,0.03502,0.2066,0.2094,
2.177,0.3649,0.106,0.09069,0.06848,0.1243,0.05448,0.03937,0.0306,0.03405,0.03501,0.2077,0.2094,
2.177,0.3542,0.1059,0.09059,0.0684,0.1242,0.05442,0.03933,0.03057,0.03402,0.03497,0.2085,0.2092,
2.174,0.3448,0.1034,0.09062,0.06843,0.1242,0.05392,0.03921,0.03059,0.03403,0.03499,0.2086,0.212,
2.173,0.3532,0.1012,0.09068,0.06854,0.1236,0.05401,0.03928,0.03063,0.03409,0.03504,0.2089,0.2139,
2.172,0.3394,0.1013,0.09072,0.06857,0.1233,0.0536,0.03919,0.03051,0.0341,0.03505,0.209,0.2147,
2.181,0.3325,0.1053,0.09012,0.06841,0.1231,0.05351,0.03913,0.03046,0.03405,0.03912,0.2066,0.2101,
2.18,0.3324,0.1057,0.09002,0.06832,0.1221,0.05344,0.03908,0.03042,0.034,0.03907,0.2085,0.2094,
2.178,0.3422,0.1054,0.09003,0.06834,0.1218,0.05194,0.03911,0.03044,0.03403,0.0391,0.2086,0.2112,
2.192,0.3321,0.1079,0.08994,0.06827,0.1217,0.05013,0.03907,0.03041,0.03399,0.04929,0.1992,0.2101,
2.19,0.3315,0.1088,0.08988,0.06823,0.1212,0.04901,0.03904,0.03039,0.03397,0.04926,0.2001,0.2101,
2.189,0.3322,0.1096,0.08933,0.06804,0.1212,0.04836,0.03906,0.0304,0.03398,0.04928,0.2012,0.2096,
2.189,0.3314,0.1115,0.08928,0.06799,0.1208,0.04768,0.03903,0.03038,0.03396,0.04925,0.2021,0.2081,
2.187,0.3323,0.1113,0.0891,0.068,0.1208,0.0466,0.03905,0.03039,0.03397,0.04927,0.2022,0.2093,
2.185,0.33,0.1083,0.08914,0.06803,0.1205,0.04661,0.03906,0.0304,0.03398,0.04928,0.2022,0.2125,
2.18,0.3437,0.1092,0.08909,0.06799,0.12,0.0433,0.03904,0.03038,0.03397,0.04925,0.2031,0.2146,
2.18,0.3501,0.1101,0.08903,0.06795,0.1195,0.04327,0.03902,0.03036,0.03394,0.04922,0.204,0.2136,
2.177,0.3428,0.1101,0.08903,0.06628,0.1195,0.04261,0.03902,0.03036,0.03394,0.04922,0.204,0.2159,
2.178,0.3322,0.1165,0.08892,0.0662,0.119,0.04133,0.03866,0.03032,0.0339,0.04916,0.2058,0.2102,
2.178,0.3339,0.1172,0.08887,0.06616,0.1189,0.04131,0.03864,0.0303,0.03388,0.04913,0.2068,0.2088,
2.178,0.3367,0.1173,0.08851,0.06617,0.1189,0.04133,0.03865,0.03032,0.03389,0.04915,0.2068,0.2089,
2.177,0.3399,0.1151,0.0883,0.0662,0.119,0.04135,0.03867,0.03033,0.03391,0.04917,0.2069,0.211,
2.173,0.3358,0.115,0.08812,0.06616,0.1189,0.03957,0.03865,0.03031,0.03389,0.04914,0.2078,0.2124,
2.174,0.322,0.115,0.08821,0.06624,0.1179,0.03962,0.03869,0.03035,0.03393,0.0492,0.2081,0.2127,
2.173,0.3218,0.115,0.08806,0.0662,0.1176,0.03965,0.03872,0.03037,0.03395,0.04923,0.2083,0.2129,
2.17,0.3231,0.1151,0.08813,0.06625,0.1168,0.03749,0.03876,0.03039,0.03398,0.04927,0.2085,0.2153,
2.17,0.323,0.1152,0.08816,0.06628,0.1165,0.03749,0.03877,0.0304,0.03399,0.04929,0.2086,0.2154,
2.17,0.3334,0.1152,0.08816,0.06628,0.1165,0.03749,0.03877,0.0304,0.03399,0.04929,0.2086,0.2154,
2.171,0.3268,0.1178,0.08792,0.06621,0.1161,0.0375,0.03878,0.03041,0.034,0.04927,0.2097,0.2123,
2.171,0.3256,0.1178,0.08792,0.06621,0.1161,0.0375,0.03878,0.03041,0.034,0.04927,0.2097,0.2123,
2.171,0.3259,0.1178,0.08792,0.06621,0.1161,0.03777,0.03851,0.03041,0.034,0.04927,0.2097,0.2123,
2.177,0.329,0.1157,0.08798,0.0663,0.1217,0.03576,0.03849,0.03039,0.03398,0.05461,0.2052,0.2099,
2.177,0.3337,0.1157,0.08798,0.0663,0.1217,0.03621,0.03804,0.03039,0.03398,0.05461,0.2052,0.2099,
2.178,0.3261,0.1158,0.08802,0.06643,0.1228,0.03672,0.03749,0.03037,0.03448,0.05405,0.2061,0.2077,
2.178,0.327,0.1157,0.08765,0.06667,0.1226,0.03675,0.03752,0.03039,0.03451,0.05409,0.2063,0.2079,
2.179,0.3402,0.115,0.08778,0.0669,0.1226,0.03676,0.03753,0.0304,0.0395,0.04913,0.2064,0.2079,
2.178,0.34,0.115,0.0878,0.06591,0.1223,0.03678,0.03843,0.02954,0.03952,0.04915,0.2065,0.2091,
2.178,0.3419,0.1146,0.08737,0.06607,0.1224,0.03681,0.03846,0.02956,0.03956,0.0492,0.2067,0.2093,
2.178,0.3552,0.1143,0.08756,0.06629,0.1221,0.03683,0.03847,0.02957,0.04009,0.04868,0.2068,0.2094,
2.16,0.3468,0.1142,0.08753,0.06504,0.1221,0.06195,0.01335,0.02957,0.04097,0.0478,0.2068,0.2108,
2.16,0.3052,0.116,0.08679,0.06531,0.1221,0.06087,0.01336,0.02958,0.04344,0.04536,0.2079,0.2093,
2.156,0.3077,0.1159,0.08701,0.06542,0.1213,0.05925,0.01284,0.0296,0.04348,0.0454,0.208,0.2117,
2.157,0.3108,0.1178,0.08677,0.06568,0.1191,0.05939,0.01286,0.02966,0.04476,0.04431,0.2096,0.2101,
2.155,0.3311,0.1168,0.08669,0.06602,0.1192,0.05781,0.01287,0.02969,0.04577,0.04337,0.2098,0.2119,
2.153,0.3177,0.1168,0.08648,0.06453,0.1189,0.05785,0.01288,0.02971,0.04634,0.04287,0.21,0.2137,
2.153,0.389,0.1164,0.0866,0.06463,0.1183,0.05793,0.0129,0.02975,0.0464,0.04293,0.2102,0.2139,
2.165,0.3679,0.1203,0.08624,0.06487,0.1166,0.05793,0.0129,0.02975,0.04641,0.05026,0.2051,0.2097,
2.163,0.3715,0.1203,0.08644,0.06504,0.1154,0.05645,0.01292,0.02979,0.04824,0.04855,0.2053,0.2115,
2.161,0.3606,0.1212,0.08631,0.06509,0.1145,0.05628,0.01237,0.02976,0.05033,0.04638,0.2072,0.2106,
2.161,0.3581,0.1211,0.0863,0.06517,0.1145,0.05628,0.01237,0.02976,0.05086,0.04585,0.2072,0.2106,
2.161,0.3584,0.121,0.08635,0.06544,0.1138,0.05632,0.01237,0.02978,0.05089,0.04587,0.2074,0.2108,
2.16,0.3176,0.1206,0.08679,0.06552,0.1134,0.05634,0.03029,0.01188,0.05514,0.04167,0.2075,0.2108,
2.155,0.3145,0.1187,0.08635,0.06384,0.1139,0.05511,0.03022,0.01185,0.05502,0.04157,0.2102,0.2133,
2.155,0.3131,0.1186,0.0864,0.06389,0.1139,0.05511,0.03022,0.01185,0.05502,0.04157,0.2102,0.2133,
2.151,0.3188,0.1184,0.08618,0.06404,0.1136,0.05305,0.03024,0.01185,0.05788,0.03878,0.2104,0.2156,
2.151,0.3231,0.117,0.08572,0.06447,0.1147,0.05307,0.03026,0.01186,0.0579,0.0388,0.2104,0.2157,
2.149,0.3258,0.1163,0.08602,0.06337,0.1141,0.05313,0.0303,0.01187,0.05798,0.03884,0.2107,0.2174,
2.15,0.331,0.1162,0.08589,0.06366,0.1141,0.05313,0.0303,0.01187,0.05798,0.03884,0.2107,0.2174,
2.159,0.3345,0.1212,0.08605,0.06365,0.1138,0.05302,0.03023,0.01184,0.05786,0.04327,0.2079,0.2112,
2.159,0.3475,0.121,0.08608,0.06375,0.1138,0.05302,0.03023,0.01184,0.05786,0.04327,0.2079,0.2112,
2.157,0.3535,0.1206,0.08621,0.06377,0.1137,0.05296,0.0302,0.01183,0.06334,0.03768,0.2087,0.211,
2.156,0.3306,0.1206,0.08618,0.06387,0.1123,0.05308,0.03026,0.01185,0.06348,0.03776,0.2092,0.2115,
2.156,0.3311,0.1197,0.08615,0.06407,0.1117,0.0536,0.0299,0.01186,0.0636,0.03782,0.2096,0.2119,
2.155,0.336,0.1195,0.08611,0.06367,0.1117,0.0536,0.0299,0.01186,0.06462,0.03681,0.2096,0.2126,
2.154,0.3342,0.1195,0.08604,0.06374,0.1117,0.05294,0.0299,0.01186,0.06462,0.03681,0.2096,0.2133,
2.151,0.3508,0.1193,0.08623,0.06383,0.1113,0.05096,0.02991,0.01186,0.06464,0.03682,0.2097,0.2154,
2.151,0.3355,0.1192,0.08634,0.06388,0.1113,0.05096,0.02991,0.01186,0.06464,0.03682,0.2097,0.2154,
2.151,0.3341,0.1203,0.08623,0.06398,0.1123,0.0509,0.02988,0.01185,0.06702,0.03435,0.2105,0.2127,
2.152,0.3433,0.1193,0.08654,0.06407,0.1128,0.0509,0.02988,0.01228,0.06659,0.03435,0.2105,0.2127,
2.149,0.3289,0.118,0.08688,0.06202,0.1131,0.05094,0.0299,0.01228,0.06664,0.03436,0.2107,0.2151,
2.148,0.3148,0.1173,0.08702,0.06202,0.1137,0.04982,0.0299,0.01271,0.06621,0.03436,0.2107,0.2162,
2.149,0.3162,0.1186,0.08683,0.06203,0.1147,0.04981,0.02989,0.0127,0.0662,0.03435,0.2118,0.2131,
2.169,0.3097,0.1216,0.08709,0.06204,0.1144,0.04985,0.02991,0.0127,0.06624,0.04473,0.2026,0.2089,
2.168,0.3128,0.1214,0.08697,0.06234,0.1144,0.04985,0.02991,0.0127,0.06677,0.0442,0.2026,0.2089,
2.168,0.3172,0.1201,0.08697,0.06262,0.1152,0.04831,0.02991,0.01352,0.06599,0.04421,0.2027,0.2105,
2.167,0.3257,0.1195,0.08702,0.06165,0.1138,0.04776,0.02999,0.01454,0.06515,0.04431,0.2032,0.213,
2.165,0.3118,0.119,0.08702,0.06186,0.1139,0.04666,0.03,0.01455,0.06518,0.04433,0.2033,0.2142,
2.166,0.3169,0.1218,0.08696,0.06184,0.1133,0.04659,0.02995,0.01452,0.06508,0.04426,0.205,0.2107,
2.162,0.3112,0.1197,0.08671,0.06099,0.1148,0.04596,0.02998,0.01454,0.06787,0.04157,0.2052,0.2127,
2.162,0.3119,0.1198,0.08642,0.06118,0.1141,0.04601,0.03002,0.01455,0.06909,0.04047,0.2055,0.2129,
2.158,0.317,0.1198,0.08631,0.06017,0.1141,0.04601,0.03002,0.01455,0.07275,0.03682,0.2055,0.2141,
2.175,0.3592,0.122,0.08563,0.06042,0.114,0.04487,0.03,0.05548,0.0323,0.03626,0.2064,0.2127,
2.175,0.3586,0.1202,0.0857,0.06051,0.115,0.04491,0.03002,0.05552,0.03233,0.03629,0.2066,0.2129,
2.172,0.3645,0.1214,0.08538,0.0605,0.1143,0.04344,0.02994,0.05537,0.03224,0.03618,0.2091,0.2121,
2.172,0.3601,0.121,0.08559,0.06058,0.1136,0.04349,0.02998,0.05544,0.03228,0.03623,0.2094,0.2123,
2.171,0.3611,0.1208,0.08533,0.06001,0.1136,0.04349,0.03051,0.05491,0.03228,0.03623,0.2094,0.2134,
2.17,0.3639,0.1207,0.0854,0.06023,0.1129,0.04286,0.03053,0.05538,0.03187,0.03625,0.2096,0.2143,
2.17,0.3622,0.1206,0.0854,0.06032,0.1129,0.04286,0.03053,0.05538,0.03187,0.03625,0.2096,0.2143,
2.17,0.3607,0.1205,0.08545,0.06035,0.1129,0.04286,0.03053,0.05538,0.03187,0.03625,0.2096,0.2143,
2.17,0.3583,0.1263,0.08541,0.05902,0.1123,0.04279,0.03048,0.05653,0.0311,0.03565,0.2114,0.2091,
2.167,0.3727,0.126,0.0854,0.0592,0.1118,0.0411,0.03033,0.05649,0.03197,0.03473,0.2123,0.2107,
2.176,0.3703,0.1249,0.08571,0.05933,0.1117,0.04041,0.03031,0.05646,0.03195,0.0408,0.2071,0.2113,
2.175,0.3696,0.1245,0.08597,0.05946,0.1117,0.03974,0.03031,0.05699,0.03311,0.03911,0.2071,0.2119,
2.176,0.3765,0.119,0.08607,0.05958,0.1167,0.03976,0.03032,0.05702,0.03533,0.03692,0.2072,0.212,
2.176,0.3647,0.1188,0.08625,0.05963,0.1167,0.03976,0.03032,0.05702,0.03533,0.03692,0.2072,0.212,
2.175,0.364,0.1179,0.08623,0.05971,0.1163,0.03973,0.0303,0.05698,0.03531,0.03689,0.2081,0.2126,
2.174,0.3695,0.1175,0.08617,0.05988,0.1161,0.03969,0.03027,0.05692,0.03527,0.03685,0.209,0.2123,
2.172,0.3605,0.1175,0.08632,0.06,0.115,0.0387,0.02977,0.05699,0.03531,0.03689,0.2092,0.2142,
2.172,0.3595,0.1171,0.08677,0.06,0.115,0.0387,0.02977,0.05699,0.03531,0.03689,0.2092,0.2142,
2.17,0.3541,0.1168,0.08655,0.06028,0.1147,0.03762,0.0306,0.05624,0.03534,0.03692,0.2094,0.2155,
2.17,0.3694,0.1168,0.08642,0.06024,0.1144,0.03766,0.03063,0.05629,0.03538,0.03696,0.2096,0.2157,
2.17,0.3694,0.1168,0.08624,0.06042,0.1144,0.03766,0.03063,0.05629,0.03538,0.03696,0.2096,0.2157,
2.172,0.3707,0.1175,0.08642,0.06058,0.1158,0.03765,0.03098,0.05598,0.03539,0.03696,0.2108,0.2119,
2.172,0.3694,0.1166,0.08641,0.06064,0.1163,0.03767,0.03099,0.056,0.0354,0.03697,0.2109,0.212,
2.171,0.3663,0.1152,0.08623,0.06067,0.1171,0.03759,0.03093,0.05588,0.03623,0.03599,0.2126,0.2116,
2.185,0.3635,0.1126,0.0862,0.06066,0.1189,0.03751,0.03086,0.05576,0.03616,0.04509,0.2051,0.2111,
2.166,0.4094,0.1125,0.08638,0.06091,0.1172,0.05895,0.01009,0.05714,0.03444,0.04518,0.2055,0.2116,
2.165,0.3709,0.1121,0.08674,0.06103,0.116,0.05897,0.01009,0.05769,0.03391,0.04519,0.2066,0.2117,
2.162,0.3799,0.1107,0.0867,0.06128,0.1169,0.05665,0.01009,0.05886,0.03744,0.04055,0.2067,0.2141,
2.162,0.3795,0.1104,0.08664,0.06158,0.1169,0.05665,0.01009,0.05886,0.03744,0.04055,0.2067,0.2141,
2.157,0.3892,0.109,0.08633,0.06101,0.1177,0.05668,0.01009,0.06575,0.03058,0.04056,0.2068,0.2156,
2.156,0.3873,0.1088,0.0864,0.0612,0.117,0.05619,0.009967,0.0658,0.03061,0.0406,0.207,0.2164,
2.157,0.417,0.1081,0.08629,0.06136,0.1177,0.05619,0.0105,0.06527,0.03061,0.0406,0.207,0.2164,
2.158,0.3925,0.1076,0.08672,0.06144,0.1177,0.05619,0.01104,0.06473,0.03061,0.0406,0.207,0.2164,
2.159,0.3941,0.1074,0.08683,0.06152,0.1177,0.05619,0.01158,0.0642,0.03061,0.0406,0.207,0.2164,
2.156,0.4149,0.1071,0.08699,0.06172,0.1173,0.05385,0.01158,0.06422,0.03577,0.03546,0.2071,0.2189,
2.156,0.4063,0.1057,0.08708,0.06179,0.1183,0.05388,0.01158,0.06424,0.03578,0.03547,0.2072,0.219,
2.155,0.4,0.1057,0.08719,0.06091,0.1172,0.05395,0.01159,0.06432,0.03582,0.03551,0.2075,0.2204,
2.155,0.4008,0.1069,0.08726,0.06092,0.1171,0.05389,0.01158,0.06469,0.03535,0.03547,0.2083,0.2186,
2.155,0.398,0.1069,0.08722,0.06106,0.1167,0.05391,0.01158,0.06471,0.03536,0.03548,0.2084,0.2187,
2.156,0.3995,0.1071,0.08715,0.06109,0.1175,0.05386,0.01157,0.06465,0.03533,0.03545,0.2092,0.2171,
2.155,0.3941,0.1071,0.08707,0.06121,0.1175,0.05429,0.01114,0.06465,0.03667,0.0341,0.2092,0.2171,
2.153,0.4008,0.107,0.08719,0.06132,0.1168,0.05277,0.01114,0.0647,0.03723,0.03359,0.2094,0.2189,
2.155,0.4011,0.1126,0.08638,0.0614,0.1167,0.05208,0.01114,0.06468,0.03776,0.03304,0.2114,0.2128,
2.154,0.3763,0.1116,0.08636,0.06175,0.1168,0.05145,0.01115,0.06474,0.03914,0.03173,0.2116,0.2136,
2.153,0.3659,0.1111,0.0865,0.06173,0.1158,0.05139,0.01114,0.06465,0.03909,0.03169,0.2135,0.2134,
2.153,0.3685,0.1111,0.08644,0.06185,0.1158,0.05139,0.01148,0.06431,0.03909,0.03169,0.2135,0.2134,
2.157,0.3698,0.1078,0.08643,0.06088,0.1208,0.04934,0.01147,0.06427,0.03906,0.03573,0.2103,0.2139,
2.156,0.3699,0.1079,0.08621,0.06094,0.1219,0.04929,0.01146,0.06528,0.04105,0.03259,0.2112,0.2122,
2.156,0.3686,0.1078,0.08623,0.06105,0.1216,0.0493,0.01146,0.0653,0.04106,0.0326,0.2113,0.2123,
2.156,0.4007,0.1076,0.08611,0.06117,0.1203,0.04822,0.01246,0.06435,0.04109,0.03262,0.2125,0.2136,
2.154,0.4024,0.1076,0.08603,0.05956,0.1203,0.04753,0.01349,0.0629,0.04109,0.03262,0.2125,0.2164,
2.166,0.3882,0.1102,0.08628,0.05952,0.1186,0.04751,0.01348,0.06395,0.04,0.03959,0.2075,0.2133,
2.165,0.3471,0.1099,0.08659,0.05955,0.1183,0.04686,0.01349,0.06451,0.03948,0.03961,0.2076,0.2141,
2.165,0.35,0.1069,0.08671,0.05973,0.1202,0.04692,0.0135,0.06459,0.03953,0.03965,0.2079,0.2144,
2.17,0.3435,0.1134,0.08655,0.05978,0.1197,0.04689,0.01403,0.06401,0.0395,0.03962,0.2088,0.2076,
2.168,0.3504,0.1112,0.08683,0.05878,0.1212,0.04685,0.01401,0.06394,0.03946,0.03958,0.2097,0.2085,
2.167,0.3497,0.1111,0.08673,0.05902,0.1212,0.04685,0.01401,0.06502,0.03892,0.03904,0.2097,0.2085,
2.173,0.3781,0.1111,0.08659,0.05926,0.1205,0.04532,0.0589,0.0202,0.03949,0.03854,0.2098,0.2102,
2.172,0.3764,0.1098,0.08654,0.05927,0.1212,0.04529,0.05886,0.02019,0.03946,0.03851,0.2108,0.2101,
2.172,0.3724,0.1097,0.08643,0.05928,0.1207,0.05021,0.05386,0.02017,0.04033,0.03759,0.2117,0.21,
2.176,0.3741,0.1084,0.08621,0.05915,0.1209,0.05007,0.05372,0.02011,0.04022,0.041,0.2108,0.2094,
2.172,0.3777,0.1081,0.0862,0.05924,0.1208,0.04777,0.05323,0.02009,0.04018,0.04096,0.2116,0.2119,
2.172,0.3792,0.1079,0.08649,0.05927,0.1204,0.04779,0.05326,0.0201,0.0402,0.04098,0.2117,0.212,
2.175,0.389,0.1075,0.08647,0.0593,0.1192,0.04714,0.05287,0.02012,0.04114,0.04353,0.2095,0.2132,
2.174,0.3828,0.1058,0.08635,0.05923,0.1203,0.04654,0.05294,0.02014,0.04119,0.04359,0.2098,0.2142,
2.173,0.3822,0.1057,0.08649,0.05928,0.1199,0.04589,0.05296,0.02015,0.0412,0.0436,0.2098,0.2149,
2.174,0.3769,0.1084,0.0861,0.0594,0.1195,0.04587,0.05295,0.02014,0.0412,0.04359,0.2109,0.2119,
2.174,0.3814,0.1082,0.08615,0.05957,0.1195,0.04615,0.05267,0.02014,0.0412,0.04359,0.2109,0.2119,
2.174,0.3874,0.1081,0.08607,0.05979,0.1195,0.04615,0.05321,0.01961,0.04254,0.04225,0.2109,0.2119,
2.173,0.3895,0.1079,0.08603,0.05975,0.1194,0.04663,0.05262,0.01959,0.04249,0.04221,0.2117,0.2117,
2.173,0.3976,0.1062,0.08622,0.05984,0.1205,0.04666,0.05307,0.01959,0.04365,0.04065,0.2118,0.2118,
2.173,0.3933,0.1059,0.0863,0.05996,0.1199,0.04671,0.05314,0.01961,0.0437,0.0407,0.2121,0.2121,
2.173,0.3933,0.1057,0.08633,0.06005,0.1199,0.04671,0.05314,0.01961,0.0452,0.0392,0.2121,0.2121,
2.171,0.3863,0.1057,0.08621,0.06019,0.1196,0.04516,0.05316,0.01962,0.04629,0.03815,0.2122,0.2137,
2.185,0.3741,0.1064,0.08595,0.06026,0.1189,0.04509,0.05307,0.01959,0.04621,0.04754,0.2045,0.2125,
2.182,0.3788,0.1065,0.08605,0.06033,0.1178,0.04343,0.05368,0.01908,0.04627,0.0476,0.2048,0.2146,
2.184,0.3796,0.1129,0.0859,0.06036,0.1176,0.04222,0.05357,0.0199,0.04943,0.0434,0.2064,0.2084,
2.161,0.3379,0.1124,0.08617,0.06034,0.1174,0.07849,0.01653,0.01987,0.05027,0.04246,0.2072,0.2088,
2.161,0.3385,0.1119,0.08595,0.06048,0.1174,0.07845,0.01705,0.0204,0.04978,0.04182,0.2081,0.2087,
2.16,0.3397,0.1115,0.08601,0.06055,0.1172,0.07864,0.01676,0.02038,0.05152,0.03999,0.2089,0.2085,
2.16,0.3418,0.1114,0.08608,0.06079,0.1165,0.0787,0.01678,0.02039,0.05156,0.04003,0.2091,0.2087,
2.16,0.3434,0.1113,0.08596,0.06097,0.1165,0.0787,0.01678,0.02039,0.05156,0.04003,0.2091,0.2087,
2.16,0.3465,0.1101,0.08543,0.06116,0.1169,0.07884,0.01734,0.02032,0.05211,0.0392,0.2095,0.209,
2.16,0.3464,0.1101,0.08538,0.06126,0.1169,0.07817,0.01734,0.02032,0.05211,0.0392,0.2095,0.2097,
2.16,0.3495,0.1087,0.08522,0.06148,0.118,0.07821,0.01735,0.02033,0.05213,0.03922,0.2096,0.2098,
2.158,0.3638,0.1078,0.08575,0.06168,0.1159,0.07822,0.01735,0.02033,0.05484,0.03652,0.2117,0.2098,
2.172,0.3498,0.1076,0.08501,0.06153,0.1154,0.07816,0.01733,0.02031,0.0548,0.04653,0.2036,0.2097,
2.172,0.368,0.1076,0.08463,0.06191,0.1154,0.07816,0.01733,0.05552,0.01958,0.04653,0.2036,0.2097,
2.171,0.3902,0.1061,0.08468,0.06203,0.1165,0.07751,0.01734,0.05555,0.01958,0.04654,0.2037,0.2104,
2.171,0.3881,0.1059,0.08472,0.06197,0.1164,0.07743,0.01732,0.05549,0.02024,0.04582,0.2045,0.2102,
2.171,0.3865,0.1055,0.08503,0.06218,0.116,0.07781,0.01698,0.05551,0.02069,0.04537,0.2046,0.2103,
2.17,0.3828,0.1054,0.08479,0.06244,0.1152,0.07832,0.01646,0.0555,0.02068,0.04536,0.2056,0.2103,
2.17,0.3896,0.1054,0.08478,0.06256,0.1148,0.07834,0.01646,0.05552,0.02069,0.04537,0.2057,0.2104,
2.17,0.3882,0.1046,0.0854,0.06274,0.1144,0.07828,0.01647,0.05557,0.0207,0.04541,0.2059,0.2106,
2.169,0.3863,0.1043,0.08548,0.06257,0.1139,0.07819,0.01644,0.05557,0.02069,0.0454,0.2069,0.2105,
2.167,0.3816,0.1042,0.08525,0.06265,0.1138,0.07784,0.01636,0.05596,0.02003,0.04522,0.2077,0.211,
2.166,0.3844,0.1039,0.08555,0.06265,0.1138,0.077,0.01608,0.05596,0.0211,0.04415,0.2077,0.2121,
2.17,0.4305,0.1036,0.08563,0.06267,0.1137,0.07692,0.05347,0.01903,0.02321,0.04144,0.2085,0.2119,
2.17,0.4275,0.1023,0.08567,0.06284,0.1139,0.07701,0.05354,0.01905,0.02324,0.04149,0.2088,0.2122,
2.17,0.4048,0.1009,0.08572,0.06306,0.114,0.07713,0.05363,0.01908,0.02325,0.04155,0.2092,0.2125,
2.169,0.3692,0.1008,0.08571,0.06313,0.1131,0.07712,0.05362,0.01908,0.02325,0.04154,0.2102,0.2125,
2.168,0.3749,0.09902,0.0854,0.06241,0.1147,0.07565,0.05351,0.01948,0.02623,0.03802,0.2102,0.2153,
2.166,0.3881,0.09902,0.08537,0.06244,0.1147,0.07453,0.05351,0.01948,0.02623,0.03802,0.2102,0.2165,
2.168,0.3704,0.09956,0.08544,0.06251,0.117,0.07445,0.05345,0.02017,0.02549,0.03798,0.211,0.2129,
2.164,0.3757,0.0995,0.08553,0.06257,0.1167,0.07024,0.05347,0.02017,0.02549,0.03799,0.2111,0.2173,
2.164,0.3791,0.0995,0.08518,0.06291,0.1167,0.07113,0.05258,0.02017,0.02549,0.03799,0.2111,0.2173,
2.163,0.3841,0.0993,0.08543,0.06311,0.1156,0.07054,0.05264,0.02019,0.02658,0.03695,0.2114,0.2182,
2.163,0.4185,0.1006,0.08535,0.06311,0.1164,0.06912,0.05259,0.02017,0.02655,0.03691,0.2122,0.217,
2.165,0.3511,0.1025,0.08549,0.06175,0.1163,0.06905,0.05253,0.02015,0.02653,0.03842,0.2115,0.2157,
2.163,0.3541,0.1024,0.08545,0.06189,0.1163,0.06715,0.05253,0.02015,0.02742,0.03753,0.2115,0.2176,
2.173,0.3515,0.1046,0.08525,0.06194,0.1171,0.06306,0.05247,0.02012,0.02739,0.04545,0.2054,0.2172,
2.167,0.3498,0.1045,0.08539,0.06194,0.1171,0.05995,0.05198,0.01927,0.02828,0.04455,0.2054,0.2217,
2.166,0.3466,0.1043,0.08558,0.06196,0.1167,0.06051,0.05146,0.01927,0.02829,0.04457,0.2055,0.2218,
2.165,0.3434,0.1043,0.08561,0.06223,0.1157,0.05946,0.05152,0.01929,0.0283,0.0446,0.2058,0.2232,
2.161,0.3518,0.0999,0.0859,0.06242,0.1194,0.05636,0.05155,0.02037,0.02724,0.04462,0.2059,0.2264,
2.162,0.3552,0.1014,0.0859,0.06241,0.1192,0.0563,0.05184,0.02001,0.03033,0.04146,0.2067,0.2244,
2.16,0.3708,0.1013,0.08586,0.06254,0.1192,0.05429,0.05184,0.02001,0.03033,0.04146,0.2067,0.2264,
2.137,0.3977,0.1032,0.08596,0.06264,0.1191,0.08741,0.01861,0.01999,0.0303,0.04142,0.2075,0.2239,
2.136,0.4041,0.103,0.08596,0.06162,0.1191,0.08741,0.01861,0.0207,0.03012,0.04088,0.2075,0.225,
2.136,0.4253,0.1027,0.08595,0.06174,0.1188,0.08682,0.01915,0.02018,0.0355,0.03555,0.2077,0.2259,
2.135,0.4232,0.1025,0.0859,0.06205,0.1176,0.0854,0.01961,0.0205,0.0373,0.03315,0.2081,0.2279,
2.135,0.4225,0.1025,0.0858,0.0622,0.1176,0.0854,0.01961,0.02121,0.03659,0.03315,0.2081,0.2279,
2.134,0.422,0.1047,0.08591,0.06068,0.1172,0.08534,0.0196,0.0212,0.0391,0.03057,0.209,0.2267,
2.134,0.4242,0.1046,0.08593,0.06074,0.1172,0.08534,0.0196,0.0212,0.04057,0.02909,0.209,0.2267,
2.134,0.4227,0.1038,0.08593,0.0609,0.1173,0.08541,0.01961,0.02121,0.04061,0.02912,0.2092,0.2269,
2.133,0.4073,0.1038,0.08547,0.0611,0.117,0.08482,0.01963,0.02123,0.04064,0.02914,0.2094,0.2278,
2.131,0.4107,0.1033,0.08545,0.06127,0.117,0.08374,0.01964,0.02124,0.04209,0.02773,0.2094,0.229,
2.131,0.4091,0.1032,0.0854,0.06147,0.1167,0.08377,0.02007,0.02082,0.04211,0.02773,0.2095,0.2291,
2.131,0.4321,0.103,0.08502,0.06143,0.1168,0.08317,0.02009,0.02162,0.04234,0.02677,0.2097,0.23,
2.128,0.4125,0.1029,0.08493,0.06053,0.1168,0.0825,0.02009,0.02162,0.04333,0.02578,0.2097,0.2318,
2.127,0.4151,0.1026,0.08499,0.06055,0.1167,0.08254,0.0201,0.02163,0.04424,0.0249,0.2098,0.2319,
2.128,0.4396,0.1026,0.08499,0.06071,0.1163,0.08257,0.0201,0.02235,0.04354,0.0249,0.2099,0.232,
2.127,0.4133,0.1023,0.085,0.06106,0.1158,0.08093,0.02054,0.02265,0.04285,0.02491,0.2101,0.2338,
2.125,0.4013,0.1023,0.08489,0.06137,0.115,0.08124,0.02002,0.02266,0.04343,0.0244,0.2105,0.2342,
2.126,0.4017,0.1021,0.08482,0.06164,0.115,0.08124,0.02002,0.02266,0.04343,0.0244,0.2105,0.2342,
2.125,0.3984,0.1017,0.08523,0.06171,0.1146,0.08059,0.02003,0.02267,0.04345,0.02441,0.2106,0.235,
2.123,0.4,0.1017,0.08519,0.06196,0.1138,0.0785,0.02005,0.02341,0.04277,0.02443,0.2108,0.2374,
2.123,0.4008,0.1017,0.08506,0.06208,0.1148,0.07845,0.02003,0.02339,0.04328,0.02387,0.2117,0.2357,
2.118,0.4344,0.1015,0.08526,0.0622,0.1144,0.07888,0.01805,0.0234,0.04419,0.02297,0.2118,0.2374,
2.118,0.3836,0.1007,0.08524,0.06248,0.1137,0.07898,0.01809,0.02431,0.04341,0.02301,0.2123,0.2379,
2.12,0.3885,0.1035,0.08534,0.06263,0.1136,0.07947,0.01753,0.02429,0.04393,0.02246,0.2132,0.234,
2.12,0.382,0.1035,0.08511,0.06299,0.1132,0.07951,0.01812,0.02373,0.04395,0.02247,0.2133,0.2341,
2.118,0.392,0.1035,0.08489,0.06304,0.1129,0.07741,0.01814,0.02375,0.04399,0.02249,0.2135,0.2365,
2.117,0.3993,0.1031,0.08505,0.06319,0.1129,0.07674,0.01814,0.02375,0.04399,0.02249,0.2135,0.2372,
2.117,0.4215,0.103,0.08524,0.0632,0.1126,0.07729,0.01804,0.02404,0.04328,0.02249,0.2136,0.2373,
2.119,0.3611,0.1068,0.08549,0.06341,0.1117,0.07728,0.01803,0.02403,0.04417,0.02158,0.2146,0.233,
2.134,0.3566,0.1103,0.08569,0.06344,0.1107,0.07721,0.01801,0.03872,0.02941,0.02661,0.2115,0.2284,
2.132,0.3572,0.1128,0.08568,0.06194,0.1103,0.07581,0.01799,0.03923,0.02886,0.02659,0.2125,0.2284,
2.132,0.3553,0.1158,0.08555,0.06225,0.109,0.07528,0.01746,0.03926,0.02888,0.02661,0.2137,0.2262,
2.127,0.3505,0.1158,0.08545,0.06097,0.109,0.07279,0.01804,0.03868,0.03023,0.02525,0.2137,0.2301,
2.127,0.354,0.1155,0.08574,0.06102,0.109,0.07279,0.01862,0.0381,0.03344,0.02205,0.2137,0.2301,
2.126,0.3563,0.1152,0.08549,0.06136,0.1087,0.07329,0.0182,0.03857,0.03303,0.02207,0.2139,0.2303,
2.132,0.3242,0.118,0.08527,0.06152,0.1081,0.07319,0.01818,0.03852,0.03299,0.0238,0.214,0.2264,
2.133,0.321,0.1203,0.08562,0.06154,0.1073,0.07317,0.01817,0.03929,0.03218,0.02378,0.215,0.2236,
2.131,0.313,0.12,0.08581,0.06167,0.1073,0.07125,0.01817,0.03929,0.03218,0.02378,0.215,0.2255,
2.128,0.3204,0.1194,0.08646,0.06187,0.1065,0.07294,0.01656,0.04023,0.03131,0.0238,0.2152,0.2257,
2.131,0.3121,0.1206,0.08648,0.06176,0.1064,0.07186,0.016,0.0402,0.03129,0.02589,0.2141,0.2254,
2.13,0.3195,0.1205,0.08654,0.0619,0.106,0.07121,0.01601,0.04021,0.0313,0.0259,0.2142,0.2262,
2.131,0.3138,0.1227,0.08653,0.06193,0.1095,0.07109,0.01536,0.04136,0.03008,0.02587,0.215,0.2205,
2.136,0.313,0.1241,0.08652,0.06035,0.1094,0.07101,0.01535,0.04132,0.03104,0.02789,0.2128,0.2202,
2.133,0.3147,0.1237,0.08617,0.06054,0.1091,0.06918,0.01536,0.04256,0.02988,0.02792,0.2131,0.2224,
2.134,0.3198,0.126,0.08627,0.06052,0.109,0.06911,0.01534,0.04251,0.02985,0.02789,0.2139,0.2195,
2.131,0.3197,0.1257,0.0865,0.06065,0.109,0.06652,0.01534,0.04251,0.03096,0.02678,0.2139,0.2221,
2.136,0.3445,0.1258,0.08662,0.0608,0.1079,0.06661,0.03583,0.03257,0.02052,0.02681,0.2142,0.2224,
2.136,0.3445,0.1255,0.08686,0.06087,0.1079,0.06661,0.03583,0.03257,0.0216,0.02573,0.2142,0.2224,
2.136,0.3494,0.126,0.08665,0.06106,0.1078,0.06654,0.03643,0.0319,0.02158,0.0257,0.2151,0.2213,
2.136,0.3493,0.1257,0.08707,0.06116,0.107,0.0666,0.03646,0.03193,0.02214,0.02518,0.2153,0.2215,
2.135,0.3423,0.1254,0.08736,0.06125,0.107,0.06547,0.03719,0.03119,0.02214,0.02518,0.2153,0.2226,
2.135,0.3485,0.1248,0.0876,0.06158,0.107,0.06547,0.03719,0.03119,0.02214,0.02518,0.2153,0.2226,
2.143,0.3472,0.1331,0.0874,0.06148,0.1064,0.06538,0.03714,0.03115,0.02211,0.0276,0.2147,0.2135,
2.164,0.3334,0.1324,0.08757,0.06164,0.1057,0.06538,0.03758,0.03114,0.02168,0.03894,0.2045,0.2136,
2.159,0.3422,0.1321,0.08714,0.06172,0.1056,0.06219,0.03755,0.03113,0.02167,0.03892,0.2054,0.2166,
2.159,0.328,0.1314,0.08732,0.06192,0.1056,0.06222,0.03811,0.03132,0.02095,0.03894,0.2055,0.2167,
2.157,0.3289,0.1334,0.08715,0.06199,0.1052,0.06055,0.03768,0.0313,0.02094,0.03891,0.2064,0.2165,
2.156,0.3341,0.133,0.08722,0.0622,0.1048,0.06061,0.03806,0.03184,0.02009,0.03894,0.2066,0.2167,
2.139,0.3553,0.1329,0.08732,0.06237,0.1041,0.08016,0.01923,0.03123,0.02011,0.03897,0.2067,0.2169,
2.138,0.3454,0.1357,0.08717,0.06241,0.1027,0.07942,0.01922,0.03121,0.02009,0.03894,0.2087,0.2144,
2.137,0.3445,0.1356,0.08716,0.06257,0.1014,0.07945,0.01922,0.03167,0.01964,0.03895,0.2098,0.2145,
2.137,0.3466,0.1341,0.08716,0.06277,0.1025,0.07745,0.02038,0.03053,0.02091,0.03771,0.2099,0.2166,
2.138,0.3447,0.1291,0.08716,0.06289,0.1073,0.07745,0.03127,0.01964,0.02091,0.03771,0.2099,0.2166,
2.137,0.3423,0.1301,0.08714,0.06299,0.1061,0.07679,0.03199,0.01891,0.02145,0.03716,0.211,0.2164,
2.137,0.3514,0.1283,0.08705,0.06325,0.1075,0.07736,0.03146,0.02044,0.01994,0.03718,0.2111,0.2165,
2.136,0.3642,0.1282,0.08701,0.06356,0.1068,0.07676,0.03149,0.02046,0.01996,0.03721,0.2113,0.2173,
2.134,0.3559,0.1308,0.08699,0.06364,0.1062,0.0746,0.03204,0.01982,0.01993,0.03715,0.213,0.2158,
2.134,0.3648,0.1309,0.08705,0.06369,0.1054,0.07465,0.03207,0.01983,0.01994,0.03718,0.2132,0.216,
2.133,0.3581,0.132,0.08705,0.06372,0.1045,0.07388,0.03203,0.0198,0.01992,0.03713,0.2151,0.2149,
2.133,0.3639,0.1256,0.08713,0.06397,0.11,0.0726,0.03205,0.01982,0.01994,0.03716,0.2153,0.2164,
2.133,0.3761,0.1252,0.0872,0.06421,0.1093,0.07269,0.03209,0.01983,0.01996,0.0372,0.2156,0.2167,
2.143,0.3652,0.1285,0.08737,0.06422,0.1088,0.07264,0.03207,0.01982,0.01995,0.04268,0.211,0.2129,
2.14,0.3659,0.1287,0.08744,0.06427,0.1081,0.07094,0.03181,0.02479,0.01553,0.04217,0.2112,0.2151,
2.14,0.3706,0.1287,0.08733,0.06438,0.1081,0.07138,0.03137,0.02479,0.01553,0.04217,0.2112,0.2151,
2.138,0.3711,0.1284,0.08727,0.06442,0.108,0.07062,0.03134,0.02477,0.01552,0.04213,0.212,0.2155,
2.137,0.3616,0.1282,0.08746,0.06442,0.108,0.07062,0.03441,0.0217,0.01552,0.04213,0.212,0.2155,
2.137,0.3651,0.1279,0.08779,0.06442,0.108,0.07062,0.03441,0.0217,0.01552,0.04213,0.212,0.2155,
2.135,0.3705,0.1277,0.08803,0.06449,0.1076,0.06929,0.03549,0.02063,0.01552,0.04214,0.2121,0.217,
2.133,0.377,0.1274,0.08812,0.06464,0.1076,0.0668,0.03549,0.02063,0.01552,0.04214,0.2121,0.2195,
2.134,0.3646,0.1268,0.0888,0.06473,0.1072,0.06683,0.0355,0.02064,0.01721,0.04047,0.2122,0.2196,
2.135,0.3733,0.1265,0.08914,0.06478,0.1069,0.06686,0.03586,0.02029,0.01776,0.03994,0.2123,0.2197,
2.138,0.3941,0.1301,0.08895,0.06483,0.1087,0.06672,0.03578,0.02025,0.01904,0.03854,0.214,0.2131,
2.137,0.3766,0.1302,0.08895,0.06499,0.1077,0.06769,0.03492,0.02174,0.01758,0.03858,0.2143,0.2134,
2.139,0.3695,0.128,0.08953,0.06519,0.1088,0.06772,0.03493,0.02174,0.02002,0.03616,0.2144,0.2135,
2.139,0.3419,0.1276,0.08967,0.06529,0.1083,0.06768,0.03491,0.02173,0.02071,0.03544,0.2153,0.2134,
2.139,0.3507,0.1268,0.09042,0.06539,0.1083,0.0661,0.03549,0.02115,0.02313,0.03302,0.2153,0.215,
2.137,0.3536,0.1267,0.09046,0.06555,0.1079,0.065,0.0355,0.02116,0.02314,0.03304,0.2154,0.2162,
2.147,0.3508,0.1258,0.09041,0.06575,0.1102,0.06428,0.03583,0.0208,0.02367,0.03794,0.2109,0.2144,
2.145,0.3576,0.1257,0.09067,0.06585,0.1092,0.06231,0.03587,0.02081,0.02369,0.03798,0.2112,0.2167,
2.145,0.3599,0.1255,0.09089,0.06595,0.1088,0.06234,0.03643,0.02028,0.0237,0.038,0.2113,0.2168,
2.145,0.3652,0.1253,0.09082,0.06618,0.1088,0.06234,0.03643,0.02028,0.0237,0.038,0.2113,0.2168,
2.142,0.3708,0.1267,0.09095,0.0662,0.1084,0.05954,0.0364,0.02026,0.02369,0.03797,0.2122,0.2177,
2.141,0.3726,0.1266,0.091,0.06626,0.1084,0.05886,0.0364,0.02026,0.02478,0.03688,0.2122,0.2184,
2.143,0.3796,0.1264,0.0908,0.0663,0.1113,0.05926,0.0359,0.02067,0.02432,0.03684,0.213,0.2152,
2.137,0.3802,0.1258,0.09116,0.06657,0.1109,0.05928,0.04253,0.01406,0.02432,0.03686,0.2131,0.2153,
2.138,0.3837,0.1251,0.09202,0.0666,0.1105,0.05931,0.04255,0.01407,0.02433,0.03687,0.2132,0.2154,
2.134,0.3829,0.1243,0.09229,0.06671,0.1099,0.05719,0.04208,0.01409,0.02438,0.03693,0.2136,0.2186,
2.135,0.3845,0.1261,0.09248,0.06675,0.1098,0.05713,0.04203,0.01407,0.02435,0.0369,0.2145,0.2159,
2.134,0.3875,0.1221,0.09236,0.06687,0.1138,0.056,0.04203,0.01407,0.02435,0.0369,0.2145,0.2171,
2.133,0.3863,0.1218,0.09265,0.06694,0.1135,0.05647,0.04158,0.01407,0.02436,0.0369,0.2146,0.2172,
2.135,0.3805,0.1274,0.09258,0.06705,0.113,0.05576,0.04155,0.01406,0.02434,0.03688,0.2155,0.2119,
2.135,0.3864,0.1269,0.09287,0.06723,0.1127,0.05465,0.04157,0.01406,0.0278,0.03345,0.2156,0.2132,
2.134,0.404,0.1241,0.09308,0.06752,0.1138,0.05403,0.04162,0.01408,0.02783,0.03349,0.2159,0.2146,
2.133,0.3809,0.1241,0.09306,0.06651,0.113,0.05407,0.04166,0.01499,0.02931,0.03115,0.2161,0.216,
2.134,0.3939,0.1231,0.09285,0.06683,0.1129,0.05417,0.04173,0.01608,0.03139,0.02812,0.2165,0.2164,
2.14,0.4111,0.1224,0.09257,0.06702,0.1122,0.0542,0.04176,0.01609,0.03141,0.03132,0.2145,0.2165,
2.138,0.3966,0.122,0.09226,0.06738,0.1116,0.0535,0.04175,0.01608,0.03232,0.0304,0.2156,0.2172,
2.138,0.3962,0.1219,0.09256,0.06743,0.1108,0.05354,0.04178,0.01652,0.03191,0.03042,0.2158,0.2174,
2.149,0.3954,0.1203,0.09254,0.06734,0.1113,0.05428,0.04074,0.01647,0.03553,0.03343,0.2115,0.2167,
2.149,0.384,0.1201,0.09242,0.06734,0.1112,0.05422,0.04069,0.01699,0.03495,0.03339,0.2123,0.2164,
2.149,0.3881,0.1198,0.09253,0.06749,0.1099,0.05422,0.0407,0.01753,0.03441,0.03339,0.2134,0.2165,
2.149,0.391,0.1231,0.0925,0.06758,0.1094,0.05364,0.04053,0.01752,0.03523,0.03253,0.2144,0.2135,
2.147,0.3738,0.1231,0.09239,0.0677,0.1094,0.0587,0.03547,0.01752,0.03523,0.03253,0.2144,0.2135,
2.145,0.3784,0.1229,0.09227,0.06774,0.1093,0.05794,0.035,0.0175,0.0371,0.03059,0.2152,0.2144,
2.145,0.3814,0.1218,0.09201,0.0681,0.1103,0.05794,0.035,0.0175,0.0371,0.03059,0.2152,0.2144,
2.142,0.3736,0.1206,0.09213,0.0666,0.1113,0.05726,0.035,0.0175,0.03801,0.02968,0.2152,0.2167,
2.153,0.3718,0.1222,0.09221,0.06661,0.1107,0.05771,0.0344,0.01747,0.03849,0.03476,0.2113,0.2141,
2.152,0.384,0.1221,0.09251,0.06687,0.1092,0.0578,0.03445,0.01749,0.03934,0.03402,0.2117,0.2145,
2.152,0.3779,0.1212,0.09326,0.06701,0.1092,0.0578,0.03445,0.01749,0.04088,0.03248,0.2117,0.2145,
2.152,0.3805,0.1207,0.09306,0.06711,0.1091,0.05776,0.03443,0.01748,0.04139,0.03192,0.2126,0.2144,
2.15,0.3798,0.12,0.09292,0.06701,0.1088,0.05786,0.03404,0.01786,0.04083,0.03182,0.2151,0.2137,
2.151,0.3787,0.12,0.09276,0.06718,0.1088,0.05786,0.03404,0.01829,0.0404,0.03182,0.2151,0.2137,
2.155,0.3842,0.1196,0.09293,0.06721,0.1083,0.05782,0.03402,0.01827,0.04037,0.03454,0.2133,0.2136,
2.155,0.3847,0.1191,0.09329,0.0674,0.1083,0.05828,0.03356,0.01827,0.04037,0.03454,0.2133,0.2136,
2.152,0.3851,0.1192,0.09347,0.06762,0.1055,0.05725,0.03362,0.0183,0.04141,0.03364,0.2149,0.2151,
2.171,0.3795,0.1191,0.09354,0.0677,0.1042,0.05726,0.03363,0.0183,0.04142,0.0451,0.2045,0.2152,
2.171,0.3831,0.1191,0.09355,0.0678,0.1039,0.05728,0.03364,0.0183,0.0424,0.04415,0.2046,0.2153,
2.166,0.3873,0.119,0.09341,0.06778,0.1038,0.05508,0.03303,0.01829,0.04288,0.04358,0.2054,0.2178,
2.167,0.3837,0.1184,0.09372,0.06806,0.1038,0.05508,0.03303,0.01829,0.04288,0.04358,0.2054,0.2178,
2.166,0.3825,0.1184,0.09349,0.06817,0.103,0.05515,0.03307,0.0183,0.04393,0.04264,0.2057,0.2181,
2.167,0.3828,0.1181,0.09326,0.06838,0.1031,0.05517,0.03308,0.01831,0.04395,0.04266,0.2058,0.2182,
2.166,0.3577,0.1205,0.09354,0.06683,0.103,0.05514,0.03306,0.0183,0.04393,0.04264,0.2067,0.2163,
2.166,0.3594,0.1195,0.09381,0.06695,0.1034,0.05515,0.03307,0.0183,0.04394,0.04265,0.2068,0.2164,
2.166,0.3553,0.1194,0.09399,0.06701,0.103,0.05518,0.03309,0.01831,0.04396,0.04267,0.2069,0.2165,
2.166,0.3678,0.1202,0.09381,0.0672,0.1025,0.05514,0.03434,0.01702,0.04394,0.04264,0.2078,0.2154,
2.166,0.358,0.1198,0.09383,0.06732,0.1023,0.05519,0.03437,0.01703,0.04398,0.04268,0.208,0.2156,
2.166,0.3604,0.1196,0.09366,0.06736,0.1023,0.05522,0.03439,0.01748,0.04356,0.0427,0.2081,0.2157,
2.167,0.3577,0.1193,0.09382,0.06745,0.1023,0.05522,0.03439,0.01836,0.04268,0.0427,0.2081,0.2157,
2.166,0.3632,0.1191,0.0936,0.06759,0.1022,0.05516,0.03526,0.01743,0.04264,0.04265,0.2089,0.2154,
2.166,0.3673,0.1177,0.09349,0.06777,0.1033,0.05572,0.03473,0.01744,0.04265,0.04267,0.209,0.2155,
2.166,0.3749,0.1141,0.09365,0.06803,0.1059,0.05576,0.03476,0.01745,0.04441,0.04098,0.2092,0.2157,
2.169,0.3986,0.1091,0.09361,0.06809,0.1102,0.05664,0.03726,0.03524,0.02315,0.04095,0.2101,0.2156,
2.169,0.3978,0.1077,0.09361,0.06809,0.1112,0.05658,0.038,0.03442,0.02409,0.03995,0.211,0.2154,
2.169,0.4021,0.1069,0.0939,0.06834,0.1109,0.05662,0.03803,0.03445,0.02411,0.03998,0.2112,0.2156,
2.169,0.4036,0.1057,0.09407,0.06852,0.1118,0.05618,0.03793,0.03504,0.02511,0.03826,0.2112,0.2163,
2.167,0.4111,0.1051,0.09408,0.06867,0.1112,0.05609,0.03786,0.03498,0.02507,0.0382,0.2129,0.2159,
2.167,0.4142,0.1049,0.094,0.06873,0.1107,0.05605,0.03784,0.03495,0.02505,0.03817,0.2139,0.2158,
2.167,0.4149,0.1049,0.09384,0.06908,0.11,0.05609,0.03787,0.03498,0.02507,0.0382,0.214,0.216,
2.167,0.4109,0.1046,0.09396,0.0692,0.11,0.05609,0.03787,0.03498,0.02597,0.03729,0.214,0.216,
2.166,0.4092,0.1043,0.09411,0.06802,0.11,0.05609,0.03787,0.03498,0.02652,0.03675,0.214,0.2173,
2.163,0.4061,0.1079,0.09385,0.06822,0.1099,0.05346,0.03715,0.03494,0.02649,0.03671,0.2149,0.2165,
2.187,0.3969,0.1136,0.09373,0.0684,0.1098,0.05341,0.03711,0.0387,0.02397,0.04839,0.2027,0.2102,
2.186,0.3955,0.1109,0.09436,0.06854,0.1109,0.05347,0.03715,0.04012,0.02263,0.04845,0.203,0.2105,
2.187,0.3896,0.111,0.09426,0.06876,0.1102,0.05351,0.03718,0.04015,0.0241,0.04702,0.2032,0.2107,
2.187,0.3867,0.1109,0.09412,0.069,0.1102,0.05351,0.03718,0.04015,0.0241,0.04702,0.2032,0.2107,
2.175,0.4026,0.1107,0.09398,0.06903,0.1101,0.05187,0.05799,0.01927,0.02408,0.04698,0.204,0.212,
2.175,0.4021,0.1105,0.09398,0.06924,0.1101,0.05187,0.05799,0.01927,0.02408,0.04698,0.204,0.212,
2.173,0.4191,0.1104,0.09385,0.06941,0.1101,0.05074,0.05799,0.02004,0.02331,0.04698,0.204,0.2132,
2.171,0.4048,0.1101,0.0943,0.06793,0.1094,0.05011,0.05804,0.02006,0.02333,0.04702,0.2042,0.2156,
2.168,0.3888,0.1098,0.0945,0.06794,0.1086,0.04901,0.05882,0.01938,0.02336,0.04708,0.2044,0.217,
2.168,0.3858,0.1043,0.09448,0.06811,0.1126,0.04908,0.05895,0.02019,0.02264,0.04718,0.2049,0.2175,
2.166,0.3424,0.1067,0.09453,0.06835,0.1113,0.04705,0.05897,0.02019,0.02265,0.0472,0.206,0.217,
2.167,0.3505,0.1059,0.09412,0.06848,0.1119,0.04764,0.05848,0.02021,0.02466,0.04525,0.2062,0.2172,
2.16,0.3382,0.1086,0.09398,0.06843,0.1117,0.04754,0.06449,0.01404,0.02461,0.04516,0.2078,0.2137,
2.161,0.3389,0.1084,0.09383,0.06864,0.1116,0.04756,0.06452,0.01404,0.0253,0.0445,0.2079,0.2138,
2.159,0.3366,0.1081,0.09391,0.0686,0.1108,0.04669,0.06423,0.01404,0.02529,0.04449,0.2089,0.2149,
2.155,0.3517,0.1081,0.09388,0.06881,0.1105,0.07148,0.03948,0.01404,0.0253,0.04451,0.209,0.215,
2.149,0.3557,0.1079,0.09367,0.0689,0.1103,0.06597,0.03944,0.01403,0.02664,0.0431,0.2098,0.2202,
2.145,0.3539,0.1126,0.09353,0.0692,0.1107,0.06484,0.04445,0.009024,0.02664,0.04311,0.211,0.215,
2.143,0.3567,0.1144,0.09385,0.06931,0.1105,0.06219,0.04426,0.009014,0.0277,0.04197,0.2118,0.215,
2.14,0.3428,0.1134,0.09369,0.06919,0.1107,0.06016,0.04469,0.008682,0.02775,0.04205,0.2122,0.2175,
2.14,0.334,0.1151,0.09321,0.0695,0.1108,0.0586,0.04473,0.008688,0.02889,0.04097,0.2134,0.2161,
2.138,0.3378,0.1144,0.09358,0.06968,0.1105,0.05705,0.04477,0.008696,0.02946,0.04046,0.2136,0.2179,
2.137,0.3247,0.1125,0.09358,0.0698,0.1119,0.05694,0.04424,0.008694,0.02947,0.04048,0.2137,0.2187,
2.137,0.3291,0.1117,0.094,0.07007,0.1109,0.05635,0.04431,0.009143,0.0306,0.03903,0.2141,0.2197,
2.136,0.3299,0.1116,0.09402,0.07018,0.1109,0.05635,0.04466,0.008793,0.0306,0.03903,0.2141,0.2197,
2.137,0.3609,0.1134,0.0938,0.07028,0.1108,0.05561,0.04462,0.009329,0.03057,0.03844,0.2149,0.2183,
2.135,0.3431,0.1131,0.09322,0.06897,0.1109,0.05566,0.04466,0.009338,0.03059,0.03848,0.2151,0.22,
2.122,0.3751,0.1118,0.09339,0.06905,0.1117,0.0718,0.02674,0.009342,0.03061,0.03849,0.2152,0.2219,
2.121,0.3562,0.1118,0.09332,0.06917,0.1113,0.07069,0.0273,0.009529,0.02989,0.03851,0.2153,0.2231,
2.123,0.3574,0.1154,0.09343,0.06931,0.1101,0.07071,0.0273,0.009532,0.03081,0.03761,0.2164,0.2194,
2.123,0.3605,0.1136,0.09419,0.06945,0.1104,0.07077,0.02732,0.009534,0.03084,0.03764,0.2166,0.2196,
2.123,0.3587,0.1136,0.09419,0.06956,0.1101,0.0708,0.02733,0.009534,0.0314,0.0371,0.2167,0.2197,
2.123,0.3699,0.1115,0.0945,0.06895,0.1118,0.0708,0.02733,0.009534,0.03259,0.03592,0.2167,0.2204,
2.124,0.3689,0.1138,0.09411,0.0691,0.1117,0.07075,0.02732,0.009528,0.03312,0.03535,0.2177,0.2175,
2.124,0.3672,0.1187,0.09402,0.06895,0.1115,0.08143,0.01437,0.01243,0.03013,0.04358,0.2111,0.2138,
2.125,0.3726,0.1185,0.09389,0.06898,0.1114,0.08135,0.01436,0.01241,0.03642,0.0372,0.2119,0.2136,
2.124,0.3715,0.1181,0.09402,0.0691,0.1109,0.08061,0.01435,0.0124,0.0364,0.03717,0.2128,0.2142,
2.123,0.3765,0.1179,0.09386,0.06924,0.1104,0.08056,0.01433,0.01239,0.03692,0.0366,0.2137,0.214,
2.122,0.3783,0.1177,0.09392,0.06935,0.1104,0.08099,0.0139,0.01239,0.03945,0.03408,0.2137,0.214,
2.123,0.3793,0.1162,0.09401,0.06932,0.1114,0.08091,0.01388,0.01317,0.0386,0.03404,0.2146,0.2138,
2.122,0.3911,0.1162,0.09388,0.06945,0.1114,0.08022,0.01388,0.01317,0.0386,0.03404,0.2146,0.2145,
2.122,0.3877,0.1152,0.0937,0.06963,0.1124,0.08022,0.01388,0.01317,0.0386,0.03404,0.2146,0.2145,
2.12,0.3892,0.1152,0.0936,0.06973,0.1112,0.07842,0.01389,0.01369,0.03937,0.03277,0.2157,0.2164,
2.12,0.4182,0.1152,0.09355,0.06986,0.1112,0.07842,0.01389,0.01478,0.04137,0.02968,0.2157,0.2164,
2.119,0.4064,0.1152,0.09365,0.0699,0.1105,0.07795,0.01437,0.01417,0.04141,0.02971,0.2159,0.2172,
2.118,0.389,0.1151,0.09385,0.06996,0.1097,0.07733,0.01439,0.01418,0.04145,0.02973,0.2161,0.2181,
2.119,0.3916,0.1136,0.09358,0.07027,0.1112,0.07733,0.01439,0.01418,0.04145,0.02973,0.2161,0.2181,
2.118,0.4016,0.1131,0.09394,0.07049,0.1109,0.07735,0.01474,0.01383,0.04237,0.02883,0.2162,0.2182,
2.118,0.3872,0.1132,0.09375,0.07074,0.1105,0.07737,0.01475,0.01384,0.04239,0.02884,0.2163,0.2183,
2.116,0.3943,0.1128,0.09414,0.07107,0.1094,0.07587,0.01476,0.01385,0.04299,0.02832,0.2166,0.2202,
2.117,0.3824,0.1127,0.0942,0.07123,0.109,0.0759,0.01476,0.0143,0.04257,0.02832,0.2167,0.2203,
2.12,0.3947,0.1163,0.09377,0.0717,0.109,0.07589,0.01476,0.01519,0.04167,0.02831,0.2178,0.2156,
2.119,0.3948,0.1163,0.09369,0.07184,0.109,0.07612,0.01385,0.01562,0.04123,0.02831,0.2178,0.2163,
2.116,0.399,0.1148,0.094,0.07191,0.1093,0.07566,0.01327,0.01564,0.04128,0.02834,0.2181,0.2177,
