entropy,entropyInd,RabA,RabB,RabC,RabD,RabE,RabF,RabG,RabH,RabI,xER,xPM,
2.178,0.3355,0.106,0.0907,0.0685,0.1252,0.05449,0.03938,0.03062,0.03407,0.03502,0.2066,0.2094,
2.176,0.3398,0.103,0.09074,0.06853,0.1248,0.05451,0.0394,0.03063,0.03408,0.03504,0.2067,0.2126,
2.176,0.3433,0.103,0.09074,0.06853,0.1248,0.05451,0.0394,0.03063,0.03408,0.03504,0.2067,0.2126,
2.175,0.3375,0.1074,0.09054,0.06836,0.1237,0.05284,0.0393,0.03055,0.034,0.03494,0.2094,0.2089,
2.175,0.3427,0.1074,0.09054,0.06836,0.1237,0.05284,0.0393,0.03055,0.034,0.03494,0.2094,0.2089,
2.174,0.372,0.1074,0.09048,0.06831,0.1232,0.05158,0.03897,0.03053,0.03397,0.03627,0.209,0.2103,
2.175,0.3337,0.1076,0.09024,0.06846,0.1218,0.05169,0.03905,0.0306,0.03404,0.03635,0.2094,0.2108,
2.169,0.3398,0.1064,0.09025,0.06849,0.1216,0.04866,0.03896,0.03047,0.03405,0.03636,0.2095,0.2153,
2.18,0.3194,0.1125,0.09011,0.06841,0.121,0.04794,0.03891,0.03044,0.03401,0.04183,0.2058,0.209,
2.18,0.3169,0.1126,0.09015,0.06844,0.1207,0.04795,0.03893,0.03045,0.03402,0.04184,0.2059,0.2091,
2.175,0.3124,0.1126,0.08957,0.06699,0.1203,0.04634,0.03881,0.03046,0.03404,0.04186,0.206,0.213,
2.176,0.333,0.113,0.08943,0.06703,0.12,0.04637,0.03884,0.03047,0.03406,0.04188,0.2072,0.2117,
2.176,0.3307,0.113,0.08943,0.06703,0.12,0.04637,0.03884,0.03047,0.03406,0.04188,0.2072,0.2117,
2.174,0.3114,0.1131,0.08906,0.06709,0.1197,0.04531,0.03887,0.0305,0.03409,0.04192,0.2074,0.213,
2.174,0.3115,0.1131,0.0891,0.06711,0.1193,0.04533,0.03889,0.03051,0.0341,0.04194,0.2074,0.2131,
2.174,0.3101,0.1132,0.08874,0.06716,0.1191,0.04536,0.03892,0.03053,0.03413,0.04196,0.2076,0.2133,
2.174,0.3259,0.1132,0.08874,0.06716,0.1191,0.04536,0.03892,0.03053,0.03413,0.04196,0.2076,0.2133,
2.174,0.3165,0.1137,0.08827,0.06748,0.1158,0.04556,0.0391,0.03067,0.03428,0.04215,0.2086,0.2143,
2.173,0.3175,0.1127,0.08837,0.06756,0.1147,0.0456,0.03913,0.03069,0.03432,0.0422,0.2089,0.2158,
2.17,0.3076,0.1127,0.08802,0.06568,0.1148,0.04562,0.03915,0.0307,0.03433,0.04222,0.209,0.2178,
2.169,0.308,0.1108,0.08809,0.06574,0.114,0.04566,0.03919,0.03073,0.03436,0.04225,0.2092,0.22,
2.169,0.2975,0.1117,0.08797,0.06563,0.1131,0.04562,0.03915,0.03071,0.03434,0.04221,0.2111,0.2184,
2.169,0.2956,0.1119,0.08808,0.0657,0.112,0.04565,0.0392,0.03074,0.03437,0.04225,0.2114,0.2187,
2.167,0.2956,0.1107,0.08812,0.06573,0.1116,0.04501,0.03922,0.03075,0.03439,0.04227,0.2115,0.2207,
2.191,0.2934,0.1138,0.08778,0.06553,0.1115,0.04431,0.0392,0.03073,0.03437,0.05966,0.195,0.2181,
2.19,0.2942,0.1112,0.0878,0.06558,0.1112,0.04434,0.03922,0.03075,0.03439,0.05971,0.1952,0.2205,
2.19,0.2973,0.1112,0.0878,0.06558,0.1112,0.04434,0.03922,0.03075,0.03439,0.05971,0.1952,0.2205,
2.191,0.2939,0.1151,0.08772,0.06552,0.1111,0.04363,0.03919,0.03072,0.03436,0.05965,0.196,0.217,
2.19,0.3234,0.1144,0.08764,0.06546,0.1108,0.04366,0.03921,0.03074,0.03438,0.05963,0.1961,0.2179,
2.192,0.3006,0.1187,0.08747,0.06533,0.1106,0.04357,0.03914,0.03068,0.03431,0.05952,0.1977,0.2129,
2.193,0.297,0.1229,0.08731,0.0653,0.1102,0.04356,0.03913,0.03067,0.0343,0.0595,0.1987,0.2085,
2.189,0.3196,0.1215,0.08737,0.06535,0.1107,0.04209,0.03871,0.03095,0.0337,0.05925,0.2003,0.2101,
2.189,0.3148,0.1213,0.08727,0.06543,0.1103,0.04205,0.03868,0.03092,0.03368,0.05921,0.2012,0.21,
2.167,0.3397,0.1213,0.08697,0.06573,0.1103,0.06854,0.01153,0.03092,0.03834,0.05455,0.2012,0.2106,
2.167,0.3387,0.1213,0.08696,0.06577,0.1103,0.06881,0.01126,0.03092,0.0394,0.05349,0.2012,0.2106,
2.166,0.333,0.1209,0.08716,0.06578,0.1098,0.0681,0.01125,0.0309,0.03937,0.05345,0.2021,0.2112,
2.168,0.324,0.1242,0.08732,0.06571,0.1097,0.06803,0.01124,0.03087,0.03986,0.05287,0.2029,0.2073,
2.168,0.3394,0.1241,0.08727,0.06567,0.1092,0.06799,0.01123,0.03085,0.04178,0.05089,0.2038,0.2072,
2.165,0.3493,0.1238,0.08711,0.06574,0.1091,0.06495,0.03021,0.01191,0.04583,0.04693,0.204,0.2104,
2.165,0.353,0.1224,0.08714,0.06588,0.1101,0.06498,0.03022,0.01191,0.04762,0.04518,0.204,0.2105,
2.165,0.3528,0.1253,0.08684,0.06591,0.1096,0.06421,0.03016,0.01189,0.04807,0.04457,0.2058,0.2077,
2.162,0.3653,0.1233,0.08727,0.06619,0.1108,0.06156,0.03016,0.01189,0.04904,0.0436,0.2058,0.2104,
2.16,0.3696,0.123,0.08738,0.06622,0.1104,0.06204,0.03014,0.01135,0.05002,0.04255,0.2067,0.2103,
2.162,0.3676,0.1286,0.08744,0.06615,0.1102,0.06185,0.02958,0.01134,0.04997,0.04251,0.2075,0.2049,
2.161,0.3709,0.1279,0.08754,0.06623,0.11,0.06192,0.02961,0.01134,0.05153,0.04106,0.2078,0.2051,
2.161,0.3752,0.1271,0.08761,0.06637,0.1098,0.062,0.02965,0.01135,0.05248,0.04022,0.208,0.2054,
2.161,0.3757,0.1261,0.08732,0.06679,0.1095,0.0621,0.0297,0.01137,0.05381,0.03905,0.2084,0.2058,
2.161,0.3811,0.1259,0.08738,0.06699,0.1095,0.0621,0.0297,0.01137,0.05434,0.03852,0.2084,0.2058,
2.157,0.3783,0.1254,0.08706,0.06702,0.109,0.06002,0.02967,0.01136,0.05427,0.03847,0.2102,0.2075,
2.161,0.375,0.1235,0.0868,0.06711,0.1107,0.05996,0.02964,0.01134,0.05545,0.0396,0.2087,0.2073,
2.161,0.3782,0.1231,0.08702,0.0673,0.1107,0.05996,0.02964,0.01134,0.05598,0.03907,0.2087,0.2073,
2.159,0.3836,0.1223,0.08698,0.06717,0.1105,0.05986,0.02959,0.01132,0.05695,0.03795,0.2104,0.2069,
2.169,0.3692,0.1218,0.08694,0.06722,0.1101,0.05985,0.02958,0.01132,0.05694,0.04479,0.2046,0.2069,
2.166,0.3786,0.1209,0.08661,0.0654,0.11,0.05978,0.02955,0.0113,0.05687,0.04474,0.2064,0.2085,
2.166,0.363,0.1204,0.08689,0.06571,0.1096,0.05979,0.02956,0.01131,0.05689,0.04475,0.2065,0.2086,
2.166,0.3672,0.1194,0.08705,0.06598,0.1093,0.05981,0.02956,0.0113,0.05691,0.04477,0.2066,0.2094,
2.165,0.3797,0.118,0.08696,0.06622,0.1092,0.05977,0.02955,0.0113,0.05776,0.04386,0.2075,0.2099,
2.165,0.3784,0.1179,0.08693,0.06631,0.1092,0.05977,0.02955,0.0113,0.05975,0.04187,0.2075,0.2099,
2.161,0.3826,0.1225,0.08697,0.06634,0.1088,0.05863,0.02952,0.01128,0.06809,0.03345,0.2084,0.206,
2.164,0.378,0.1221,0.08638,0.06624,0.1081,0.05849,0.02945,0.01178,0.06887,0.0346,0.2083,0.2056,
2.163,0.3806,0.1215,0.08615,0.06618,0.1083,0.05746,0.02949,0.01257,0.06904,0.03379,0.2086,0.2069,
2.166,0.3843,0.1209,0.08587,0.06617,0.1081,0.05724,0.02892,0.01255,0.06892,0.03681,0.2073,0.2073,
2.164,0.3836,0.1182,0.08591,0.06629,0.1103,0.05659,0.02892,0.01255,0.07011,0.03565,0.2074,0.208,
2.164,0.3818,0.1176,0.08583,0.06636,0.1103,0.05659,0.02892,0.01255,0.07011,0.03565,0.2074,0.2087,
2.164,0.3796,0.1173,0.08569,0.06676,0.1103,0.05659,0.02892,0.01255,0.07099,0.03477,0.2074,0.2087,
2.163,0.3829,0.1164,0.08558,0.06677,0.1108,0.05656,0.0289,0.01295,0.07105,0.03422,0.2083,0.2085,
2.163,0.384,0.1159,0.08539,0.06683,0.1107,0.05652,0.02889,0.01295,0.07101,0.0342,0.2092,0.2084,
2.162,0.3886,0.1113,0.08556,0.06718,0.114,0.05647,0.02836,0.01295,0.07109,0.03423,0.2095,0.2094,
2.171,0.3968,0.1085,0.08551,0.06713,0.1165,0.05641,0.02833,0.01294,0.07242,0.03941,0.2037,0.2091,
2.172,0.4064,0.1083,0.08558,0.06607,0.1165,0.05641,0.02833,0.01378,0.07158,0.03941,0.2037,0.2103,
2.17,0.4373,0.1081,0.08565,0.06603,0.1163,0.05511,0.02834,0.01378,0.07163,0.03942,0.2039,0.2118,
2.171,0.4115,0.1079,0.08604,0.06613,0.1155,0.05516,0.02837,0.01499,0.07199,0.03796,0.2041,0.2119,
2.17,0.3393,0.1088,0.08591,0.0662,0.115,0.05404,0.02835,0.01567,0.07126,0.0379,0.205,0.2118,
2.189,0.335,0.1075,0.0862,0.06623,0.115,0.05407,0.02924,0.047,0.04102,0.03598,0.2051,0.2126,
2.191,0.3311,0.1104,0.08597,0.06627,0.1158,0.05396,0.02971,0.04638,0.04093,0.03591,0.2068,0.208,
2.19,0.3593,0.1099,0.08614,0.06651,0.1151,0.05335,0.02975,0.04643,0.04151,0.03542,0.207,0.2089,
2.185,0.3259,0.1095,0.0858,0.0667,0.1146,0.05106,0.02969,0.04702,0.04189,0.03418,0.2088,0.2107,
2.185,0.3161,0.1093,0.08602,0.0667,0.1146,0.05106,0.02969,0.04744,0.04261,0.03304,0.2088,0.2107,
2.211,0.3063,0.1138,0.08654,0.06676,0.1138,0.04994,0.02968,0.04743,0.0426,0.04844,0.1944,0.2067,
2.21,0.3083,0.1136,0.08671,0.06574,0.1135,0.05048,0.02916,0.04744,0.04261,0.04846,0.1945,0.2079,
2.208,0.3107,0.1135,0.08654,0.06587,0.1135,0.04919,0.02916,0.04744,0.04261,0.04846,0.1945,0.2094,
2.206,0.3455,0.1132,0.08676,0.0659,0.1126,0.04809,0.02916,0.04744,0.04261,0.04845,0.1954,0.2104,
2.207,0.3327,0.1161,0.08726,0.06611,0.1116,0.0481,0.02916,0.049,0.04107,0.04847,0.1965,0.2066,
2.207,0.3134,0.116,0.08716,0.06621,0.1111,0.04807,0.02914,0.04896,0.04318,0.04629,0.1974,0.2065,
2.188,0.3288,0.1138,0.08761,0.06621,0.1128,0.06879,0.01219,0.04519,0.04415,0.04533,0.1974,0.2065,
2.187,0.3269,0.1135,0.08757,0.06631,0.1127,0.06807,0.01217,0.04556,0.04368,0.04528,0.1982,0.207,
2.187,0.3298,0.1135,0.08748,0.06643,0.1127,0.06807,0.01217,0.04649,0.04363,0.04441,0.1982,0.207,
2.187,0.3323,0.1133,0.08715,0.06667,0.1126,0.068,0.01269,0.04592,0.04359,0.04436,0.199,0.2067,
2.185,0.3447,0.1131,0.08712,0.06621,0.1121,0.0673,0.01268,0.0517,0.03872,0.04338,0.1999,0.2079,
2.184,0.347,0.1129,0.08706,0.06631,0.1113,0.06728,0.01268,0.05246,0.03847,0.04284,0.2009,0.2078,
2.183,0.3578,0.1105,0.08714,0.06638,0.1123,0.06728,0.01268,0.05288,0.04328,0.03761,0.2009,0.209,
2.183,0.3614,0.1105,0.08709,0.06649,0.1123,0.06728,0.01268,0.05288,0.0438,0.03708,0.2009,0.209,
2.183,0.3687,0.1103,0.08714,0.06658,0.1123,0.06728,0.01268,0.05288,0.04503,0.03586,0.2009,0.209,
2.182,0.3641,0.1131,0.08714,0.0648,0.1118,0.0672,0.01265,0.05281,0.04497,0.03581,0.2026,0.207,
2.181,0.376,0.1114,0.08703,0.06479,0.1127,0.06708,0.01263,0.05272,0.0449,0.03575,0.2043,0.2067,
2.178,0.3786,0.1114,0.08697,0.06484,0.1127,0.06512,0.01263,0.05272,0.0449,0.03575,0.2043,0.2087,
2.178,0.3812,0.1113,0.08697,0.06504,0.112,0.06517,0.01264,0.05277,0.04494,0.03578,0.2045,0.2089,
2.178,0.3831,0.1114,0.08694,0.0652,0.1113,0.06564,0.01222,0.0528,0.04496,0.0358,0.2047,0.209,
2.178,0.3869,0.1108,0.08713,0.06535,0.1111,0.06568,0.01222,0.05382,0.04401,0.03582,0.2049,0.2092,
2.178,0.3917,0.1107,0.087,0.06567,0.1107,0.06571,0.01223,0.05384,0.04403,0.03583,0.205,0.2093,
2.176,0.4016,0.1105,0.08738,0.0658,0.1096,0.06468,0.01224,0.0539,0.04656,0.03338,0.2052,0.2107,
2.174,0.3656,0.1105,0.08729,0.06424,0.1096,0.06468,0.01224,0.0539,0.04656,0.03338,0.2052,0.2123,
2.175,0.3743,0.1125,0.08702,0.06432,0.1102,0.06467,0.01224,0.05389,0.04708,0.03285,0.2062,0.2091,
2.173,0.3863,0.1118,0.08658,0.06479,0.1103,0.06319,0.01259,0.0536,0.04808,0.03191,0.2064,0.2108,
2.173,0.3959,0.1121,0.08689,0.06366,0.1101,0.06312,0.01291,0.05321,0.04803,0.03188,0.2072,0.2108,
2.173,0.4015,0.1107,0.08694,0.06383,0.1111,0.06314,0.01344,0.05411,0.04718,0.03136,0.2073,0.2109,
2.172,0.4006,0.1118,0.08702,0.06394,0.111,0.06198,0.01343,0.05405,0.04713,0.03133,0.2081,0.2102,
2.178,0.3836,0.1171,0.08676,0.06406,0.1107,0.06133,0.01327,0.05436,0.04661,0.03363,0.2074,0.2047,
2.177,0.3943,0.1165,0.08713,0.06412,0.1103,0.06128,0.01325,0.05523,0.047,0.03228,0.2083,0.2046,
2.177,0.4003,0.1158,0.08716,0.06426,0.1109,0.06128,0.01359,0.05489,0.047,0.03228,0.2083,0.2046,
2.174,0.4031,0.1157,0.08712,0.06442,0.1106,0.06129,0.01358,0.0549,0.05326,0.02602,0.2084,0.2047,
2.174,0.4007,0.1153,0.08679,0.06469,0.11,0.06139,0.0136,0.05499,0.05334,0.02606,0.2088,0.205,
2.171,0.4073,0.1152,0.08697,0.06319,0.1096,0.06076,0.01361,0.05607,0.05232,0.02607,0.2089,0.2073,
2.174,0.4001,0.1134,0.08717,0.06324,0.1106,0.06072,0.0136,0.06654,0.04412,0.02725,0.2063,0.2072,
2.175,0.4064,0.1123,0.087,0.0633,0.1115,0.06075,0.01394,0.06623,0.04414,0.02726,0.2063,0.2073,
2.174,0.4124,0.1119,0.08684,0.06314,0.1106,0.06069,0.01427,0.06627,0.04369,0.02723,0.2083,0.2071,
2.195,0.4135,0.1116,0.08711,0.06325,0.1091,0.06072,0.01427,0.0663,0.04571,0.03745,0.1972,0.2073,
2.195,0.4073,0.111,0.08709,0.06349,0.1084,0.06083,0.01429,0.06642,0.04579,0.03751,0.1976,0.2076,
2.195,0.4056,0.1098,0.08715,0.06356,0.1094,0.06083,0.01429,0.06642,0.04579,0.03751,0.1976,0.2076,
2.194,0.4142,0.1087,0.0873,0.06356,0.1096,0.06019,0.01431,0.06692,0.04595,0.03704,0.1978,0.2086,
2.192,0.4039,0.1113,0.08726,0.06357,0.1104,0.05667,0.01537,0.0657,0.04586,0.03696,0.1994,0.2075,
2.192,0.4045,0.111,0.08729,0.06371,0.11,0.05672,0.01538,0.06576,0.0459,0.03699,0.1996,0.2077,
2.193,0.4144,0.1108,0.08724,0.06389,0.11,0.05672,0.01595,0.06597,0.04513,0.03699,0.1996,0.2077,
2.19,0.4063,0.1106,0.08699,0.06229,0.1099,0.05667,0.01593,0.06633,0.04549,0.03613,0.2004,0.2092,
2.188,0.4052,0.1107,0.0869,0.06248,0.1092,0.05539,0.01594,0.06681,0.04598,0.03528,0.2006,0.2107,
2.188,0.4139,0.1136,0.08686,0.06253,0.1084,0.0559,0.01541,0.06679,0.04693,0.0343,0.2016,0.2077,
2.189,0.4021,0.1134,0.08655,0.06273,0.1083,0.05584,0.01592,0.06619,0.04689,0.03427,0.2024,0.2075,
2.18,0.417,0.1133,0.08652,0.06275,0.1079,0.0558,0.01589,0.07894,0.03405,0.03424,0.2033,0.2074,
2.2,0.4354,0.1127,0.08608,0.06279,0.1074,0.05593,0.05814,0.03692,0.03413,0.03419,0.2038,0.2079,
2.198,0.4394,0.1126,0.08592,0.06287,0.106,0.05524,0.0581,0.0369,0.0341,0.03417,0.2057,0.2085,
2.198,0.4328,0.1121,0.08586,0.06281,0.1059,0.0552,0.05806,0.03687,0.03408,0.0341,0.2066,0.2083,
2.197,0.4354,0.1113,0.08613,0.06284,0.1057,0.05509,0.05794,0.0368,0.03401,0.03403,0.2082,0.2079,
2.197,0.4383,0.1111,0.0862,0.0631,0.1053,0.05511,0.05797,0.03681,0.0349,0.03317,0.2083,0.208,
2.206,0.4347,0.1138,0.08618,0.06309,0.1049,0.05334,0.05857,0.03619,0.03542,0.03856,0.2034,0.2066,
2.205,0.4344,0.1135,0.08616,0.06322,0.1044,0.05331,0.05854,0.03617,0.0354,0.03854,0.2043,0.2064,
2.203,0.4547,0.1091,0.08604,0.06315,0.1076,0.05252,0.05839,0.03607,0.0353,0.03843,0.2068,0.2066,
2.203,0.4638,0.1085,0.08649,0.06326,0.1076,0.05252,0.05839,0.03607,0.0353,0.03843,0.2068,0.2066,
2.202,0.4577,0.1082,0.08625,0.06352,0.1075,0.05288,0.05847,0.03548,0.03527,0.03839,0.2077,0.2063,
2.202,0.4535,0.1072,0.0869,0.06362,0.1075,0.05291,0.05849,0.03549,0.03528,0.03841,0.2078,0.2064,
2.202,0.4534,0.1068,0.08708,0.06378,0.1073,0.05293,0.05852,0.03628,0.03453,0.03843,0.2078,0.2065,
2.206,0.4506,0.1067,0.08688,0.06383,0.1061,0.05287,0.05845,0.03622,0.03448,0.0415,0.2066,0.2064,
2.204,0.4565,0.09926,0.08708,0.06399,0.1125,0.05218,0.05914,0.03547,0.03446,0.04147,0.2075,0.2069,
2.205,0.4516,0.09796,0.08687,0.06399,0.1134,0.05215,0.0591,0.03545,0.03443,0.04258,0.2073,0.2068,
2.218,0.4347,0.09787,0.08681,0.06405,0.1126,0.05213,0.05908,0.03543,0.03441,0.052,0.1989,0.2067,
2.216,0.4375,0.09576,0.08635,0.06421,0.1142,0.05155,0.05916,0.03548,0.03446,0.05207,0.1991,0.2077,
2.215,0.4501,0.09556,0.08635,0.06406,0.1142,0.05134,0.05905,0.03514,0.03446,0.05207,0.1991,0.2087,
2.215,0.4413,0.09771,0.08602,0.06415,0.1136,0.05125,0.06011,0.0339,0.03439,0.05198,0.2008,0.206,
2.215,0.4471,0.09779,0.08584,0.06419,0.1124,0.05127,0.06024,0.03397,0.03603,0.05051,0.2013,0.2065,
2.206,0.4528,0.09674,0.08568,0.06445,0.1134,0.05062,0.07077,0.02344,0.03603,0.05051,0.2013,0.2071,
2.206,0.4565,0.09628,0.08591,0.06449,0.113,0.05127,0.07002,0.02465,0.03479,0.05048,0.2022,0.207,
2.205,0.4415,0.09574,0.08597,0.06462,0.1121,0.05119,0.06993,0.02461,0.03474,0.05041,0.2039,0.2068,
2.205,0.4733,0.0955,0.0861,0.06474,0.1121,0.05172,0.06974,0.02469,0.03432,0.05041,0.2039,0.2068,
2.203,0.4432,0.09503,0.08537,0.06487,0.1118,0.05207,0.06906,0.02463,0.03423,0.05027,0.2065,0.2062,
2.205,0.3547,0.09488,0.08521,0.06492,0.1117,0.05138,0.06968,0.02423,0.03395,0.05295,0.204,0.2071,
2.205,0.3571,0.09331,0.08489,0.06502,0.1125,0.05128,0.06957,0.02489,0.03753,0.04853,0.2058,0.2068,
2.205,0.3035,0.09309,0.08527,0.06509,0.1114,0.05134,0.06998,0.02457,0.04105,0.0451,0.206,0.207,
2.2,0.2903,0.0931,0.0853,0.06519,0.1099,0.04833,0.07036,0.02425,0.04194,0.04426,0.2072,0.2102,
2.2,0.3155,0.09304,0.0853,0.06544,0.1091,0.04837,0.07041,0.02426,0.04197,0.04429,0.2074,0.2104,
2.2,0.2883,0.09182,0.08547,0.06576,0.1088,0.04841,0.07052,0.02429,0.04203,0.04435,0.2077,0.2108,
2.21,0.2858,0.09621,0.08564,0.06571,0.1075,0.04728,0.07047,0.02427,0.042,0.05093,0.203,0.207,
2.209,0.295,0.09576,0.0857,0.06562,0.1064,0.04725,0.07042,0.02425,0.04197,0.05089,0.2049,0.2068,
2.209,0.3028,0.09552,0.08586,0.0658,0.106,0.04662,0.07097,0.03979,0.02593,0.05092,0.205,0.2076,
2.206,0.2957,0.09552,0.08595,0.06471,0.1053,0.04556,0.07102,0.03982,0.02595,0.05095,0.2052,0.21,
2.209,0.296,0.09924,0.08576,0.06493,0.1048,0.04554,0.07098,0.03979,0.02689,0.04996,0.2061,0.206,
2.19,0.2975,0.09909,0.08568,0.06491,0.1047,0.09186,0.02453,0.04057,0.02726,0.04869,0.2069,0.2058,
2.197,0.3122,0.09934,0.08558,0.06479,0.104,0.0898,0.02423,0.0405,0.02721,0.0555,0.2027,0.2063,
2.197,0.3202,0.09919,0.08568,0.06482,0.104,0.0898,0.02423,0.0405,0.02721,0.0555,0.2027,0.2063,
2.196,0.3252,0.09927,0.08563,0.06498,0.1034,0.09039,0.02371,0.04052,0.02722,0.05553,0.2029,0.2065,
2.194,0.3148,0.09921,0.08568,0.06313,0.1034,0.08931,0.02371,0.04052,0.02878,0.05397,0.2029,0.2095,
2.193,0.3139,0.09776,0.08543,0.06317,0.1047,0.09006,0.02335,0.04021,0.0288,0.05399,0.2029,0.2096,
2.193,0.3154,0.09781,0.08542,0.06325,0.1044,0.08944,0.02336,0.04158,0.0291,0.05237,0.203,0.2103,
2.191,0.3253,0.08838,0.08559,0.06342,0.1129,0.08887,0.02338,0.04162,0.02913,0.05241,0.2032,0.2111,
2.193,0.3254,0.09003,0.08553,0.06345,0.1118,0.08889,0.0238,0.04121,0.03018,0.05138,0.2043,0.2095,
2.192,0.3283,0.08993,0.08528,0.06381,0.1118,0.08916,0.02353,0.04217,0.02922,0.05138,0.2043,0.2095,
2.192,0.3354,0.09162,0.08565,0.06383,0.1109,0.0903,0.02238,0.04341,0.02901,0.05033,0.2053,0.2073,
2.192,0.3277,0.09356,0.08536,0.06387,0.1106,0.08859,0.02234,0.04332,0.02999,0.04919,0.2069,0.2062,
2.195,0.3256,0.09316,0.08523,0.06399,0.1101,0.08779,0.02229,0.04324,0.02994,0.05274,0.205,0.2065,
2.2,0.3368,0.09132,0.08509,0.06393,0.1114,0.08761,0.02307,0.04232,0.03082,0.05623,0.2021,0.2061,
2.199,0.3216,0.09112,0.08457,0.06408,0.1112,0.08707,0.0231,0.04307,0.03017,0.0563,0.2023,0.207,
2.2,0.3477,0.09434,0.08462,0.06406,0.1107,0.08412,0.0231,0.04306,0.0317,0.05475,0.2033,0.2062,
2.199,0.3306,0.09408,0.08442,0.06405,0.1093,0.08445,0.02312,0.04242,0.03319,0.05309,0.206,0.2058,
2.197,0.3206,0.09373,0.08396,0.06422,0.1084,0.08216,0.02325,0.04197,0.03317,0.05493,0.206,0.2082,
2.193,0.3337,0.09373,0.08396,0.0645,0.1073,0.08226,0.02328,0.05243,0.02397,0.05382,0.2063,0.2084,
2.192,0.3767,0.09363,0.08393,0.06463,0.1073,0.08075,0.02328,0.05243,0.02397,0.05382,0.2063,0.21,
2.196,0.3347,0.0934,0.08388,0.06496,0.107,0.08078,0.02329,0.05245,0.03113,0.04669,0.2064,0.21,
2.194,0.3489,0.093,0.08385,0.06506,0.107,0.07968,0.02265,0.05247,0.03209,0.04576,0.2065,0.2119,
2.204,0.344,0.09836,0.0838,0.06502,0.1067,0.07715,0.02261,0.0524,0.03205,0.05173,0.2022,0.2079,
2.204,0.3491,0.09874,0.08406,0.06516,0.1067,0.0771,0.0226,0.05237,0.03255,0.05118,0.2031,0.2065,
2.203,0.3539,0.09856,0.08408,0.06532,0.1067,0.07559,0.0226,0.05237,0.03255,0.05118,0.2031,0.208,
2.205,0.3482,0.1017,0.08401,0.06537,0.1061,0.07547,0.02256,0.05228,0.03598,0.04761,0.2048,0.2041,
2.206,0.3642,0.1015,0.08415,0.06537,0.1061,0.07598,0.02204,0.05228,0.04151,0.04208,0.2048,0.2041,
2.207,0.3357,0.1013,0.08399,0.06537,0.1056,0.07521,0.022,0.05339,0.04023,0.0444,0.2041,0.2044,
2.207,0.3752,0.09935,0.08404,0.06559,0.1072,0.07521,0.022,0.05339,0.04169,0.04294,0.2041,0.2044,
2.207,0.3277,0.09905,0.08404,0.06572,0.1066,0.07557,0.02176,0.05346,0.04172,0.04295,0.2044,0.2047,
2.205,0.3542,0.09889,0.08398,0.06577,0.1061,0.07594,0.02133,0.05481,0.04032,0.04292,0.2053,0.2046,
2.209,0.3387,0.09869,0.08393,0.06576,0.106,0.07586,0.02131,0.05475,0.04028,0.04597,0.203,0.2044,
2.207,0.3275,0.09724,0.08352,0.06496,0.1072,0.0746,0.02132,0.05478,0.04114,0.0451,0.2031,0.207,
2.204,0.3223,0.0971,0.0835,0.06512,0.1072,0.07207,0.02132,0.05639,0.03953,0.0451,0.2031,0.2095,
2.181,0.3067,0.09697,0.08348,0.06534,0.1062,0.08524,0.008209,0.05647,0.03957,0.04516,0.2035,0.2099,
2.182,0.2996,0.09646,0.08364,0.06536,0.1063,0.08527,0.00873,0.05598,0.03959,0.04518,0.2036,0.21,
2.181,0.3007,0.0965,0.08361,0.06544,0.1059,0.08557,0.008468,0.056,0.04142,0.04338,0.2036,0.2101,
2.182,0.3026,0.1011,0.08352,0.0654,0.1046,0.08317,0.008973,0.05546,0.0414,0.04335,0.2056,0.2074,
2.179,0.3299,0.1003,0.08388,0.06547,0.1047,0.08006,0.008977,0.05629,0.0439,0.04007,0.2057,0.2106,
2.179,0.3071,0.1002,0.08397,0.0655,0.1047,0.08006,0.008977,0.05746,0.04273,0.04007,0.2057,0.2106,
2.178,0.3113,0.09745,0.08363,0.06569,0.107,0.07948,0.008984,0.05751,0.04277,0.04011,0.2059,0.2115,
2.186,0.3113,0.09952,0.08329,0.06588,0.1069,0.07832,0.008975,0.05745,0.0437,0.04437,0.2014,0.2101,
2.186,0.3132,0.09932,0.0833,0.06607,0.1069,0.07669,0.009907,0.05652,0.04517,0.0429,0.2014,0.2118,
2.186,0.3096,0.09668,0.08326,0.06613,0.109,0.07556,0.01056,0.0559,0.0452,0.04293,0.2016,0.2132,
2.186,0.3125,0.09846,0.08323,0.06613,0.1089,0.07592,0.01011,0.05702,0.04502,0.04185,0.2024,0.2109,
2.185,0.3137,0.09832,0.08332,0.0657,0.1082,0.07599,0.01012,0.05707,0.04652,0.04042,0.2026,0.2118,
2.184,0.305,0.09836,0.08317,0.0659,0.1078,0.07481,0.01012,0.05709,0.04654,0.04043,0.2027,0.2131,
2.181,0.3002,0.09804,0.08354,0.06592,0.1075,0.07588,0.009086,0.05711,0.04743,0.03959,0.2028,0.2132,
2.179,0.2938,0.1002,0.0833,0.06586,0.109,0.07228,0.009062,0.05738,0.04689,0.03948,0.2053,0.2113,
2.191,0.2831,0.1019,0.0834,0.06609,0.1086,0.07278,0.008533,0.05787,0.04635,0.04728,0.1985,0.2087,
2.193,0.284,0.1037,0.0836,0.06621,0.1101,0.07312,0.008111,0.05782,0.04769,0.04585,0.1992,0.2046,
2.193,0.2741,0.1025,0.08354,0.06641,0.1106,0.07318,0.008118,0.05787,0.04824,0.04537,0.1994,0.2048,
2.191,0.2707,0.09666,0.08339,0.06679,0.1148,0.07323,0.008122,0.0579,0.04828,0.0454,0.2006,0.2049,
2.19,0.2803,0.09638,0.08328,0.06692,0.1147,0.07316,0.008114,0.05954,0.04894,0.04295,0.2014,0.2047,
2.189,0.2798,0.09576,0.08297,0.06685,0.1142,0.07286,0.008807,0.05908,0.04823,0.04277,0.2046,0.2039,
2.187,0.2857,0.0918,0.08279,0.06708,0.1181,0.07222,0.008807,0.05908,0.05136,0.03965,0.2046,0.2045,
2.187,0.2904,0.09178,0.08267,0.0674,0.1175,0.07227,0.008803,0.05912,0.05139,0.03967,0.2048,0.2047,
2.187,0.2873,0.09048,0.08271,0.06749,0.1186,0.07227,0.008803,0.05912,0.05139,0.03967,0.2048,0.2047,
2.19,0.2979,0.09041,0.08248,0.06778,0.1186,0.07227,0.0101,0.05783,0.05139,0.03967,0.2048,0.2047,
2.186,0.3093,0.08934,0.08193,0.06804,0.1188,0.07229,0.0101,0.08405,0.02572,0.04811,0.1969,0.2047,
2.184,0.3176,0.08802,0.08214,0.06833,0.1191,0.06935,0.01062,0.0836,0.02574,0.04815,0.1971,0.2079,
2.185,0.3193,0.0898,0.082,0.06844,0.1188,0.06922,0.0106,0.08344,0.02689,0.04686,0.1986,0.2053,
2.183,0.2955,0.08967,0.08208,0.0685,0.1188,0.06922,0.009957,0.08344,0.02689,0.04686,0.1986,0.2059,
2.184,0.294,0.09137,0.08202,0.06866,0.1181,0.06792,0.01029,0.08309,0.02774,0.04599,0.1996,0.2052,
2.184,0.3073,0.09135,0.08206,0.06882,0.1174,0.06797,0.01028,0.08315,0.02827,0.0455,0.1998,0.2054,
2.184,0.2939,0.09402,0.08166,0.06907,0.1173,0.06683,0.01027,0.08376,0.02756,0.04546,0.2006,0.2035,
2.183,0.2935,0.09392,0.08154,0.06929,0.1173,0.06554,0.01027,0.08376,0.02851,0.04451,0.2006,0.2048,
2.182,0.2903,0.09392,0.08141,0.06942,0.1173,0.06606,0.009759,0.08376,0.02851,0.04451,0.2006,0.2048,
2.182,0.2984,0.09334,0.08088,0.06971,0.1167,0.0662,0.00978,0.08394,0.02857,0.0446,0.201,0.2053,
2.182,0.3132,0.09315,0.08115,0.06982,0.116,0.06677,0.009789,0.08349,0.02911,0.04412,0.2012,0.2054,
2.18,0.2959,0.09269,0.08131,0.06987,0.1159,0.06639,0.009449,0.08416,0.02832,0.04408,0.202,0.2059,
2.178,0.2819,0.0916,0.08135,0.06996,0.1168,0.0651,0.009449,0.08416,0.02832,0.04408,0.202,0.2072,
2.177,0.2944,0.09137,0.08161,0.07001,0.1165,0.06383,0.009443,0.08419,0.02979,0.04262,0.2021,0.2085,
2.178,0.2755,0.09313,0.08162,0.06999,0.1166,0.06379,0.009437,0.08414,0.02977,0.0426,0.203,0.2059,
2.179,0.2802,0.09291,0.08183,0.06999,0.1166,0.06379,0.009849,0.08372,0.02977,0.0426,0.203,0.2059,
2.179,0.2793,0.09451,0.0816,0.0692,0.1152,0.06389,0.009853,0.08384,0.0298,0.04261,0.2043,0.2052,
2.179,0.2796,0.09266,0.08172,0.06934,0.1165,0.06391,0.009857,0.08387,0.03283,0.03961,0.2044,0.2053,
2.18,0.2837,0.09269,0.08159,0.06953,0.1162,0.06394,0.009861,0.08391,0.0337,0.03877,0.2045,0.2054,
2.178,0.2811,0.09249,0.08166,0.06958,0.1154,0.06434,0.009437,0.08388,0.0342,0.03823,0.2055,0.2053,
2.178,0.285,0.09236,0.08169,0.06978,0.115,0.06372,0.009441,0.08391,0.03421,0.03825,0.2055,0.2061,
2.175,0.2942,0.09221,0.08169,0.06993,0.115,0.06172,0.009441,0.08391,0.03421,0.03825,0.2055,0.208,
2.186,0.2904,0.09671,0.08186,0.06993,0.1146,0.06104,0.009434,0.08438,0.03368,0.04342,0.2013,0.2037,
2.183,0.2879,0.09639,0.08188,0.06998,0.1144,0.05899,0.009425,0.08429,0.03459,0.04243,0.2021,0.2055,
2.183,0.2814,0.09347,0.08193,0.07007,0.1172,0.05899,0.009941,0.08378,0.03459,0.04243,0.2021,0.2055,
2.182,0.2757,0.0934,0.0818,0.07027,0.1164,0.05958,0.009437,0.0843,0.03422,0.04249,0.2023,0.2058,
2.184,0.2775,0.09334,0.08179,0.07034,0.1164,0.05958,0.01047,0.08327,0.03422,0.04249,0.2023,0.2058,
2.182,0.3059,0.09415,0.08168,0.07035,0.1163,0.06107,0.008911,0.08318,0.0347,0.04193,0.2031,0.2046,
2.208,0.3479,0.09385,0.08151,0.07069,0.1154,0.06052,0.06484,0.02815,0.03544,0.04053,0.2035,0.2056,
2.207,0.3427,0.09493,0.08152,0.07067,0.1152,0.05917,0.06477,0.02881,0.03472,0.04049,0.2043,0.2054,
2.207,0.3303,0.09468,0.08133,0.0709,0.1153,0.06032,0.06393,0.02848,0.03472,0.04049,0.2044,0.2055,
2.206,0.3401,0.09456,0.0813,0.07101,0.1144,0.06031,0.06392,0.02848,0.041,0.03419,0.2054,0.2054,
2.206,0.4079,0.0943,0.08145,0.07121,0.1141,0.06033,0.06395,0.02849,0.04102,0.0342,0.2055,0.2055,
2.209,0.3062,0.09362,0.08122,0.07155,0.114,0.0603,0.06391,0.02847,0.04194,0.03536,0.2042,0.2054,
2.207,0.3008,0.09208,0.08102,0.07018,0.1151,0.06077,0.06355,0.0285,0.04198,0.03539,0.2044,0.2071,
2.206,0.3026,0.09208,0.08086,0.07035,0.1151,0.06077,0.06407,0.02798,0.04336,0.03401,0.2044,0.2071,
2.206,0.3057,0.09204,0.08081,0.07044,0.1151,0.06077,0.06407,0.02798,0.04336,0.03401,0.2044,0.2071,
2.207,0.3802,0.09436,0.08066,0.06996,0.1146,0.06073,0.06403,0.02796,0.04334,0.03399,0.2053,0.2051,
2.217,0.3214,0.09323,0.08064,0.06988,0.1148,0.06063,0.06393,0.02875,0.04687,0.03631,0.2002,0.2048,
2.217,0.318,0.09316,0.08067,0.06992,0.1148,0.06063,0.06453,0.02897,0.0469,0.03545,0.2002,0.2048,
2.216,0.3247,0.09269,0.0811,0.06999,0.1144,0.06068,0.06459,0.02899,0.04881,0.03342,0.2004,0.205,
2.215,0.3108,0.09111,0.0811,0.06999,0.116,0.06068,0.06511,0.02848,0.04881,0.03342,0.2004,0.205,
2.211,0.3146,0.09061,0.08115,0.0702,0.1157,0.05838,0.06505,0.02836,0.04979,0.03249,0.2005,0.2077,
2.214,0.3528,0.09398,0.08089,0.07038,0.1156,0.05832,0.06499,0.02902,0.04999,0.03151,0.2013,0.204,
2.211,0.3259,0.09258,0.08142,0.07049,0.1153,0.05669,0.06509,0.02906,0.05094,0.0307,0.2017,0.2061,
2.21,0.3294,0.09258,0.08121,0.07069,0.1153,0.05604,0.06509,0.02982,0.05018,0.0307,0.2017,0.2067,
2.209,0.3244,0.09246,0.08111,0.07091,0.1153,0.05475,0.06509,0.02982,0.05018,0.0307,0.2017,0.208,
2.208,0.3487,0.09246,0.08092,0.0711,0.1153,0.05475,0.06509,0.02982,0.05104,0.02983,0.2017,0.208,
2.211,0.3479,0.09629,0.081,0.07113,0.1152,0.05469,0.06503,0.03021,0.05195,0.02843,0.2025,0.2036,
2.209,0.3363,0.09579,0.08096,0.07128,0.1144,0.05406,0.06503,0.03088,0.05126,0.02843,0.2036,0.2043,
2.208,0.3363,0.09573,0.08077,0.07158,0.1132,0.05342,0.06546,0.03046,0.05127,0.02843,0.2046,0.205,
2.207,0.3355,0.09507,0.08029,0.07182,0.1129,0.05347,0.06552,0.03049,0.05131,0.02845,0.2048,0.2058,
2.205,0.3384,0.09495,0.08034,0.07201,0.1123,0.05286,0.06619,0.0299,0.05222,0.02761,0.205,0.2067,
2.204,0.3455,0.09464,0.08012,0.07254,0.1123,0.0523,0.06567,0.0299,0.05222,0.02761,0.205,0.2077,
2.206,0.3438,0.09879,0.08014,0.07261,0.1122,0.0516,0.06615,0.03001,0.05147,0.02758,0.2058,0.2037,
2.206,0.339,0.09746,0.08039,0.07271,0.1131,0.0528,0.06496,0.03076,0.05072,0.02758,0.2058,0.2037,
2.206,0.3541,0.09674,0.08032,0.07286,0.1131,0.05332,0.06532,0.0303,0.05031,0.02758,0.2058,0.2043,
2.214,0.3524,0.09614,0.08053,0.07304,0.1115,0.05295,0.06583,0.03095,0.04906,0.03272,0.202,0.2053,
2.211,0.3454,0.09197,0.08079,0.07328,0.1144,0.05139,0.06591,0.03097,0.04912,0.03275,0.2023,0.2072,
2.211,0.343,0.09252,0.08086,0.07342,0.1136,0.05137,0.06589,0.03172,0.04834,0.03274,0.2033,0.2063,
2.212,0.3476,0.09229,0.08052,0.07367,0.1136,0.05139,0.06592,0.03242,0.04767,0.03275,0.2034,0.2064,
2.21,0.3626,0.08957,0.08058,0.07365,0.1159,0.05134,0.06586,0.03239,0.04869,0.03166,0.2042,0.2062,
2.209,0.369,0.08943,0.08055,0.07382,0.1159,0.05134,0.06713,0.03111,0.04869,0.03166,0.2042,0.2062,
2.208,0.3722,0.08909,0.08071,0.07407,0.1147,0.05135,0.06748,0.03079,0.0487,0.03166,0.2053,0.2062,
2.209,0.359,0.09185,0.08043,0.07308,0.1155,0.0513,0.06741,0.03076,0.04865,0.03163,0.2061,0.2034,
2.202,0.3642,0.09175,0.08064,0.07299,0.1147,0.05185,0.06748,0.05783,0.02112,0.03165,0.2063,0.2036,
2.202,0.3642,0.09157,0.08083,0.07306,0.1144,0.05186,0.06751,0.05861,0.02153,0.03048,0.2064,0.2037,
2.219,0.353,0.09099,0.08063,0.07326,0.1144,0.05183,0.06747,0.05857,0.02152,0.04071,0.1971,0.2036,
2.218,0.3556,0.0907,0.08082,0.07336,0.1144,0.05183,0.07249,0.05356,0.02152,0.04071,0.1971,0.2036,
2.22,0.3602,0.09059,0.08081,0.07348,0.1144,0.05183,0.07249,0.05356,0.02517,0.03706,0.1971,0.2036,
2.218,0.3632,0.09039,0.08108,0.0735,0.114,0.05022,0.07252,0.05358,0.0257,0.03655,0.1972,0.2053,
2.216,0.3615,0.09034,0.08113,0.0735,0.114,0.0487,0.07359,0.0525,0.02731,0.03495,0.1972,0.2068,
2.215,0.3561,0.0922,0.0807,0.07376,0.1133,0.04798,0.07281,0.05297,0.0269,0.03481,0.1984,0.2062,
2.214,0.3607,0.0907,0.08079,0.0739,0.1146,0.04798,0.07336,0.05242,0.0269,0.03481,0.1984,0.2062,
2.214,0.3611,0.09037,0.08086,0.07391,0.1143,0.04794,0.07331,0.05238,0.02687,0.03478,0.1993,0.206,
2.213,0.3661,0.09025,0.08086,0.07403,0.1143,0.04794,0.07383,0.05186,0.02687,0.03478,0.1993,0.206,
2.211,0.3535,0.0879,0.08083,0.07401,0.1141,0.04825,0.07327,0.05175,0.02682,0.03471,0.2009,0.2075,
2.211,0.3545,0.08717,0.08099,0.07414,0.1142,0.04827,0.0733,0.05177,0.02683,0.03472,0.2009,0.2076,
2.211,0.3567,0.08715,0.08091,0.07431,0.1139,0.04877,0.07397,0.05066,0.02684,0.03473,0.201,0.2077,
2.213,0.3553,0.09091,0.081,0.07451,0.1135,0.04874,0.07392,0.05063,0.02682,0.03471,0.2019,0.2034,
2.214,0.3613,0.09066,0.08112,0.07463,0.1135,0.0496,0.07306,0.05063,0.0282,0.03332,0.2019,0.2034,
2.214,0.3775,0.09017,0.08102,0.07496,0.1122,0.05012,0.07261,0.05065,0.02822,0.03334,0.2032,0.2036,
2.212,0.4013,0.08828,0.08089,0.07498,0.1129,0.05035,0.07269,0.05007,0.02818,0.0333,0.205,0.2034,
2.212,0.3396,0.0879,0.08119,0.07506,0.1129,0.05061,0.07295,0.04996,0.02871,0.03235,0.205,0.2034,
2.208,0.3586,0.08758,0.08121,0.07522,0.1123,0.04872,0.07431,0.04945,0.02805,0.03239,0.2052,0.2056,
2.207,0.336,0.08749,0.08105,0.07531,0.1118,0.04869,0.07427,0.04941,0.02802,0.03237,0.2061,0.2055,
2.206,0.3339,0.08727,0.08115,0.07543,0.1118,0.04802,0.07437,0.04889,0.02802,0.03237,0.2061,0.2065,
2.218,0.3358,0.08832,0.08143,0.0754,0.1117,0.04797,0.07516,0.04798,0.03036,0.03636,0.2006,0.2048,
2.212,0.3424,0.08841,0.08106,0.07555,0.111,0.04552,0.07646,0.04682,0.03085,0.03519,0.2008,0.2083,
2.211,0.337,0.08841,0.08094,0.07567,0.111,0.04552,0.07701,0.04712,0.03,0.03519,0.2008,0.2083,
2.214,0.3307,0.09286,0.08039,0.07574,0.1105,0.04597,0.0764,0.04758,0.02943,0.03515,0.2026,0.2034,
2.212,0.3364,0.09245,0.08038,0.07595,0.1101,0.04542,0.07666,0.04649,0.02946,0.03518,0.2028,0.2051,
2.208,0.3384,0.09236,0.08045,0.07608,0.1098,0.04376,0.07865,0.04429,0.02947,0.03519,0.2029,0.2071,
2.212,0.3424,0.09231,0.08057,0.0763,0.1087,0.06518,0.05738,0.04434,0.0295,0.03524,0.2031,0.2074,
2.212,0.3618,0.09218,0.08077,0.07634,0.1083,0.06755,0.05506,0.04523,0.02865,0.03525,0.2032,0.2075,
2.21,0.3382,0.09206,0.0808,0.07643,0.1083,0.06582,0.05506,0.04523,0.02865,0.03525,0.2032,0.2092,
2.191,0.3575,0.09177,0.08071,0.0766,0.1079,0.06671,0.07908,0.02046,0.02867,0.03528,0.2034,0.2094,
2.192,0.3621,0.09115,0.08082,0.07668,0.1072,0.06682,0.07922,0.02126,0.02848,0.03482,0.2037,0.2098,
2.192,0.3684,0.09006,0.08093,0.07676,0.1081,0.06735,0.0787,0.02178,0.032,0.03079,0.2037,0.2098,
2.187,0.3865,0.08904,0.08083,0.07686,0.1092,0.063,0.0787,0.02247,0.03278,0.02931,0.2037,0.2141,
2.187,0.3704,0.08877,0.0811,0.07694,0.1088,0.06389,0.07786,0.02248,0.03279,0.02932,0.2038,0.2142,
2.187,0.3746,0.08848,0.08132,0.07701,0.1088,0.06389,0.07786,0.02248,0.03279,0.02932,0.2038,0.2142,
2.187,0.3807,0.09044,0.08125,0.07703,0.1087,0.06476,0.07684,0.02246,0.03717,0.02487,0.2046,0.2118,
2.191,0.4093,0.09267,0.08113,0.0771,0.1092,0.0647,0.07677,0.02981,0.02975,0.02485,0.2055,0.2086,
2.191,0.3967,0.09244,0.08124,0.07721,0.1092,0.06522,0.07624,0.02981,0.03028,0.02433,0.2055,0.2086,
2.19,0.4049,0.09089,0.08093,0.07733,0.1103,0.06462,0.07631,0.02983,0.0303,0.02435,0.2056,0.2095,
2.189,0.4039,0.09024,0.08048,0.07791,0.1106,0.06409,0.07582,0.02985,0.03031,0.02436,0.2057,0.2106,
2.188,0.4117,0.09018,0.0803,0.07826,0.1102,0.06438,0.07626,0.02919,0.03033,0.02437,0.2058,0.2107,
2.187,0.4047,0.08896,0.08027,0.0784,0.1113,0.06373,0.07626,0.02919,0.03181,0.02289,0.2058,0.2114,
2.186,0.4062,0.08868,0.08045,0.0785,0.1113,0.06373,0.07626,0.02996,0.03208,0.02185,0.2058,0.2114,
2.189,0.4102,0.09252,0.08075,0.07848,0.1112,0.06366,0.07618,0.02993,0.03257,0.02131,0.2066,0.2068,
2.191,0.4052,0.09216,0.08072,0.07844,0.1106,0.06339,0.07556,0.02987,0.0334,0.02228,0.2065,0.2071,
2.189,0.4003,0.09192,0.08071,0.07858,0.1107,0.06163,0.07556,0.02985,0.03337,0.02224,0.2065,0.2089,
2.189,0.4057,0.09124,0.08098,0.07877,0.1103,0.06168,0.07562,0.02988,0.0334,0.02226,0.2067,0.2091,
2.189,0.4,0.09124,0.08078,0.07898,0.1103,0.06168,0.07562,0.02988,0.0334,0.02226,0.2067,0.2091,
2.188,0.4002,0.09116,0.08075,0.07919,0.1099,0.06171,0.07565,0.02989,0.03472,0.02097,0.2068,0.2092,
2.192,0.3939,0.09415,0.08081,0.07938,0.1084,0.06175,0.07571,0.03033,0.03553,0.02068,0.2071,0.2062,
2.191,0.4046,0.09425,0.08082,0.07955,0.1073,0.06182,0.07636,0.0298,0.03557,0.02071,0.2073,0.2064,
2.191,0.4,0.09412,0.08098,0.07963,0.1069,0.06229,0.07637,0.0294,0.03559,0.02071,0.2074,0.2065,
2.194,0.4037,0.09378,0.0806,0.07982,0.1067,0.06216,0.07621,0.02934,0.03551,0.02256,0.2072,0.2061,
2.191,0.39,0.09337,0.08068,0.07867,0.1064,0.06221,0.07757,0.02806,0.0364,0.0217,0.2074,0.2075,
2.197,0.3916,0.09272,0.08072,0.07856,0.1058,0.06007,0.07748,0.02803,0.03636,0.02656,0.2043,0.2094,
2.197,0.3444,0.09254,0.08054,0.07859,0.1059,0.06009,0.07751,0.02804,0.03638,0.02658,0.2044,0.2095,
2.196,0.3609,0.09237,0.08043,0.07865,0.1056,0.06014,0.0781,0.02806,0.03727,0.0252,0.2046,0.2096,
2.194,0.3564,0.09226,0.0805,0.07869,0.1056,0.06041,0.07905,0.03917,0.02494,0.0252,0.2046,0.2096,
2.194,0.3554,0.09289,0.08062,0.07816,0.1049,0.06039,0.07904,0.03916,0.02491,0.02515,0.2055,0.2093,
2.194,0.3564,0.09268,0.0806,0.07838,0.1049,0.06039,0.07904,0.03916,0.02491,0.02515,0.2055,0.2093,
2.194,0.3572,0.0925,0.08071,0.07845,0.1049,0.06039,0.07904,0.03916,0.02491,0.02515,0.2055,0.2093,
2.193,0.364,0.09205,0.08116,0.07845,0.1049,0.06039,0.07965,0.03855,0.02491,0.02515,0.2055,0.2093,
2.2,0.3597,0.09437,0.08101,0.07821,0.1045,0.0589,0.07941,0.03843,0.02484,0.02887,0.2042,0.2072,
2.199,0.3553,0.09421,0.08092,0.07832,0.1046,0.05915,0.07914,0.03842,0.02481,0.02884,0.2043,0.2073,
2.199,0.3759,0.0929,0.08003,0.0786,0.1059,0.0592,0.07921,0.03846,0.02484,0.02886,0.2045,0.2075,
2.199,0.3677,0.09267,0.07996,0.07858,0.106,0.05967,0.0788,0.03889,0.02443,0.02888,0.2045,0.2076,
2.197,0.3815,0.09254,0.08013,0.07869,0.1053,0.05822,0.07947,0.03831,0.02496,0.02838,0.2047,0.2093,
2.198,0.3747,0.09425,0.08015,0.07881,0.1052,0.0585,0.07906,0.03827,0.02494,0.02835,0.2055,0.2069,
2.2,0.3739,0.09375,0.07968,0.07915,0.1042,0.05845,0.079,0.03824,0.02492,0.03019,0.2056,0.2068,
2.199,0.377,0.09339,0.07982,0.07936,0.1042,0.0578,0.079,0.03824,0.02492,0.03019,0.2056,0.2074,
2.199,0.3773,0.09337,0.0795,0.07984,0.1036,0.05785,0.07907,0.03827,0.02493,0.03021,0.2058,0.2076,
2.2,0.3711,0.09533,0.07934,0.07996,0.1035,0.05823,0.07887,0.0379,0.02491,0.03018,0.2066,0.2052,
2.2,0.374,0.09512,0.07957,0.08004,0.1031,0.05878,0.07839,0.03792,0.02544,0.02967,0.2067,0.2053,
2.208,0.3704,0.09485,0.07951,0.08011,0.103,0.0592,0.07834,0.03736,0.02541,0.03389,0.2032,0.2051,
2.207,0.3726,0.09468,0.07944,0.08044,0.1026,0.05857,0.07837,0.03737,0.02542,0.0339,0.2033,0.2058,
2.206,0.3775,0.09428,0.07949,0.08046,0.1027,0.0586,0.07841,0.03822,0.02459,0.03392,0.2034,0.2059,
2.206,0.3811,0.09405,0.07945,0.08048,0.1026,0.05854,0.07833,0.03818,0.02457,0.03388,0.2042,0.2057,
2.203,0.3902,0.09367,0.07939,0.0806,0.1016,0.05846,0.07823,0.04122,0.02144,0.03384,0.206,0.2055,
2.176,0.3966,0.09341,0.07937,0.08088,0.1016,0.05697,0.1004,0.01905,0.02144,0.03384,0.206,0.207,
2.175,0.3934,0.09312,0.07953,0.07993,0.1016,0.05697,0.1004,0.01974,0.02074,0.03384,0.206,0.208,
2.181,0.3899,0.09279,0.07977,0.08002,0.1016,0.0762,0.08119,0.01974,0.02074,0.03384,0.206,0.208,
2.179,0.3895,0.09242,0.08011,0.08014,0.1013,0.07492,0.08178,0.01919,0.02074,0.03385,0.2061,0.2094,
2.189,0.3865,0.09612,0.07935,0.08009,0.101,0.07473,0.08156,0.02123,0.0186,0.039,0.2034,0.2049,
2.189,0.3918,0.09591,0.07959,0.08017,0.1007,0.07476,0.0816,0.02123,0.01861,0.03902,0.2035,0.205,
2.188,0.389,0.09576,0.07962,0.0803,0.1007,0.07303,0.0816,0.02123,0.01913,0.0385,0.2035,0.2067,
2.188,0.3896,0.09567,0.07959,0.08045,0.1003,0.07306,0.08163,0.02176,0.01862,0.03852,0.2036,0.2068,
2.185,0.3913,0.09407,0.07953,0.07888,0.1016,0.07114,0.08167,0.02177,0.02012,0.03703,0.2036,0.2105,
2.181,0.412,0.09255,0.07927,0.07896,0.103,0.09108,0.06071,0.02178,0.02013,0.03704,0.2037,0.2117,
2.174,0.3926,0.09417,0.07905,0.0787,0.103,0.1036,0.04812,0.02176,0.02012,0.03702,0.2046,0.2099,
2.172,0.3913,0.09401,0.07919,0.07881,0.1026,0.1006,0.04814,0.02177,0.02012,0.03703,0.2047,0.213,
2.169,0.3928,0.09372,0.07962,0.07888,0.1019,0.103,0.04524,0.02179,0.02013,0.03707,0.2049,0.2138,
2.169,0.3969,0.09372,0.07949,0.07902,0.1019,0.1028,0.04475,0.02179,0.02197,0.03523,0.2049,0.2145,
2.169,0.4009,0.09353,0.07936,0.07907,0.1018,0.1029,0.04477,0.0218,0.02198,0.03525,0.205,0.2146,
2.172,0.396,0.09806,0.07893,0.07938,0.1018,0.1028,0.04516,0.02137,0.02197,0.03523,0.2059,0.2094,
2.171,0.3909,0.09658,0.07899,0.0795,0.1023,0.1028,0.04469,0.02139,0.02199,0.03527,0.2062,0.2104,
2.151,0.3127,0.1029,0.0788,0.07948,0.1021,0.1268,0.0205,0.02136,0.02299,0.03788,0.2042,0.2031,
2.149,0.3161,0.1016,0.07875,0.07971,0.1024,0.1264,0.02001,0.02138,0.02302,0.03793,0.2044,0.2044,
2.125,0.329,0.1015,0.07859,0.07998,0.1012,0.137,0.009435,0.02139,0.02303,0.03794,0.2055,0.2045,
2.125,0.3202,0.1012,0.07864,0.07996,0.1008,0.1358,0.0101,0.02071,0.023,0.03788,0.2064,0.2055,
2.127,0.3292,0.101,0.07855,0.08011,0.1004,0.1357,0.01009,0.02069,0.02298,0.03948,0.2057,0.2053,
2.125,0.3258,0.1009,0.07843,0.07999,0.09922,0.1334,0.0101,0.02071,0.02299,0.03951,0.2069,0.2079,
2.129,0.3321,0.1041,0.0782,0.07988,0.09856,0.1318,0.02228,0.008438,0.02293,0.04311,0.2057,0.2051,
2.131,0.3339,0.1041,0.07814,0.07995,0.09856,0.1318,0.02228,0.009406,0.02248,0.04259,0.2057,0.2051,
2.131,0.3357,0.104,0.07808,0.08004,0.09856,0.1318,0.02228,0.009406,0.02369,0.04138,0.2057,0.2051,
2.131,0.335,0.104,0.07789,0.08029,0.09856,0.1311,0.02228,0.009406,0.02369,0.04138,0.2057,0.2057,
2.129,0.3387,0.1034,0.07797,0.08052,0.09826,0.1263,0.0223,0.009409,0.0237,0.04141,0.2059,0.2109,
2.129,0.3751,0.1033,0.07806,0.08061,0.09797,0.1257,0.02283,0.008894,0.02552,0.03957,0.2059,0.2116,
2.128,0.3444,0.1018,0.07814,0.08061,0.09944,0.1262,0.02235,0.008894,0.02552,0.03957,0.2059,0.2116,
2.119,0.3532,0.09801,0.07832,0.08068,0.1029,0.1289,0.01767,0.009309,0.0251,0.03957,0.2059,0.2135,
2.126,0.3577,0.09929,0.07789,0.08085,0.1022,0.1289,0.01709,0.009831,0.02546,0.0436,0.2022,0.2127,
2.125,0.3566,0.09838,0.07795,0.08104,0.1029,0.1269,0.01709,0.009831,0.02546,0.0436,0.2022,0.2147,
2.128,0.3661,0.1041,0.07795,0.08094,0.102,0.1248,0.01762,0.009258,0.02794,0.04102,0.2039,0.2104,
2.125,0.3513,0.1047,0.07778,0.07976,0.1016,0.1212,0.01762,0.009254,0.02793,0.04101,0.2049,0.2142,
2.124,0.3477,0.1067,0.07759,0.07978,0.1015,0.121,0.01705,0.009245,0.0279,0.04097,0.2057,0.2126,
2.144,0.3445,0.112,0.07748,0.07988,0.1014,0.1174,0.01946,0.00722,0.02746,0.05457,0.1929,0.2102,
2.144,0.3451,0.1127,0.07723,0.08001,0.102,0.1174,0.01945,0.007216,0.02744,0.05454,0.1938,0.2083,
2.145,0.3483,0.1121,0.07769,0.08013,0.102,0.1167,0.01945,0.008078,0.02658,0.05454,0.1938,0.2089,
2.143,0.3556,0.1112,0.07763,0.0802,0.1029,0.1126,0.01945,0.008078,0.02658,0.05454,0.1938,0.213,
2.146,0.3512,0.1111,0.07782,0.08022,0.1026,0.1127,0.01946,0.008595,0.02949,0.05114,0.1939,0.2131,
2.145,0.357,0.1109,0.07802,0.08026,0.1026,0.1114,0.01946,0.008595,0.03036,0.05027,0.1939,0.2144,
