entropy,entropyInd,RabA,RabB,RabC,RabD,RabE,RabF,RabG,RabH,RabI,xER,xPM,
2.178,0.3355,0.106,0.0907,0.0685,0.1252,0.05449,0.03938,0.03062,0.03407,0.03502,0.2066,0.2094,
2.177,0.3356,0.1084,0.09037,0.06842,0.1244,0.05301,0.03939,0.03062,0.03407,0.03502,0.2077,0.2086,
2.177,0.334,0.1083,0.0904,0.06836,0.1242,0.05303,0.0394,0.03063,0.03408,0.03504,0.2078,0.2087,
2.174,0.3594,0.1069,0.0904,0.06654,0.1242,0.05303,0.0394,0.03063,0.03408,0.03504,0.2078,0.212,
2.174,0.3484,0.109,0.09034,0.06649,0.1237,0.05299,0.03938,0.03061,0.03406,0.03501,0.2087,0.2096,
2.173,0.3578,0.1091,0.09038,0.06651,0.1234,0.05191,0.03939,0.03062,0.03407,0.03502,0.2088,0.2108,
2.171,0.3466,0.1112,0.09029,0.06644,0.1232,0.05078,0.03909,0.03043,0.03403,0.03498,0.2097,0.2099,
2.17,0.3466,0.111,0.09014,0.06647,0.1233,0.05014,0.03911,0.03044,0.03405,0.035,0.2098,0.2106,
2.18,0.3479,0.1116,0.09008,0.06634,0.123,0.04836,0.03908,0.03042,0.03403,0.0423,0.2034,0.2115,
2.18,0.3486,0.1149,0.08961,0.06615,0.1226,0.04823,0.03898,0.03034,0.03394,0.04219,0.2059,0.2072,
2.177,0.3467,0.1149,0.08965,0.06618,0.1223,0.04636,0.03869,0.03035,0.03395,0.0422,0.206,0.2094,
2.176,0.346,0.115,0.08969,0.06491,0.1219,0.04638,0.0387,0.03036,0.03396,0.04221,0.2061,0.2108,
2.174,0.3465,0.115,0.08969,0.06491,0.1219,0.04529,0.0387,0.03036,0.03396,0.04221,0.2061,0.2119,
2.17,0.341,0.1135,0.08969,0.06491,0.1219,0.04331,0.0387,0.03036,0.03396,0.04221,0.2061,0.2154,
2.169,0.3378,0.1135,0.08969,0.06491,0.1219,0.04266,0.0387,0.03036,0.03396,0.04221,0.2061,0.2161,
2.169,0.3329,0.1143,0.08964,0.06488,0.1211,0.04265,0.03869,0.03035,0.03395,0.0422,0.2071,0.2151,
2.169,0.3339,0.1144,0.08968,0.0649,0.1208,0.04267,0.03871,0.03036,0.03397,0.04222,0.2072,0.2152,
2.169,0.3317,0.1173,0.08952,0.0648,0.1201,0.0426,0.03865,0.03031,0.03391,0.04215,0.2089,0.2117,
2.177,0.3322,0.1183,0.08943,0.06473,0.12,0.0419,0.03861,0.03028,0.03388,0.04788,0.2039,0.211,
2.178,0.3282,0.1206,0.08948,0.06476,0.1184,0.04191,0.03863,0.03029,0.03389,0.0479,0.2051,0.2089,
2.178,0.356,0.1207,0.08951,0.06478,0.1181,0.04193,0.03864,0.0303,0.0339,0.04792,0.2052,0.209,
2.178,0.3341,0.1207,0.08933,0.06472,0.1178,0.04196,0.03867,0.03032,0.03393,0.04796,0.2054,0.2092,
2.18,0.3233,0.1254,0.08923,0.06465,0.1177,0.04192,0.03863,0.03029,0.0339,0.04791,0.2062,0.2042,
2.179,0.3243,0.1246,0.08926,0.06467,0.1175,0.04194,0.03865,0.0303,0.03391,0.04792,0.2063,0.205,
2.179,0.3261,0.1247,0.0893,0.0647,0.1171,0.04195,0.03866,0.03031,0.03392,0.04794,0.2064,0.2051,
2.179,0.3253,0.1247,0.0893,0.0647,0.1171,0.04195,0.03866,0.03031,0.03392,0.04794,0.2064,0.2051,
2.179,0.3299,0.1247,0.08933,0.06471,0.1168,0.04196,0.03867,0.03032,0.03393,0.04795,0.2065,0.2052,
2.178,0.3312,0.1244,0.08944,0.06479,0.1161,0.04092,0.03873,0.03036,0.03397,0.04801,0.2067,0.2065,
2.176,0.3316,0.1243,0.08935,0.06473,0.116,0.04022,0.03869,0.03033,0.03394,0.04796,0.2076,0.207,
2.175,0.3317,0.1244,0.08907,0.06471,0.1157,0.03958,0.03872,0.03035,0.03396,0.048,0.2077,0.2078,
2.174,0.3367,0.1233,0.08914,0.06475,0.115,0.03961,0.03875,0.03037,0.03399,0.04803,0.2079,0.2092,
2.173,0.3488,0.1232,0.08922,0.06476,0.1137,0.03962,0.0396,0.02995,0.03357,0.04804,0.209,0.2092,
2.173,0.3351,0.1232,0.08927,0.06476,0.1137,0.03962,0.0396,0.02995,0.03357,0.04804,0.209,0.2092,
2.174,0.3385,0.1225,0.08957,0.06483,0.1138,0.03964,0.03962,0.02997,0.0372,0.04446,0.2091,0.2093,
2.18,0.3723,0.1222,0.08921,0.06493,0.113,0.03958,0.03957,0.03045,0.0375,0.04807,0.2064,0.2091,
2.18,0.3257,0.1214,0.08948,0.0651,0.1128,0.04014,0.03907,0.03048,0.03753,0.04811,0.2066,0.2093,
2.162,0.339,0.1202,0.08968,0.06517,0.1131,0.06501,0.01416,0.03046,0.03751,0.04808,0.2075,0.2091,
2.162,0.3278,0.1201,0.08965,0.06513,0.1127,0.06497,0.01415,0.03044,0.03875,0.04677,0.2084,0.209,
2.161,0.3241,0.12,0.08952,0.06526,0.1118,0.06386,0.0148,0.02977,0.03874,0.04676,0.2094,0.2101,
2.161,0.3161,0.1186,0.08962,0.06549,0.1123,0.06391,0.01481,0.0298,0.0393,0.04627,0.2096,0.2103,
2.161,0.3179,0.1167,0.08973,0.06565,0.1138,0.06394,0.01482,0.03033,0.03879,0.04629,0.2097,0.2104,
2.161,0.3383,0.1166,0.09006,0.06585,0.1122,0.06405,0.01484,0.03127,0.03798,0.04637,0.21,0.2107,
2.162,0.3438,0.1162,0.09028,0.06584,0.1119,0.06411,0.01486,0.03129,0.04274,0.04168,0.2102,0.2109,
2.171,0.338,0.1192,0.09003,0.06603,0.1119,0.06408,0.01485,0.0317,0.0423,0.04649,0.2064,0.207,
2.17,0.3784,0.1188,0.08996,0.06628,0.1107,0.06413,0.01486,0.03172,0.04233,0.04652,0.2076,0.2072,
2.169,0.3637,0.1181,0.08996,0.06633,0.1105,0.064,0.01483,0.03166,0.04225,0.04642,0.2092,0.2067,
2.17,0.3082,0.1177,0.08993,0.06628,0.1102,0.06408,0.01538,0.03117,0.0423,0.04649,0.2095,0.207,
2.168,0.3235,0.1175,0.08981,0.0663,0.1102,0.06257,0.01538,0.03118,0.04232,0.04651,0.2096,0.2086,
2.18,0.3156,0.1169,0.09013,0.06654,0.109,0.06257,0.01538,0.03118,0.04285,0.05536,0.2013,0.2087,
2.18,0.3281,0.117,0.09011,0.0667,0.1083,0.06308,0.01494,0.03121,0.04289,0.05541,0.2015,0.2089,
2.178,0.3285,0.1168,0.09028,0.06607,0.1083,0.06287,0.01449,0.03121,0.04289,0.05541,0.2015,0.2102,
2.175,0.3488,0.1167,0.09032,0.06618,0.1083,0.06022,0.01449,0.03121,0.04377,0.05452,0.2015,0.2128,
2.175,0.3451,0.1168,0.09024,0.06637,0.1075,0.06027,0.0145,0.03123,0.0438,0.05456,0.2017,0.213,
2.175,0.3379,0.1168,0.09008,0.06654,0.1075,0.06027,0.0145,0.03123,0.04433,0.05403,0.2017,0.213,
2.177,0.3345,0.1206,0.09014,0.06657,0.1075,0.05957,0.01449,0.03121,0.05041,0.0479,0.2026,0.209,
2.175,0.3396,0.1207,0.09002,0.06676,0.1071,0.05805,0.0145,0.03123,0.05043,0.04792,0.2027,0.2107,
2.174,0.3378,0.1207,0.09009,0.06702,0.1059,0.05746,0.01505,0.03073,0.0505,0.04798,0.2029,0.2116,
2.171,0.3813,0.1206,0.09054,0.06724,0.1041,0.05535,0.01507,0.03079,0.0506,0.04802,0.2034,0.2143,
2.172,0.322,0.1231,0.09014,0.06756,0.1036,0.05525,0.01558,0.03021,0.05052,0.04788,0.2051,0.211,
2.168,0.323,0.123,0.0902,0.06617,0.1032,0.05306,0.01647,0.02933,0.05054,0.0479,0.2052,0.2149,
2.166,0.3478,0.1227,0.09032,0.0652,0.1032,0.05306,0.01647,0.02933,0.05177,0.04666,0.2052,0.216,
2.166,0.3415,0.1228,0.09035,0.06523,0.1029,0.05309,0.01647,0.02934,0.05179,0.04668,0.2053,0.2161,
2.164,0.3336,0.1267,0.09002,0.06442,0.1024,0.05482,0.01469,0.02932,0.05491,0.04351,0.2062,0.213,
2.165,0.3308,0.1264,0.09009,0.06454,0.1017,0.05489,0.01471,0.03047,0.05387,0.04356,0.2065,0.2133,
2.162,0.336,0.1241,0.09084,0.06463,0.1029,0.0527,0.01471,0.03048,0.05389,0.04358,0.2065,0.2156,
2.163,0.3398,0.1275,0.09067,0.06458,0.1034,0.05264,0.01469,0.03098,0.05769,0.03913,0.2084,0.2103,
2.162,0.3431,0.1273,0.09078,0.06473,0.1034,0.05264,0.01469,0.03098,0.05919,0.03763,0.2084,0.2103,
2.161,0.3456,0.127,0.09073,0.06489,0.1029,0.05261,0.01468,0.03095,0.06028,0.03647,0.2093,0.2102,
2.17,0.3317,0.1255,0.09068,0.06482,0.1034,0.05252,0.01465,0.0309,0.06071,0.04202,0.2049,0.2099,
2.168,0.3199,0.1252,0.09091,0.06487,0.1034,0.05252,0.03336,0.01219,0.06184,0.04089,0.2049,0.2099,
2.163,0.3168,0.1246,0.09056,0.06501,0.1033,0.05133,0.03331,0.01217,0.06472,0.03785,0.2066,0.2106,
2.164,0.3235,0.1222,0.09046,0.06514,0.1056,0.05186,0.03278,0.01217,0.06472,0.03785,0.2066,0.2106,
2.162,0.328,0.1244,0.09065,0.06515,0.1051,0.05073,0.03276,0.01216,0.06565,0.03686,0.2075,0.209,
2.162,0.3209,0.1239,0.09066,0.06541,0.105,0.05068,0.03273,0.01215,0.06558,0.03682,0.2083,0.2088,
2.16,0.3211,0.1231,0.09037,0.06555,0.1051,0.05074,0.03311,0.01183,0.06778,0.03476,0.2086,0.2091,
2.16,0.3261,0.122,0.09035,0.0658,0.1057,0.0501,0.03312,0.01183,0.06781,0.03477,0.2087,0.2098,
2.158,0.3189,0.1219,0.09006,0.066,0.1052,0.05007,0.03363,0.0113,0.0683,0.03422,0.2096,0.2097,
2.178,0.317,0.1194,0.09005,0.06599,0.1073,0.05002,0.0336,0.01128,0.06875,0.04618,0.1979,0.2095,
2.177,0.3258,0.1173,0.09009,0.06611,0.1086,0.05052,0.03304,0.01127,0.06985,0.04501,0.1988,0.2094,
2.177,0.3309,0.1165,0.09014,0.0662,0.1086,0.05052,0.03304,0.01127,0.06985,0.04501,0.1988,0.21,
2.175,0.3334,0.1149,0.09018,0.06638,0.1082,0.05096,0.03264,0.01127,0.07191,0.043,0.1989,0.2116,
2.173,0.342,0.1148,0.09013,0.06668,0.1078,0.04988,0.03265,0.01127,0.07194,0.04301,0.199,0.2128,
2.173,0.3415,0.1146,0.08972,0.0669,0.1079,0.04991,0.03319,0.01075,0.07197,0.04303,0.1991,0.2129,
2.171,0.3542,0.1145,0.08972,0.06706,0.1079,0.04925,0.03275,0.01075,0.07197,0.04303,0.1991,0.214,
2.171,0.347,0.1144,0.08965,0.06718,0.1071,0.04931,0.03279,0.01076,0.07206,0.04309,0.1993,0.2143,
2.169,0.345,0.1143,0.08946,0.06736,0.1067,0.04935,0.03282,0.01077,0.07522,0.04003,0.1995,0.2145,
2.169,0.3433,0.1142,0.08928,0.0676,0.1067,0.04935,0.03282,0.01077,0.07522,0.04003,0.1995,0.2145,
2.166,0.3485,0.1141,0.08923,0.06779,0.1067,0.04825,0.03282,0.01077,0.07742,0.03782,0.1995,0.2156,
2.165,0.3713,0.1201,0.08873,0.06784,0.1064,0.04536,0.03279,0.01153,0.07747,0.03683,0.2014,0.2116,
2.165,0.3373,0.1224,0.08805,0.06792,0.106,0.04537,0.0328,0.01153,0.07864,0.03569,0.2025,0.2091,
2.164,0.3393,0.121,0.08812,0.06805,0.106,0.04537,0.0335,0.01082,0.07864,0.03569,0.2025,0.2103,
2.163,0.3442,0.1209,0.08816,0.06831,0.1056,0.04539,0.03351,0.01082,0.07956,0.03482,0.2025,0.2104,
2.161,0.3394,0.1225,0.08795,0.06843,0.1051,0.0447,0.03445,0.009863,0.07951,0.0348,0.2034,0.2092,
2.159,0.3468,0.1222,0.0876,0.06851,0.1051,0.04357,0.03443,0.009857,0.07947,0.03478,0.2043,0.2102,
2.158,0.3519,0.1219,0.08724,0.06861,0.1048,0.04348,0.03436,0.009837,0.07931,0.03471,0.206,0.2098,
2.16,0.3517,0.1205,0.08694,0.06896,0.1061,0.04348,0.03436,0.01075,0.07839,0.03471,0.206,0.2098,
2.158,0.3703,0.1205,0.08685,0.06906,0.1061,0.04348,0.03489,0.01022,0.07971,0.03338,0.206,0.2098,
2.158,0.3556,0.1205,0.08691,0.06913,0.1058,0.0435,0.03532,0.0098,0.07974,0.0334,0.2061,0.2099,
2.158,0.3543,0.1222,0.08684,0.06939,0.1043,0.04245,0.03536,0.01034,0.0793,0.03343,0.2073,0.2091,
2.158,0.4206,0.1217,0.08726,0.06942,0.1043,0.04287,0.03494,0.01034,0.0793,0.03343,0.2073,0.2091,
2.158,0.3484,0.1213,0.08762,0.06946,0.1043,0.04287,0.03494,0.01034,0.0793,0.03343,0.2073,0.2091,
2.16,0.3583,0.1207,0.08805,0.06952,0.1038,0.04285,0.03492,0.01181,0.07778,0.03341,0.2082,0.209,
2.159,0.3605,0.1202,0.08836,0.06969,0.1038,0.04174,0.03492,0.01224,0.07735,0.03341,0.2082,0.2101,
2.159,0.3666,0.1231,0.0881,0.0699,0.1033,0.03891,0.03489,0.01374,0.07579,0.03339,0.2092,0.2097,
2.158,0.3647,0.1226,0.08801,0.07,0.1029,0.0389,0.03489,0.01373,0.07577,0.03338,0.2102,0.2096,
2.156,0.368,0.1209,0.08822,0.07028,0.1028,0.03762,0.03497,0.01372,0.07594,0.0334,0.2108,0.2114,
2.162,0.3579,0.1217,0.08805,0.07043,0.1024,0.03763,0.03498,0.01426,0.07543,0.0362,0.2091,0.2098,
2.162,0.3787,0.1206,0.08796,0.07054,0.1026,0.03857,0.03414,0.01427,0.07553,0.03625,0.2094,0.2101,
2.192,0.393,0.1203,0.08771,0.07059,0.102,0.0385,0.03408,0.05944,0.0302,0.04468,0.2027,0.2098,
2.191,0.3954,0.1212,0.08759,0.06918,0.1019,0.03846,0.03404,0.05938,0.0319,0.0429,0.2035,0.2099,
2.192,0.3966,0.1211,0.08769,0.06918,0.1019,0.03846,0.03404,0.05938,0.03243,0.04238,0.2035,0.2099,
2.192,0.4036,0.1145,0.088,0.06932,0.1079,0.03846,0.03405,0.05941,0.03243,0.04239,0.2036,0.21,
2.192,0.417,0.1134,0.08792,0.06941,0.1086,0.03837,0.03407,0.06029,0.03246,0.0415,0.2037,0.2102,
2.192,0.4121,0.1104,0.08795,0.06956,0.1103,0.03837,0.0346,0.05976,0.03246,0.0415,0.2037,0.2113,
2.192,0.3969,0.1136,0.08772,0.06946,0.1096,0.03827,0.03451,0.0596,0.0329,0.04086,0.2063,0.2071,
2.191,0.4032,0.1134,0.08775,0.06944,0.1092,0.03825,0.03449,0.05956,0.03288,0.04084,0.2072,0.207,
2.194,0.4177,0.1134,0.08762,0.06963,0.1089,0.03826,0.05234,0.04174,0.0329,0.04085,0.2073,0.2071,
2.192,0.4173,0.1125,0.08775,0.06973,0.109,0.03675,0.05239,0.04178,0.03293,0.04089,0.2075,0.2088,
2.19,0.4175,0.1112,0.08757,0.06975,0.1101,0.03605,0.05234,0.04174,0.03289,0.04085,0.2083,0.2092,
2.177,0.4327,0.1109,0.088,0.06998,0.1086,0.03609,0.07165,0.02257,0.03437,0.03948,0.2087,0.2096,
2.177,0.4345,0.1107,0.08809,0.07011,0.1086,0.03609,0.07165,0.02257,0.03437,0.03948,0.2087,0.2096,
2.178,0.4363,0.1095,0.08826,0.07023,0.1093,0.03698,0.07081,0.02258,0.03439,0.03949,0.2087,0.2097,
2.178,0.4711,0.1095,0.08815,0.07038,0.1089,0.03689,0.07087,0.02258,0.03491,0.03895,0.2089,0.2099,
2.181,0.4579,0.109,0.08811,0.07036,0.1087,0.03681,0.07072,0.02253,0.03484,0.04148,0.208,0.2095,
2.179,0.4555,0.1103,0.08794,0.06789,0.1086,0.03677,0.07065,0.02322,0.0341,0.04144,0.2088,0.2103,
2.179,0.4578,0.1082,0.08776,0.06795,0.1096,0.03719,0.07024,0.02322,0.03536,0.04018,0.2099,0.2104,
2.178,0.3914,0.1064,0.08759,0.06807,0.1109,0.03722,0.07092,0.02262,0.03628,0.03933,0.2101,0.2105,
2.178,0.396,0.1058,0.08779,0.06814,0.111,0.03724,0.07095,0.02263,0.03629,0.03935,0.2102,0.2106,
2.185,0.3738,0.1018,0.08771,0.06815,0.1147,0.0372,0.07088,0.02261,0.03877,0.04157,0.2062,0.2104,
2.184,0.3547,0.1008,0.08763,0.06824,0.1147,0.03719,0.07087,0.0226,0.03999,0.04035,0.2072,0.2104,
2.183,0.3634,0.09902,0.08764,0.06835,0.1161,0.03721,0.07142,0.02208,0.04,0.04037,0.2073,0.2105,
2.18,0.3706,0.098,0.088,0.06666,0.1162,0.03669,0.07132,0.02262,0.03949,0.04038,0.2074,0.2133,
2.179,0.3779,0.09669,0.0879,0.06577,0.1164,0.03671,0.07135,0.02263,0.04003,0.03987,0.2075,0.2151,
2.18,0.3962,0.09716,0.0878,0.06602,0.1166,0.0367,0.07136,0.02316,0.0395,0.03988,0.2086,0.2132,
2.18,0.3924,0.09717,0.08791,0.06613,0.1153,0.03677,0.07149,0.0232,0.03957,0.03995,0.209,0.2136,
2.18,0.3919,0.09644,0.08794,0.06624,0.1159,0.03677,0.07149,0.0232,0.03957,0.03995,0.209,0.2136,
2.181,0.3976,0.09923,0.08758,0.06628,0.1156,0.03669,0.07134,0.02368,0.04323,0.03559,0.2106,0.2101,
2.188,0.3958,0.09885,0.08761,0.06645,0.114,0.03673,0.07142,0.0237,0.04327,0.04045,0.2071,0.2104,
2.181,0.4009,0.09686,0.08761,0.06651,0.1157,0.03335,0.07202,0.02314,0.04329,0.04047,0.2072,0.2139,
2.18,0.4046,0.09651,0.08762,0.06662,0.1154,0.03338,0.07329,0.02195,0.04333,0.04051,0.2074,0.2141,
2.18,0.4072,0.09633,0.08761,0.06683,0.1151,0.0334,0.07332,0.02196,0.04423,0.03964,0.2075,0.2142,
2.179,0.4064,0.09622,0.08771,0.06694,0.1147,0.03341,0.07335,0.02197,0.04694,0.03696,0.2075,0.2143,
2.18,0.4108,0.09819,0.08769,0.06628,0.1151,0.03338,0.07327,0.02195,0.04689,0.03692,0.2084,0.2119,
2.178,0.4074,0.09752,0.08757,0.06544,0.1154,0.03339,0.07331,0.02195,0.04691,0.03694,0.2085,0.2131,
2.177,0.4144,0.09713,0.08792,0.06549,0.1154,0.03392,0.07277,0.02361,0.0535,0.0287,0.2085,0.2131,
2.177,0.4187,0.09519,0.08805,0.06571,0.1169,0.03392,0.07277,0.02404,0.05307,0.0287,0.2085,0.2131,
2.177,0.4197,0.0951,0.08797,0.06578,0.117,0.03381,0.0728,0.02456,0.05307,0.02814,0.2086,0.2132,
2.18,0.4218,0.09922,0.08772,0.06599,0.1161,0.03381,0.07279,0.02579,0.05182,0.02813,0.2096,0.209,
2.18,0.4092,0.09895,0.08781,0.06598,0.1157,0.0343,0.07221,0.0263,0.05124,0.02811,0.2105,0.2089,
2.18,0.4155,0.09887,0.08773,0.06614,0.1157,0.0343,0.07221,0.02684,0.05124,0.02758,0.2105,0.2089,
2.177,0.4071,0.09884,0.08779,0.06617,0.1154,0.03349,0.07275,0.0258,0.05126,0.02759,0.2106,0.2104,
2.189,0.4137,0.0985,0.08697,0.0664,0.1153,0.03306,0.0732,0.0251,0.05125,0.03532,0.2039,0.211,
2.188,0.4123,0.0979,0.087,0.06613,0.1152,0.03301,0.07309,0.02559,0.05064,0.03526,0.2056,0.2106,
2.189,0.4078,0.09764,0.08674,0.06631,0.1152,0.03302,0.07312,0.02613,0.05013,0.03528,0.2057,0.2107,
2.187,0.4147,0.09609,0.08686,0.06636,0.1166,0.03234,0.07269,0.02613,0.05013,0.03528,0.2057,0.2118,
2.186,0.3976,0.096,0.08689,0.06647,0.1163,0.03235,0.07273,0.02614,0.05104,0.03441,0.2058,0.2119,
2.187,0.4031,0.09595,0.08693,0.06661,0.1156,0.03291,0.07226,0.02686,0.05038,0.03444,0.2059,0.2121,
2.188,0.4012,0.09572,0.08704,0.06673,0.1156,0.03344,0.07173,0.02686,0.05038,0.03444,0.2059,0.2121,
2.186,0.4396,0.0956,0.08712,0.06687,0.1152,0.03279,0.07175,0.02758,0.05111,0.03303,0.206,0.2129,
2.189,0.4203,0.1003,0.08711,0.06685,0.1152,0.03277,0.0717,0.02754,0.05244,0.03153,0.2069,0.2077,
2.188,0.412,0.09995,0.08676,0.06696,0.1148,0.03276,0.0717,0.02747,0.0524,0.0314,0.208,0.2078,
2.188,0.4125,0.09974,0.08648,0.06691,0.1146,0.03269,0.07155,0.02963,0.05008,0.03133,0.2097,0.2073,
2.176,0.4277,0.09812,0.08647,0.0671,0.1158,0.0829,0.02139,0.02964,0.0501,0.03134,0.2098,0.2074,
2.174,0.4238,0.09806,0.0864,0.06723,0.1158,0.08179,0.02139,0.02964,0.05186,0.02958,0.2098,0.2085,
2.173,0.365,0.09762,0.08614,0.06733,0.1157,0.08174,0.02137,0.02962,0.05272,0.02867,0.2107,0.2084,
2.172,0.3664,0.09681,0.08605,0.06747,0.1162,0.08111,0.02138,0.02963,0.05274,0.02869,0.2108,0.2091,
2.169,0.3769,0.0962,0.08564,0.06762,0.1165,0.07952,0.02086,0.02966,0.05278,0.02871,0.211,0.2115,
2.166,0.3843,0.0962,0.08554,0.0678,0.115,0.07814,0.0209,0.02972,0.05414,0.02754,0.2114,0.2136,
2.164,0.3872,0.09606,0.08519,0.06797,0.115,0.07618,0.02091,0.02974,0.05417,0.02755,0.2115,0.2157,
2.161,0.3921,0.09475,0.085,0.06831,0.1154,0.0736,0.02094,0.02978,0.05423,0.02758,0.2118,0.2186,
2.161,0.3957,0.09464,0.0853,0.06844,0.1142,0.0742,0.02046,0.03034,0.05376,0.02762,0.2121,0.2189,
2.158,0.3938,0.09144,0.08526,0.06863,0.1173,0.07337,0.02089,0.02977,0.05358,0.02739,0.2121,0.2203,
2.156,0.3976,0.09088,0.08517,0.06768,0.1175,0.07273,0.02089,0.02979,0.05361,0.02741,0.2122,0.2221,
2.181,0.3856,0.09404,0.08484,0.06769,0.1172,0.07258,0.02085,0.02972,0.05349,0.03969,0.2015,0.2183,
2.18,0.3849,0.09392,0.08498,0.06773,0.1169,0.07306,0.0204,0.03016,0.05309,0.0397,0.2016,0.2184,
2.183,0.385,0.09955,0.08487,0.06761,0.1167,0.07342,0.01986,0.0301,0.05387,0.03874,0.2032,0.2121,
2.182,0.3891,0.09697,0.08495,0.06777,0.1187,0.07345,0.01987,0.03011,0.05389,0.03875,0.2033,0.2122,
2.182,0.3936,0.09742,0.08496,0.06781,0.1196,0.07271,0.01985,0.03008,0.05383,0.03871,0.2041,0.2109,
2.181,0.397,0.09735,0.08468,0.06663,0.1194,0.07208,0.02028,0.03037,0.05315,0.03873,0.2042,0.2132,
2.181,0.4068,0.09726,0.08457,0.06682,0.1194,0.07208,0.02028,0.03037,0.05315,0.03873,0.2042,0.2132,
2.181,0.4106,0.09925,0.08468,0.06675,0.1192,0.072,0.02026,0.03034,0.05522,0.03657,0.205,0.2107,
2.179,0.4087,0.09898,0.08443,0.06677,0.119,0.0722,0.01988,0.03028,0.05511,0.03649,0.2067,0.2102,
2.17,0.4127,0.09871,0.08454,0.06701,0.1186,0.07877,0.01335,0.03029,0.05513,0.03651,0.2067,0.2103,
2.169,0.4472,0.09837,0.08418,0.06707,0.1181,0.0788,0.01335,0.03034,0.05523,0.03656,0.2072,0.2108,
2.167,0.3938,0.09767,0.08359,0.06721,0.1182,0.07785,0.01387,0.02982,0.05731,0.03451,0.2084,0.2116,
2.165,0.4015,0.09647,0.08346,0.06744,0.1179,0.07842,0.01388,0.0293,0.05734,0.03452,0.2085,0.2128,
2.167,0.3996,0.09983,0.08302,0.06667,0.1177,0.07833,0.01386,0.02979,0.05674,0.03448,0.2103,0.2092,
2.165,0.3983,0.09977,0.08305,0.06674,0.1171,0.07805,0.01379,0.02971,0.05754,0.03362,0.2105,0.2101,
2.164,0.4033,0.09956,0.0832,0.06681,0.1171,0.07695,0.01379,0.02971,0.05754,0.03362,0.2105,0.2112,
2.163,0.4382,0.09945,0.083,0.06694,0.1172,0.07686,0.01466,0.05955,0.02686,0.03363,0.2106,0.2113,
2.163,0.4114,0.09867,0.083,0.06702,0.1169,0.07738,0.01469,0.05897,0.02738,0.03309,0.2116,0.2112,
2.171,0.4144,0.09831,0.08331,0.0671,0.1157,0.0778,0.01426,0.05898,0.02737,0.0385,0.2073,0.2113,
2.17,0.4054,0.09763,0.08363,0.06646,0.1158,0.07717,0.01469,0.05858,0.02739,0.03852,0.2074,0.2127,
2.17,0.4039,0.09748,0.08376,0.06659,0.1154,0.07721,0.0147,0.05861,0.0274,0.03854,0.2075,0.2128,
2.171,0.4083,0.09611,0.08379,0.06662,0.1164,0.07724,0.01579,0.05756,0.02741,0.03855,0.2076,0.2129,
2.17,0.4143,0.09583,0.0839,0.06671,0.1161,0.07652,0.01579,0.0576,0.02742,0.03858,0.2078,0.2138,
2.169,0.4103,0.0958,0.084,0.06674,0.1157,0.07708,0.01526,0.05815,0.02689,0.03859,0.2079,0.2139,
2.169,0.4121,0.09888,0.0838,0.06673,0.1154,0.07738,0.01468,0.05797,0.02681,0.03847,0.2104,0.2096,
2.169,0.4125,0.09878,0.08361,0.06676,0.1152,0.07729,0.01466,0.05791,0.02678,0.03843,0.2112,0.2093,
2.169,0.409,0.09864,0.08339,0.06679,0.1153,0.07666,0.01524,0.05737,0.02679,0.03845,0.2113,0.2101,
2.176,0.419,0.09766,0.08326,0.06671,0.1152,0.07657,0.01522,0.0573,0.02676,0.04372,0.2078,0.2098,
2.176,0.4225,0.09764,0.08306,0.06696,0.1144,0.07655,0.01523,0.05737,0.02678,0.04377,0.2081,0.2101,
2.173,0.4187,0.09761,0.08311,0.06703,0.1141,0.07601,0.0147,0.05792,0.02626,0.04379,0.2082,0.2113,
2.173,0.4177,0.09761,0.08306,0.06708,0.1141,0.07601,0.0147,0.05792,0.02626,0.04379,0.2082,0.2113,
2.173,0.4192,0.09745,0.08331,0.06719,0.1133,0.07607,0.01471,0.05896,0.02528,0.04382,0.2084,0.2115,
2.171,0.4166,0.09729,0.08322,0.06719,0.1132,0.07599,0.0147,0.06046,0.0237,0.04378,0.2092,0.2113,
2.171,0.4254,0.09702,0.08332,0.06736,0.1132,0.07599,0.0147,0.06046,0.02485,0.04262,0.2092,0.2113,
2.183,0.4306,0.09773,0.0834,0.06738,0.1124,0.0753,0.03073,0.04649,0.02276,0.04262,0.2102,0.211,
2.193,0.428,0.1004,0.08374,0.06744,0.111,0.07303,0.03071,0.04645,0.02273,0.04981,0.2049,0.2098,
2.193,0.4305,0.1002,0.08398,0.06762,0.1099,0.07311,0.03074,0.04651,0.02364,0.04899,0.2052,0.2101,
2.193,0.4359,0.1001,0.0839,0.06781,0.1089,0.07312,0.03079,0.04659,0.02367,0.04907,0.2055,0.2105,
2.193,0.47,0.09878,0.08411,0.06781,0.1098,0.07368,0.03027,0.04661,0.02421,0.04856,0.2056,0.2106,
2.192,0.4183,0.09818,0.08385,0.06797,0.109,0.07307,0.03029,0.04664,0.02477,0.04806,0.2068,0.2114,
2.192,0.4192,0.09749,0.08363,0.068,0.1096,0.0731,0.03031,0.04666,0.02478,0.04809,0.2069,0.2115,
2.194,0.409,0.09691,0.08336,0.06826,0.1095,0.07306,0.03029,0.04664,0.02986,0.04296,0.2078,0.2113,
2.194,0.4178,0.09626,0.08366,0.06838,0.1091,0.07313,0.03085,0.04668,0.02935,0.043,0.208,0.2115,
2.193,0.405,0.09616,0.08345,0.06858,0.1084,0.07283,0.03062,0.04674,0.02939,0.04305,0.2083,0.2125,
2.192,0.4035,0.09581,0.08344,0.06879,0.1077,0.07327,0.03032,0.0468,0.02943,0.04311,0.2086,0.2128,
2.192,0.4356,0.09573,0.08335,0.06896,0.1077,0.07327,0.03032,0.0468,0.02943,0.04311,0.2086,0.2128,
2.192,0.4465,0.09449,0.08318,0.06923,0.1082,0.07321,0.03072,0.04706,0.02869,0.04308,0.2095,0.2126,
2.191,0.4354,0.0942,0.08352,0.06926,0.1078,0.07257,0.03073,0.04708,0.0287,0.0431,0.2096,0.2134,
2.192,0.4222,0.09536,0.08335,0.06918,0.1082,0.07242,0.03067,0.04698,0.02989,0.04176,0.2112,0.2109,
2.189,0.4,0.09403,0.08346,0.06932,0.1084,0.0716,0.03017,0.04704,0.02992,0.04182,0.2115,0.2127,
2.189,0.392,0.09402,0.08335,0.06922,0.1081,0.07166,0.0302,0.04708,0.02995,0.04185,0.2117,0.2129,
2.189,0.4041,0.09395,0.08328,0.06937,0.1081,0.07166,0.0302,0.04708,0.02995,0.04185,0.2117,0.2129,
2.189,0.3999,0.0936,0.0833,0.06944,0.108,0.07158,0.03017,0.04703,0.03108,0.04065,0.2125,0.2126,
2.188,0.408,0.09343,0.08376,0.06956,0.1064,0.07104,0.03022,0.04711,0.03218,0.03967,0.2129,0.2137,
2.186,0.4069,0.09326,0.08389,0.0696,0.1064,0.06903,0.03022,0.04764,0.03485,0.03647,0.2129,0.2157,
2.203,0.4019,0.09352,0.08369,0.06963,0.1077,0.06896,0.03087,0.04691,0.03731,0.04353,0.2042,0.2137,
2.203,0.4032,0.09359,0.08377,0.06992,0.1062,0.06951,0.03049,0.04699,0.03737,0.0436,0.2045,0.2141,
2.205,0.4002,0.09604,0.08363,0.07003,0.1071,0.06877,0.03126,0.04614,0.03733,0.04356,0.2053,0.2108,
2.202,0.4021,0.09609,0.08362,0.07011,0.1067,0.06657,0.03127,0.04616,0.03735,0.04358,0.2054,0.2131,
2.183,0.4308,0.09765,0.08357,0.06856,0.1077,0.08088,0.03755,0.02157,0.03731,0.04353,0.2062,0.2154,
2.184,0.428,0.09749,0.08377,0.06859,0.1074,0.08092,0.03757,0.02212,0.03733,0.04302,0.2063,0.2155,
2.186,0.4417,0.1013,0.0838,0.0686,0.1069,0.08087,0.03754,0.0221,0.0373,0.04299,0.2073,0.2113,
2.184,0.4342,0.1011,0.0838,0.06869,0.1067,0.07916,0.03754,0.02211,0.03871,0.04164,0.2074,0.2132,
2.184,0.4356,0.09786,0.08359,0.06894,0.1098,0.07916,0.03754,0.02211,0.03871,0.04164,0.2074,0.2132,
2.184,0.4398,0.09893,0.08359,0.06889,0.1094,0.07845,0.03752,0.02209,0.03964,0.04066,0.2084,0.2125,
2.183,0.4333,0.09885,0.08363,0.06902,0.1091,0.07902,0.037,0.0221,0.03966,0.04067,0.2084,0.2125,
2.182,0.4373,0.09871,0.08376,0.06902,0.1091,0.07902,0.03995,0.01915,0.04126,0.03907,0.2084,0.2125,
2.179,0.4361,0.09838,0.08369,0.06907,0.108,0.0774,0.03992,0.01915,0.04128,0.03909,0.2096,0.2144,
2.179,0.4362,0.0982,0.0837,0.06906,0.1074,0.07749,0.03994,0.01959,0.04089,0.03914,0.2099,0.2146,
2.183,0.4268,0.1026,0.08396,0.06902,0.1074,0.07748,0.03994,0.01959,0.04089,0.03914,0.2109,0.209,
2.179,0.4443,0.09997,0.0839,0.06889,0.1093,0.07558,0.03987,0.01955,0.04082,0.03907,0.2127,0.2103,
2.199,0.4299,0.09978,0.08371,0.06899,0.1092,0.0755,0.03982,0.01953,0.04202,0.05099,0.2003,0.2101,
2.199,0.4237,0.09974,0.08356,0.06928,0.1088,0.07553,0.03984,0.01953,0.04204,0.05101,0.2004,0.2102,
2.199,0.4207,0.09964,0.08355,0.06938,0.1088,0.07553,0.03984,0.01953,0.04204,0.05101,0.2004,0.2102,
2.198,0.4833,0.09797,0.08366,0.06936,0.1101,0.07546,0.0398,0.01951,0.042,0.05096,0.2012,0.21,
2.198,0.4685,0.09775,0.08388,0.06936,0.1101,0.07546,0.0398,0.01951,0.042,0.05096,0.2012,0.21,
2.198,0.4599,0.09742,0.08376,0.06894,0.1101,0.07538,0.03981,0.02023,0.0413,0.05098,0.2013,0.2108,
2.198,0.4608,0.09737,0.08363,0.06911,0.1101,0.07584,0.03936,0.02023,0.0413,0.05098,0.2013,0.2108,
2.197,0.4354,0.09733,0.0837,0.0692,0.1094,0.07448,0.03939,0.02024,0.0446,0.04776,0.2015,0.2124,
2.192,0.4429,0.09595,0.0834,0.0676,0.1107,0.07228,0.03941,0.02025,0.04552,0.04684,0.2016,0.2165,
2.191,0.3755,0.09043,0.08353,0.06773,0.116,0.07228,0.03941,0.02025,0.04876,0.0436,0.2016,0.2165,
2.198,0.3802,0.09131,0.08361,0.06766,0.1176,0.07153,0.03937,0.03313,0.03582,0.04355,0.2024,0.2141,
2.198,0.3811,0.09119,0.08344,0.06774,0.1176,0.07199,0.03884,0.03314,0.03637,0.04303,0.2025,0.2142,
2.197,0.3873,0.09117,0.08326,0.06805,0.1172,0.07256,0.03833,0.03315,0.03638,0.04305,0.2026,0.2143,
2.198,0.3781,0.0935,0.08321,0.06809,0.1171,0.07182,0.03829,0.03312,0.03635,0.04301,0.2034,0.2121,
2.198,0.3908,0.09349,0.08314,0.06828,0.1167,0.07118,0.0383,0.03356,0.03593,0.04303,0.2034,0.2129,
2.198,0.3808,0.09313,0.08311,0.06842,0.1164,0.07124,0.03833,0.03452,0.03593,0.04217,0.2036,0.2131,
2.17,0.3868,0.09258,0.08317,0.06847,0.1163,0.09384,0.02334,0.02447,0.03743,0.04063,0.2045,0.2152,
2.17,0.3933,0.09262,0.08314,0.06857,0.116,0.09388,0.02389,0.02395,0.03905,0.03904,0.2046,0.2153,
2.167,0.383,0.09248,0.0833,0.06872,0.1149,0.09017,0.02389,0.02436,0.03868,0.03905,0.205,0.2195,
2.167,0.3838,0.0922,0.08352,0.06879,0.1149,0.09017,0.02389,0.02436,0.03868,0.03905,0.205,0.2195,
2.167,0.38,0.09184,0.08349,0.06891,0.1146,0.09025,0.0239,0.02438,0.03871,0.03909,0.2052,0.2197,
2.167,0.3895,0.09151,0.0837,0.06901,0.1143,0.09029,0.02445,0.02385,0.03872,0.0391,0.2053,0.2198,
2.169,0.3824,0.0974,0.08363,0.06891,0.1141,0.08877,0.0244,0.0238,0.03865,0.03902,0.2069,0.2144,
2.17,0.3807,0.09905,0.08344,0.06891,0.1139,0.08855,0.02471,0.02443,0.0376,0.03897,0.2087,0.2117,
2.17,0.3922,0.09846,0.0835,0.06922,0.1136,0.08796,0.02473,0.02488,0.0372,0.03901,0.2089,0.2125,
2.17,0.3855,0.09841,0.08379,0.06951,0.1117,0.08815,0.02479,0.02493,0.03872,0.03766,0.2094,0.213,
2.17,0.4018,0.09824,0.0841,0.06977,0.1102,0.08831,0.02481,0.02497,0.03878,0.03773,0.2098,0.2134,
2.17,0.3885,0.09807,0.08435,0.0698,0.1098,0.08835,0.02483,0.02498,0.03979,0.03676,0.2099,0.2135,
2.169,0.3802,0.09787,0.08405,0.06978,0.1095,0.08816,0.02535,0.02521,0.03884,0.03668,0.2115,0.213,
2.169,0.3803,0.09792,0.08399,0.06991,0.1088,0.08823,0.02537,0.02566,0.03844,0.03671,0.2117,0.2132,
2.167,0.3759,0.09766,0.08386,0.07009,0.1089,0.0872,0.0247,0.02567,0.03929,0.0359,0.2118,0.2149,
2.168,0.3774,0.1001,0.08364,0.07021,0.1084,0.08719,0.0247,0.02566,0.03928,0.03589,0.2128,0.212,
2.169,0.3788,0.09999,0.08377,0.07032,0.1081,0.08722,0.02469,0.02693,0.03804,0.03591,0.2129,0.2121,
2.165,0.3962,0.0998,0.08392,0.07037,0.1081,0.08363,0.02469,0.03876,0.02674,0.03537,0.2129,0.2157,
2.165,0.4098,0.09613,0.08368,0.0707,0.1108,0.08373,0.02526,0.03827,0.02803,0.03415,0.2132,0.216,
2.166,0.4024,0.09602,0.08372,0.07084,0.1105,0.08377,0.03639,0.02716,0.02858,0.03363,0.2133,0.2161,
2.18,0.4267,0.09941,0.08374,0.07075,0.1099,0.0825,0.03632,0.02796,0.02868,0.04002,0.2076,0.2131,
2.18,0.363,0.09752,0.08313,0.07083,0.1116,0.08245,0.03665,0.0276,0.0309,0.03775,0.2085,0.213,
2.18,0.3625,0.09704,0.0836,0.07095,0.1112,0.08249,0.03666,0.02761,0.03092,0.03777,0.2086,0.2131,
2.177,0.3675,0.09677,0.08376,0.06993,0.1112,0.08136,0.03666,0.02761,0.03092,0.03777,0.2086,0.2153,
2.177,0.374,0.09656,0.08373,0.07017,0.1112,0.08201,0.03602,0.02761,0.03092,0.03777,0.2086,0.2153,
2.177,0.3815,0.09471,0.08382,0.0704,0.1125,0.08204,0.03602,0.02762,0.03093,0.03779,0.2087,0.2154,
2.179,0.3792,0.09939,0.08362,0.07047,0.1121,0.08131,0.036,0.0276,0.03189,0.03678,0.2097,0.2112,
2.178,0.3714,0.09927,0.08353,0.07068,0.1121,0.07974,0.036,0.0276,0.03189,0.03678,0.2097,0.2128,
2.175,0.3987,0.09903,0.08321,0.07055,0.1119,0.07926,0.03547,0.02755,0.03183,0.0367,0.2114,0.2131,
2.159,0.3858,0.09849,0.08333,0.07072,0.1116,0.09402,0.0208,0.02757,0.03185,0.03674,0.2116,0.2133,
2.159,0.3929,0.09787,0.08345,0.07091,0.1113,0.0941,0.02082,0.02759,0.03242,0.03623,0.2118,0.2135,
2.158,0.3811,0.09772,0.08339,0.07097,0.1108,0.09404,0.0208,0.02937,0.03061,0.03621,0.2127,0.2134,
2.158,0.3797,0.0976,0.08343,0.07113,0.1105,0.09408,0.02081,0.02938,0.03062,0.03622,0.2128,0.2135,
2.156,0.3872,0.09745,0.08349,0.07012,0.1105,0.09251,0.02081,0.0301,0.0299,0.03622,0.2128,0.2161,
2.154,0.4267,0.09738,0.08337,0.07032,0.1103,0.09104,0.02081,0.03011,0.02991,0.03624,0.2129,0.2176,
2.151,0.368,0.09622,0.08365,0.07045,0.1104,0.08737,0.02082,0.03014,0.0317,0.03453,0.2132,0.2215,
2.149,0.3676,0.09559,0.08373,0.06999,0.1105,0.08629,0.02083,0.03016,0.03171,0.03455,0.2133,0.2234,
2.147,0.368,0.09271,0.08372,0.06997,0.114,0.08409,0.02083,0.03015,0.0317,0.03454,0.2143,0.224,
2.157,0.3634,0.09823,0.08363,0.07006,0.1129,0.08389,0.02144,0.0294,0.03252,0.03708,0.2135,0.2174,
2.155,0.3671,0.0981,0.08371,0.0701,0.1129,0.08137,0.02253,0.02831,0.03252,0.03708,0.2135,0.2199,
2.164,0.3455,0.1,0.08364,0.07021,0.112,0.08133,0.02306,0.02776,0.03946,0.03453,0.2101,0.2178,
2.161,0.348,0.1041,0.08351,0.0702,0.1114,0.08008,0.03489,0.01584,0.0394,0.03447,0.2119,0.2143,
2.159,0.3456,0.1028,0.0834,0.07043,0.112,0.07858,0.03491,0.01585,0.03943,0.0345,0.2121,0.2161,
2.159,0.3412,0.1058,0.08341,0.07038,0.1115,0.07562,0.03543,0.01681,0.0379,0.03448,0.213,0.2157,
2.162,0.3572,0.1041,0.08329,0.07089,0.112,0.07458,0.03547,0.02658,0.02873,0.03398,0.2133,0.2171,
2.169,0.3699,0.1084,0.08308,0.07106,0.112,0.07207,0.03545,0.02656,0.02872,0.03763,0.2105,0.2145,
2.17,0.3522,0.1093,0.08247,0.07109,0.1131,0.07209,0.03546,0.02657,0.02926,0.0371,0.2117,0.2119,
2.167,0.3492,0.1094,0.08243,0.07031,0.1109,0.07188,0.03528,0.02664,0.02934,0.0372,0.2122,0.2144,
2.167,0.3592,0.1093,0.0825,0.07041,0.1098,0.07196,0.03533,0.02668,0.031,0.03564,0.2126,0.2148,
2.167,0.3624,0.109,0.08268,0.07052,0.1098,0.07128,0.03533,0.02668,0.03218,0.03447,0.2126,0.2155,
2.167,0.3487,0.108,0.08264,0.07056,0.1107,0.07128,0.03533,0.0274,0.03145,0.03447,0.2126,0.2155,
2.167,0.3481,0.108,0.08258,0.07071,0.1104,0.07129,0.03534,0.02863,0.03024,0.03448,0.2127,0.2156,
2.166,0.3593,0.1059,0.08242,0.07081,0.1102,0.07146,0.03542,0.02864,0.03179,0.03297,0.2132,0.2172,
2.196,0.3462,0.1088,0.08221,0.07096,0.1087,0.07134,0.03537,0.0295,0.03174,0.04981,0.1983,0.2132,
2.195,0.399,0.1081,0.0818,0.07106,0.1088,0.07137,0.03539,0.03018,0.03109,0.04983,0.1984,0.214,
2.194,0.3693,0.108,0.08176,0.07115,0.1088,0.07001,0.03539,0.03018,0.03109,0.04983,0.1984,0.2153,
2.193,0.3206,0.1079,0.0816,0.07128,0.1083,0.06997,0.03537,0.03016,0.03161,0.04926,0.1993,0.2152,
2.194,0.3243,0.1078,0.08156,0.07136,0.1076,0.07006,0.03596,0.03059,0.03188,0.04815,0.1996,0.2155,
2.193,0.3273,0.1078,0.08164,0.07147,0.1069,0.07012,0.03641,0.03061,0.03147,0.04819,0.1997,0.2157,
2.192,0.3471,0.109,0.08164,0.06997,0.1067,0.06937,0.03637,0.03058,0.03144,0.04814,0.2005,0.2162,
2.193,0.323,0.1114,0.08115,0.07012,0.1063,0.06937,0.03695,0.03,0.03243,0.04714,0.2015,0.2137,
2.191,0.3199,0.1111,0.08087,0.07009,0.1061,0.0681,0.03687,0.02994,0.03353,0.04588,0.2031,0.2144,
2.19,0.3223,0.111,0.08078,0.07002,0.106,0.06857,0.03629,0.0307,0.03361,0.04493,0.2039,0.2142,
2.188,0.3296,0.1108,0.08078,0.07008,0.1055,0.06718,0.03627,0.03068,0.03516,0.04333,0.2048,0.2154,
2.187,0.332,0.1108,0.07982,0.07034,0.1056,0.06589,0.0363,0.0315,0.0344,0.04336,0.205,0.2169,
2.187,0.3356,0.1104,0.08019,0.07048,0.1052,0.06591,0.03631,0.03317,0.03275,0.04338,0.2051,0.217,
2.186,0.3399,0.1104,0.08008,0.07083,0.1044,0.06651,0.03649,0.0325,0.03278,0.04342,0.2053,0.2172,
2.186,0.3404,0.1136,0.08004,0.0707,0.1026,0.06571,0.03642,0.03244,0.03272,0.04334,0.209,0.2134,
2.182,0.3455,0.1134,0.07963,0.07093,0.1016,0.06361,0.0371,0.03169,0.03268,0.04329,0.2109,0.2152,
2.184,0.3475,0.1156,0.07996,0.07089,0.1019,0.06357,0.03708,0.03167,0.03356,0.04236,0.2118,0.2116,
2.183,0.3431,0.1153,0.07983,0.07107,0.1015,0.06363,0.03765,0.03159,0.03316,0.0424,0.212,0.2118,
2.18,0.3453,0.1151,0.0798,0.06953,0.1011,0.06246,0.03762,0.0321,0.03451,0.04045,0.2129,0.2144,
2.181,0.3493,0.1196,0.07979,0.06953,0.101,0.06074,0.03758,0.03485,0.03361,0.03849,0.2138,0.2111,
2.181,0.3503,0.1187,0.07993,0.06976,0.1007,0.06082,0.03763,0.03489,0.03365,0.03854,0.2141,0.2113,
2.18,0.359,0.1187,0.08002,0.06995,0.09953,0.0609,0.03767,0.03572,0.0329,0.03859,0.2144,0.2116,
2.158,0.3729,0.1183,0.07984,0.06996,0.09931,0.08119,0.0157,0.03464,0.03283,0.04078,0.2138,0.2136,
2.157,0.3625,0.1176,0.07944,0.07008,0.09945,0.0813,0.01572,0.03469,0.03287,0.04083,0.214,0.2139,
2.158,0.3692,0.1172,0.07966,0.07025,0.09945,0.0813,0.01647,0.03394,0.03287,0.04083,0.214,0.2139,
2.158,0.3493,0.1155,0.07948,0.06982,0.1009,0.08133,0.01648,0.03449,0.03288,0.04031,0.2141,0.2147,
2.158,0.3506,0.1153,0.07947,0.06999,0.1009,0.08133,0.01701,0.03396,0.03288,0.04031,0.2141,0.2147,
2.165,0.3553,0.1151,0.07906,0.06997,0.1008,0.08128,0.02992,0.02155,0.03285,0.04294,0.2119,0.2146,
2.165,0.3624,0.1147,0.07945,0.07011,0.1005,0.08185,0.02939,0.02155,0.0334,0.04242,0.212,0.2147,
2.162,0.3669,0.1145,0.07945,0.07004,0.1004,0.08076,0.02871,0.02153,0.0349,0.04084,0.2128,0.2161,
2.162,0.3704,0.1134,0.07941,0.07038,0.1009,0.0808,0.02873,0.02154,0.03491,0.04086,0.2129,0.2162,
2.163,0.3694,0.1126,0.07924,0.07038,0.1026,0.08071,0.0287,0.02151,0.03487,0.04082,0.2137,0.2149,
2.171,0.3677,0.1137,0.07924,0.07039,0.1025,0.0795,0.02867,0.02149,0.04326,0.03778,0.2092,0.2143,
2.172,0.3672,0.117,0.0792,0.07048,0.1009,0.07956,0.02867,0.0215,0.04418,0.03691,0.2104,0.2112,
2.171,0.3682,0.1163,0.07923,0.07082,0.101,0.07959,0.02869,0.02151,0.04708,0.03405,0.2105,0.2113,
2.169,0.3814,0.1111,0.0791,0.07084,0.105,0.07949,0.02865,0.02148,0.0502,0.03082,0.2123,0.211,
2.168,0.3735,0.1098,0.07901,0.07098,0.1059,0.07829,0.02862,0.02146,0.05014,0.03079,0.2131,0.2119,
2.167,0.3774,0.1093,0.07895,0.07122,0.106,0.07832,0.02906,0.02104,0.05205,0.02892,0.2132,0.212,
2.167,0.3688,0.1092,0.07857,0.07167,0.106,0.07832,0.02906,0.02104,0.05205,0.02892,0.2132,0.212,
2.169,0.3659,0.109,0.07868,0.07175,0.1047,0.0756,0.02853,0.0209,0.05206,0.03284,0.2104,0.2155,
2.171,0.3634,0.1093,0.07869,0.07183,0.1061,0.07559,0.02853,0.02144,0.05151,0.03284,0.2115,0.2127,
2.171,0.3638,0.1084,0.07848,0.07211,0.1067,0.07562,0.02888,0.0211,0.05153,0.03285,0.2116,0.2128,
2.169,0.3711,0.1068,0.07853,0.0724,0.1073,0.07721,0.02738,0.02112,0.05157,0.03288,0.2117,0.213,
2.169,0.3643,0.1068,0.0786,0.07248,0.1069,0.07725,0.02803,0.02049,0.0516,0.03289,0.2118,0.2131,
2.166,0.3687,0.1067,0.07853,0.07278,0.1065,0.07421,0.02804,0.0205,0.05162,0.0329,0.2119,0.2163,
2.165,0.378,0.1119,0.07878,0.07133,0.1059,0.07274,0.02799,0.0209,0.05352,0.03043,0.2137,0.2128,
2.165,0.3865,0.1118,0.07876,0.07143,0.1048,0.07286,0.02803,0.02093,0.05361,0.03048,0.2141,0.2132,
2.163,0.3891,0.1085,0.07879,0.0716,0.1077,0.07098,0.02804,0.02166,0.05292,0.03049,0.2142,0.2152,
2.163,0.3903,0.1081,0.07865,0.07173,0.1077,0.07101,0.02805,0.02167,0.05294,0.03051,0.2143,0.2153,
2.173,0.3858,0.1145,0.0785,0.07172,0.1076,0.07148,0.02748,0.02258,0.05195,0.03379,0.2118,0.2086,
2.173,0.3949,0.1143,0.07874,0.07204,0.1064,0.07,0.02752,0.02419,0.05043,0.03383,0.2121,0.2105,
2.173,0.4065,0.1134,0.07887,0.0721,0.1056,0.07005,0.02754,0.02464,0.05003,0.03386,0.2133,0.2106,
2.173,0.4063,0.1131,0.07898,0.07243,0.1049,0.07011,0.02756,0.02466,0.05008,0.03389,0.2135,0.2108,
2.173,0.4061,0.113,0.07895,0.07257,0.1045,0.07014,0.02821,0.02403,0.0501,0.0339,0.2136,0.2109,
2.173,0.4071,0.1115,0.07923,0.07271,0.1056,0.07014,0.02821,0.02403,0.0501,0.0339,0.2136,0.2109,
2.173,0.4056,0.1113,0.07948,0.07287,0.1049,0.0702,0.02824,0.02459,0.0496,0.03393,0.2138,0.2111,
2.171,0.4211,0.111,0.07943,0.07124,0.1041,0.07029,0.02891,0.02399,0.04967,0.03397,0.2141,0.2133,
2.169,0.4035,0.1099,0.07982,0.07123,0.1042,0.06957,0.02889,0.02397,0.05097,0.0326,0.215,0.2138,
2.163,0.426,0.09996,0.07976,0.07148,0.1134,0.06534,0.02892,0.02399,0.05305,0.0306,0.2152,0.2183,
2.161,0.419,0.09976,0.08,0.07156,0.113,0.06378,0.02893,0.024,0.05308,0.03061,0.2153,0.22,
2.177,0.4001,0.1052,0.08009,0.07149,0.1129,0.06371,0.0289,0.05214,0.02486,0.03692,0.2098,0.214,
2.177,0.4016,0.105,0.07987,0.07178,0.112,0.0637,0.02944,0.05158,0.02575,0.03601,0.2108,0.214,
2.173,0.4047,0.1046,0.08023,0.07201,0.1113,0.06014,0.02946,0.05163,0.02677,0.03505,0.211,0.2178,
2.173,0.4049,0.1072,0.08029,0.07197,0.1107,0.05897,0.02945,0.0516,0.0273,0.03448,0.212,0.2161,
2.174,0.4081,0.1098,0.08004,0.07218,0.1102,0.05894,0.02943,0.05157,0.02728,0.03446,0.2129,0.2132,
2.174,0.4088,0.1097,0.08027,0.07231,0.1092,0.05901,0.02945,0.05163,0.02731,0.03451,0.2132,0.2135,
2.174,0.4088,0.1094,0.08011,0.07252,0.1089,0.05906,0.02948,0.05167,0.02839,0.03347,0.2134,0.2137,
2.174,0.413,0.1079,0.08026,0.07271,0.1093,0.05902,0.02946,0.05164,0.02838,0.03345,0.2143,0.2135,
2.173,0.4152,0.107,0.08034,0.07289,0.1093,0.05902,0.02946,0.05164,0.02838,0.03345,0.2143,0.2142,
2.173,0.4142,0.1069,0.08032,0.07298,0.1093,0.05902,0.02946,0.05164,0.02838,0.03345,0.2143,0.2142,
2.174,0.3761,0.1068,0.08024,0.07335,0.1086,0.05907,0.02983,0.05134,0.02946,0.03241,0.2145,0.2144,
2.162,0.3627,0.1067,0.07998,0.07349,0.1085,0.07135,0.01885,0.04989,0.03106,0.03075,0.2153,0.2142,
2.163,0.3544,0.1064,0.07994,0.07354,0.1083,0.06735,0.01883,0.04984,0.03102,0.03405,0.2128,0.2179,
2.16,0.3522,0.1064,0.07973,0.07375,0.1083,0.06575,0.0184,0.04984,0.03102,0.03405,0.2128,0.2199,
2.16,0.3554,0.1063,0.0799,0.07377,0.108,0.06577,0.01841,0.04986,0.03103,0.03407,0.2129,0.22,
2.159,0.367,0.1074,0.07979,0.07376,0.1079,0.06457,0.01839,0.0498,0.031,0.03403,0.2138,0.2196,
2.159,0.3725,0.1084,0.08001,0.07387,0.1078,0.0645,0.01837,0.05054,0.03017,0.03399,0.2146,0.2178,
2.179,0.3528,0.1122,0.08009,0.07384,0.1072,0.06305,0.01834,0.05046,0.03012,0.046,0.2043,0.2144,
2.178,0.3516,0.1102,0.08019,0.07293,0.1085,0.06297,0.01835,0.0505,0.03014,0.04603,0.2045,0.2157,
2.178,0.3617,0.1101,0.08,0.07328,0.1082,0.06327,0.01808,0.05052,0.03015,0.04605,0.2046,0.2158,
2.179,0.3539,0.1109,0.08012,0.0733,0.1088,0.06245,0.01805,0.0505,0.03157,0.04459,0.2056,0.2141,
2.177,0.3763,0.1108,0.08007,0.0735,0.1088,0.06043,0.01863,0.04992,0.03157,0.04459,0.2056,0.2161,
2.177,0.3569,0.1102,0.07985,0.07367,0.1089,0.06046,0.01865,0.04997,0.0316,0.04463,0.2057,0.2163,
2.175,0.3495,0.1126,0.0798,0.07197,0.1085,0.06042,0.01862,0.05091,0.03061,0.0446,0.2067,0.2154,
2.177,0.3621,0.112,0.08026,0.07209,0.1085,0.06042,0.01986,0.04968,0.03258,0.04263,0.2067,0.2154,
2.175,0.36,0.1158,0.08038,0.07219,0.1075,0.05719,0.01983,0.05041,0.03265,0.04168,0.2085,0.2139,
2.174,0.3677,0.1156,0.08056,0.07225,0.1072,0.05776,0.0193,0.05043,0.03266,0.0417,0.2086,0.214,
2.171,0.3675,0.1155,0.08073,0.07225,0.1072,0.05569,0.0193,0.05043,0.03266,0.0417,0.2086,0.216,
2.171,0.385,0.1151,0.0807,0.07227,0.1072,0.05504,0.01931,0.05045,0.03321,0.04117,0.2087,0.2168,
2.17,0.3794,0.1151,0.08052,0.07244,0.1072,0.0545,0.01971,0.04991,0.03375,0.04063,0.2087,0.2175,
2.167,0.4152,0.1204,0.08049,0.07234,0.107,0.05168,0.05129,0.01819,0.03368,0.04055,0.2103,0.2141,
2.167,0.4174,0.1203,0.0806,0.07242,0.1066,0.05171,0.05131,0.0182,0.0337,0.04057,0.2104,0.2142,
2.167,0.4118,0.1204,0.08068,0.07271,0.1051,0.0518,0.0514,0.01822,0.03375,0.04064,0.2108,0.2145,
2.166,0.4175,0.1183,0.0806,0.07274,0.1059,0.05173,0.05134,0.0182,0.03515,0.03915,0.2127,0.2143,
2.166,0.4181,0.1175,0.08086,0.07288,0.1059,0.05176,0.05191,0.01767,0.03517,0.03916,0.2128,0.2144,
2.165,0.4033,0.1162,0.08068,0.0729,0.107,0.0517,0.05185,0.01765,0.03513,0.03912,0.2136,0.2141,
2.162,0.4105,0.1136,0.08044,0.07329,0.1091,0.04948,0.0518,0.01763,0.03509,0.03908,0.2144,0.2161,
2.162,0.4197,0.1132,0.08031,0.07353,0.1088,0.04952,0.05184,0.01764,0.03715,0.03708,0.2146,0.2163,
2.175,0.4144,0.1135,0.08037,0.07373,0.1083,0.04948,0.05179,0.01762,0.03712,0.04517,0.2085,0.2145,
