entropy,entropyInd,RabA,RabB,RabC,RabD,RabE,RabF,RabG,RabH,RabI,RabL,xER,xPM,
2.248,0.3514,0.1322,0.05815,0.05649,0.09257,0.05181,0.04169,0.02744,0.03562,0.03984,0.04897,0.2049,0.2103,
2.246,0.3395,0.1319,0.05803,0.05638,0.09238,0.05171,0.0416,0.02738,0.03555,0.03976,0.04887,0.2066,0.2098,
2.243,0.3405,0.1318,0.05797,0.05632,0.09229,0.05008,0.04156,0.02736,0.03551,0.03972,0.04882,0.2074,0.2112,
2.243,0.3403,0.1317,0.05791,0.05629,0.09185,0.05005,0.04154,0.02734,0.03549,0.03969,0.04879,0.2083,0.2111,
2.242,0.341,0.1317,0.05791,0.05629,0.09185,0.04938,0.04154,0.02734,0.03549,0.03969,0.04879,0.2083,0.2117,
2.242,0.3332,0.1314,0.05793,0.0563,0.09187,0.0494,0.04156,0.02735,0.03551,0.03971,0.0488,0.2084,0.2118,
2.24,0.322,0.1316,0.05802,0.05638,0.09081,0.04798,0.0416,0.02738,0.03555,0.03976,0.04888,0.2087,0.2133,
2.239,0.3359,0.1313,0.058,0.05638,0.09083,0.048,0.04162,0.02739,0.03556,0.03974,0.0489,0.2088,0.2134,
2.239,0.3383,0.1311,0.05802,0.05645,0.09006,0.04806,0.04167,0.02743,0.03561,0.0398,0.04896,0.2091,0.2137,
2.239,0.327,0.1309,0.0573,0.05652,0.09015,0.04812,0.04173,0.02747,0.03565,0.03985,0.049,0.2094,0.214,
2.238,0.3275,0.1309,0.05732,0.05654,0.08983,0.04743,0.04174,0.02747,0.03565,0.03986,0.04902,0.2095,0.2147,
2.238,0.319,0.1319,0.05726,0.05651,0.08938,0.04741,0.04171,0.02746,0.03563,0.03983,0.04899,0.2104,0.2135,
2.236,0.3144,0.1329,0.05722,0.05646,0.08894,0.0467,0.04168,0.02743,0.03561,0.03981,0.04896,0.2113,0.2129,
2.235,0.3153,0.1327,0.05715,0.05648,0.08893,0.04605,0.04169,0.02745,0.03561,0.03982,0.04895,0.2114,0.2137,
2.247,0.3061,0.1342,0.05664,0.05642,0.08886,0.04602,0.04166,0.02743,0.03559,0.04754,0.04891,0.2056,0.2111,
2.246,0.3063,0.1342,0.05664,0.05642,0.08886,0.04535,0.04166,0.02743,0.03559,0.04754,0.04891,0.2056,0.2118,
2.246,0.3065,0.1332,0.05666,0.05645,0.0889,0.04537,0.04168,0.02744,0.0356,0.04756,0.04893,0.2057,0.2126,
2.245,0.3129,0.1321,0.05669,0.05647,0.08858,0.04535,0.04169,0.02744,0.03561,0.04757,0.04895,0.2058,0.2138,
2.242,0.3155,0.1335,0.05657,0.05635,0.0884,0.04367,0.0416,0.02739,0.03554,0.04747,0.04885,0.2074,0.2132,
2.242,0.3186,0.1347,0.05653,0.05631,0.08796,0.04364,0.04157,0.02737,0.03552,0.04744,0.04882,0.2083,0.2118,
2.241,0.3232,0.1345,0.05647,0.05625,0.08787,0.0436,0.04153,0.02734,0.03548,0.04739,0.04877,0.2092,0.2116,
2.24,0.3192,0.1328,0.05642,0.05631,0.08763,0.04361,0.04157,0.02737,0.03552,0.04745,0.04883,0.2094,0.213,
2.24,0.3204,0.1331,0.05653,0.05644,0.0857,0.0437,0.04164,0.02742,0.03559,0.04755,0.04894,0.2099,0.2135,
2.24,0.3195,0.1324,0.05653,0.05644,0.0857,0.0437,0.04164,0.02742,0.03559,0.04755,0.04894,0.2099,0.2142,
2.24,0.3197,0.1347,0.05648,0.0564,0.08526,0.04367,0.04161,0.0274,0.03557,0.04751,0.0489,0.2108,0.2116,
2.239,0.3197,0.1347,0.05648,0.0564,0.08526,0.043,0.04161,0.0274,0.03557,0.04751,0.0489,0.2108,0.2123,
2.239,0.3152,0.1348,0.05651,0.05644,0.08453,0.04304,0.04165,0.02743,0.0356,0.04756,0.04895,0.211,0.2125,
2.237,0.3032,0.1346,0.05659,0.05586,0.08355,0.04305,0.0417,0.02746,0.03565,0.0476,0.04903,0.2114,0.2136,
2.238,0.3021,0.1365,0.05655,0.05583,0.0831,0.04302,0.04167,0.02744,0.03562,0.04757,0.049,0.2123,0.2114,
2.238,0.3015,0.1365,0.05655,0.05583,0.0831,0.04302,0.04167,0.02744,0.03562,0.04757,0.049,0.2123,0.2114,
2.238,0.3011,0.1365,0.05662,0.05583,0.0831,0.04302,0.04167,0.02744,0.03562,0.04757,0.049,0.2123,0.2114,
2.238,0.3114,0.1341,0.05694,0.05579,0.08265,0.04299,0.04163,0.02742,0.03657,0.04781,0.04892,0.212,0.2132,
2.239,0.3142,0.1331,0.05691,0.05587,0.08365,0.04299,0.04163,0.02742,0.03804,0.04634,0.04892,0.212,0.2132,
2.249,0.309,0.1374,0.05687,0.0558,0.08352,0.04292,0.04156,0.02737,0.03798,0.05234,0.04885,0.2077,0.2077,
2.248,0.3052,0.1328,0.05648,0.05573,0.08732,0.0422,0.04151,0.02734,0.03794,0.05228,0.0488,0.2095,0.2081,
2.249,0.3111,0.1324,0.05686,0.05579,0.08697,0.04222,0.04152,0.02735,0.03883,0.05142,0.04884,0.2096,0.2082,
2.24,0.3204,0.1322,0.05693,0.05589,0.08669,0.04276,0.05297,0.01618,0.03922,0.05028,0.04888,0.2097,0.2083,
2.241,0.3275,0.1321,0.05699,0.05592,0.08669,0.04276,0.05297,0.01661,0.03933,0.04975,0.04889,0.2097,0.2083,
2.241,0.334,0.1315,0.05704,0.05597,0.08628,0.04275,0.05296,0.0166,0.04052,0.04854,0.0489,0.2107,0.2083,
2.241,0.3323,0.1312,0.05729,0.05611,0.08592,0.04277,0.05297,0.01661,0.04053,0.04856,0.04893,0.2108,0.2084,
2.24,0.3376,0.127,0.05777,0.05618,0.0873,0.0428,0.05354,0.01608,0.04056,0.04859,0.04896,0.212,0.2092,
2.241,0.3402,0.1269,0.05784,0.05618,0.0873,0.04314,0.0532,0.01608,0.04176,0.04739,0.04896,0.212,0.2092,
2.249,0.3439,0.1264,0.0581,0.05619,0.08721,0.04309,0.05314,0.01607,0.04172,0.05322,0.04891,0.2069,0.209,
2.246,0.3413,0.1257,0.05835,0.05612,0.08716,0.05952,0.03667,0.01606,0.04504,0.04985,0.04888,0.2079,0.2088,
2.245,0.3429,0.1253,0.05849,0.05499,0.08716,0.05952,0.03667,0.01606,0.04504,0.04985,0.04889,0.2079,0.2102,
2.243,0.3486,0.1252,0.05829,0.0551,0.08707,0.05879,0.03697,0.0157,0.04645,0.04834,0.04885,0.2087,0.2106,
2.251,0.3684,0.1247,0.05829,0.0551,0.08696,0.05875,0.03695,0.02827,0.03498,0.04715,0.0488,0.2096,0.2105,
2.25,0.3629,0.1245,0.0582,0.05515,0.08652,0.05871,0.03691,0.02825,0.03496,0.04712,0.04877,0.2105,0.2104,
2.251,0.3653,0.1237,0.05833,0.05515,0.0872,0.05871,0.03691,0.02825,0.03611,0.04597,0.04877,0.2105,0.2104,
2.251,0.3699,0.1231,0.05808,0.05534,0.08728,0.05876,0.03695,0.02828,0.03801,0.04414,0.04881,0.2107,0.2105,
2.251,0.3877,0.1222,0.0589,0.05543,0.08728,0.0581,0.03695,0.02887,0.03742,0.04414,0.04882,0.2107,0.2112,
2.251,0.3744,0.1214,0.059,0.05552,0.0867,0.05817,0.037,0.02891,0.03747,0.04422,0.04892,0.2111,0.2116,
2.251,0.3783,0.1211,0.05921,0.05562,0.0867,0.05817,0.037,0.02891,0.03907,0.04262,0.04892,0.2111,0.2116,
2.249,0.3899,0.1215,0.05861,0.0557,0.0856,0.05863,0.03659,0.02892,0.04591,0.03579,0.04889,0.2123,0.2116,
2.247,0.3839,0.1205,0.05854,0.0558,0.08654,0.05663,0.03659,0.02892,0.04724,0.03446,0.0489,0.2123,0.2136,
2.245,0.3866,0.1204,0.05864,0.0558,0.08654,0.05552,0.03659,0.02892,0.04857,0.03312,0.0489,0.2123,0.2147,
2.26,0.3878,0.1222,0.05913,0.05594,0.08795,0.05439,0.03657,0.02945,0.04802,0.04118,0.04889,0.2052,0.211,
2.26,0.3679,0.1255,0.05932,0.056,0.08786,0.05234,0.03654,0.03098,0.04641,0.04114,0.04886,0.2061,0.209,
2.26,0.368,0.1242,0.05955,0.05595,0.08836,0.0523,0.0365,0.03096,0.04638,0.04111,0.04884,0.207,0.2089,
2.258,0.371,0.1238,0.05926,0.0561,0.08818,0.0522,0.03705,0.03027,0.04824,0.03908,0.04875,0.2086,0.2085,
2.255,0.3756,0.1235,0.05918,0.055,0.08765,0.05211,0.03698,0.03021,0.04815,0.03901,0.04868,0.2104,0.2092,
2.256,0.3743,0.1216,0.05907,0.05505,0.08933,0.05213,0.037,0.03023,0.04817,0.03903,0.04873,0.2104,0.2093,
2.256,0.3814,0.1214,0.05912,0.05509,0.08933,0.05213,0.037,0.03157,0.04683,0.03903,0.04875,0.2104,0.2093,
2.256,0.3848,0.1214,0.05911,0.05515,0.08933,0.05213,0.037,0.03157,0.04683,0.03903,0.04876,0.2104,0.2093,
2.256,0.3777,0.1211,0.05935,0.05523,0.08933,0.05213,0.037,0.03157,0.04771,0.03815,0.04877,0.2104,0.2093,
2.256,0.3839,0.1203,0.06004,0.0553,0.08933,0.05213,0.037,0.03157,0.05024,0.03562,0.04877,0.2104,0.2093,
2.279,0.3717,0.1197,0.06031,0.05519,0.0888,0.05138,0.03693,0.03152,0.05015,0.05168,0.0487,0.196,0.2096,
2.279,0.3764,0.119,0.06095,0.05536,0.08845,0.0514,0.03694,0.03153,0.05335,0.04852,0.04873,0.1961,0.2097,
2.279,0.3776,0.1189,0.06104,0.05534,0.08845,0.05074,0.03694,0.03153,0.05335,0.04852,0.04875,0.1961,0.2103,
2.277,0.3702,0.1238,0.06101,0.0535,0.08819,0.05086,0.03656,0.03143,0.05319,0.04838,0.0486,0.1985,0.206,
2.275,0.3711,0.121,0.06151,0.05338,0.08802,0.05076,0.03649,0.03137,0.05309,0.04828,0.04852,0.2001,0.2075,
2.271,0.3828,0.1203,0.06225,0.05336,0.08802,0.05076,0.04687,0.02098,0.05309,0.04828,0.04853,0.2001,0.2075,
2.269,0.3857,0.1197,0.06242,0.05352,0.0877,0.0497,0.04738,0.02054,0.05313,0.04833,0.04859,0.2002,0.2088,
2.269,0.3731,0.1185,0.06215,0.05356,0.08835,0.04976,0.04744,0.02054,0.05317,0.04834,0.04866,0.2005,0.2091,
2.269,0.3722,0.1182,0.06228,0.05357,0.08791,0.04973,0.0474,0.02053,0.05314,0.0483,0.04864,0.2014,0.2089,
2.268,0.3764,0.1168,0.06247,0.05364,0.08791,0.04973,0.0474,0.02053,0.05595,0.04549,0.04864,0.2014,0.21,
2.267,0.3842,0.1147,0.06221,0.05389,0.08971,0.04821,0.04742,0.02213,0.05439,0.04551,0.04865,0.2015,0.2117,
2.27,0.3817,0.1197,0.06228,0.05397,0.08926,0.0482,0.04742,0.02212,0.05491,0.04498,0.04866,0.2025,0.2061,
2.268,0.386,0.1193,0.06223,0.05404,0.08835,0.04814,0.04778,0.02167,0.05484,0.04492,0.04861,0.2043,0.2058,
2.269,0.3869,0.1191,0.06237,0.05421,0.08797,0.04816,0.0478,0.02247,0.05668,0.04234,0.04863,0.2044,0.2059,
2.268,0.3875,0.1188,0.06232,0.05414,0.08774,0.04814,0.04777,0.02246,0.05665,0.04231,0.04861,0.2053,0.2058,
2.265,0.3862,0.1188,0.06164,0.05267,0.08774,0.04814,0.04777,0.02246,0.0577,0.04126,0.04859,0.2053,0.208,
2.262,0.3891,0.1184,0.06168,0.05266,0.08721,0.04696,0.04768,0.02242,0.05761,0.04119,0.04852,0.207,0.2087,
2.262,0.3874,0.1181,0.06151,0.05273,0.08725,0.04698,0.0477,0.02243,0.05764,0.0412,0.04854,0.2071,0.2088,
2.261,0.3921,0.1178,0.06164,0.05278,0.08681,0.04695,0.04767,0.02241,0.05812,0.04065,0.04851,0.208,0.2087,
2.258,0.4041,0.1161,0.06233,0.05078,0.08668,0.04701,0.04773,0.02244,0.0582,0.0407,0.04859,0.2083,0.2111,
2.258,0.4013,0.1159,0.06248,0.05085,0.08668,0.04701,0.04773,0.02244,0.05908,0.03983,0.04861,0.2083,0.2111,
2.259,0.4012,0.1163,0.06227,0.05095,0.08788,0.04696,0.04768,0.02241,0.05902,0.03978,0.04856,0.2091,0.2091,
2.276,0.3915,0.1147,0.06209,0.05105,0.08891,0.04693,0.04765,0.0224,0.06021,0.05012,0.04854,0.1984,0.209,
2.274,0.3961,0.1105,0.06195,0.05118,0.09309,0.04507,0.04765,0.0224,0.06144,0.04889,0.04855,0.1984,0.2109,
2.273,0.3484,0.1119,0.06171,0.05135,0.0927,0.0444,0.04764,0.02239,0.06142,0.04888,0.04855,0.1994,0.2097,
2.273,0.3426,0.1117,0.06142,0.05155,0.09274,0.04442,0.04766,0.0224,0.06145,0.0489,0.04858,0.1995,0.2097,
2.271,0.3473,0.1104,0.06151,0.05178,0.09252,0.04323,0.04772,0.02244,0.06156,0.04898,0.04867,0.1998,0.2114,
2.27,0.3531,0.1089,0.06143,0.05195,0.09176,0.04327,0.0481,0.02211,0.06161,0.04902,0.04872,0.2,0.2132,
2.27,0.3553,0.1086,0.06163,0.052,0.09176,0.04327,0.04863,0.02159,0.06161,0.04902,0.04872,0.2,0.2132,
2.271,0.3605,0.1114,0.06164,0.05211,0.09133,0.04324,0.04859,0.02157,0.06157,0.04899,0.04869,0.2009,0.21,
2.27,0.365,0.1111,0.0617,0.05204,0.09037,0.04319,0.04853,0.02207,0.06097,0.04894,0.04865,0.2027,0.2098,
2.271,0.3661,0.1109,0.06157,0.05232,0.09037,0.04319,0.04853,0.02249,0.06055,0.04894,0.04865,0.2027,0.2098,
2.268,0.3739,0.1108,0.06155,0.05229,0.09028,0.04315,0.04849,0.02247,0.06616,0.04321,0.0486,0.2035,0.2096,
2.268,0.3775,0.1078,0.06144,0.05237,0.09292,0.0431,0.04844,0.02245,0.06609,0.04317,0.04855,0.2043,0.2094,
2.268,0.3778,0.1075,0.06141,0.05236,0.09296,0.04365,0.04793,0.02246,0.06612,0.04319,0.04858,0.2044,0.2094,
2.268,0.3789,0.1063,0.06178,0.05232,0.09295,0.04364,0.04792,0.02324,0.06533,0.04318,0.04858,0.2054,0.2094,
2.278,0.3989,0.1063,0.06156,0.05251,0.09295,0.04364,0.04792,0.05081,0.03828,0.04266,0.0486,0.2054,0.2094,
2.278,0.3986,0.1065,0.0616,0.0525,0.09285,0.0436,0.04787,0.05076,0.03824,0.04261,0.04856,0.2062,0.2087,
2.277,0.4037,0.1065,0.06159,0.05258,0.09251,0.04295,0.04789,0.05078,0.03825,0.04263,0.0486,0.2063,0.2094,
2.277,0.4004,0.1055,0.06146,0.05271,0.09352,0.04295,0.04789,0.0512,0.04099,0.03947,0.0486,0.2063,0.2094,
2.277,0.4018,0.1048,0.06185,0.05278,0.09342,0.04291,0.04857,0.05042,0.04094,0.03943,0.04856,0.2071,0.2092,
2.277,0.4051,0.1095,0.06213,0.05276,0.09301,0.04198,0.04822,0.05111,0.04024,0.03942,0.04853,0.2081,0.205,
2.277,0.3584,0.1094,0.06216,0.05279,0.09301,0.04198,0.04822,0.05111,0.04024,0.03942,0.04853,0.2081,0.205,
2.278,0.3607,0.1091,0.0624,0.05285,0.09301,0.04198,0.04936,0.04997,0.04024,0.03942,0.04854,0.2081,0.205,
2.274,0.385,0.1076,0.06234,0.05294,0.09418,0.0398,0.04938,0.04999,0.04025,0.03944,0.04858,0.2082,0.2073,
2.257,0.3638,0.1076,0.06229,0.05298,0.09418,0.07198,0.01721,0.04999,0.04113,0.03856,0.04859,0.2082,0.2073,
2.253,0.3592,0.1075,0.06208,0.0531,0.09374,0.07048,0.01666,0.04995,0.0411,0.03854,0.04856,0.2091,0.2092,
2.251,0.3778,0.1068,0.06265,0.05321,0.09374,0.06948,0.01614,0.04995,0.04162,0.03801,0.04857,0.2091,0.2107,
2.25,0.387,0.1052,0.06282,0.05344,0.09334,0.06951,0.01614,0.05039,0.04275,0.0365,0.0486,0.2092,0.2122,
2.259,0.3781,0.106,0.0632,0.05353,0.09284,0.06947,0.01613,0.05078,0.04231,0.04138,0.04858,0.2052,0.2106,
2.257,0.3715,0.1056,0.06336,0.05371,0.09259,0.0684,0.01614,0.05081,0.04233,0.0414,0.04859,0.2053,0.2118,
2.255,0.3621,0.105,0.06342,0.05365,0.09263,0.06767,0.01562,0.05083,0.04332,0.04046,0.04863,0.2055,0.2133,
2.254,0.3686,0.1051,0.06352,0.05384,0.09113,0.06745,0.01555,0.05151,0.04379,0.03929,0.04872,0.2058,0.2143,
2.253,0.3555,0.1051,0.06337,0.0541,0.09012,0.06753,0.01556,0.05157,0.04384,0.03934,0.04878,0.2061,0.2146,
2.254,0.3325,0.1071,0.06341,0.05413,0.08929,0.06689,0.01555,0.05158,0.04384,0.03935,0.04879,0.2072,0.2129,
2.251,0.336,0.1068,0.0634,0.05419,0.08921,0.06516,0.01556,0.0516,0.04483,0.0384,0.04883,0.2073,0.2148,
2.251,0.3337,0.1067,0.06326,0.05441,0.08921,0.06516,0.01556,0.0516,0.04483,0.0384,0.04885,0.2073,0.2148,
2.252,0.3332,0.1017,0.0633,0.05454,0.09393,0.06516,0.01556,0.0516,0.04637,0.03686,0.04888,0.2073,0.2148,
2.251,0.3362,0.101,0.06409,0.05454,0.09393,0.06477,0.01529,0.0516,0.04637,0.03686,0.04888,0.2073,0.2154,
2.248,0.3382,0.09219,0.064,0.05462,0.1007,0.0637,0.0153,0.05162,0.04888,0.03439,0.04891,0.2074,0.2183,
2.251,0.3284,0.09542,0.06379,0.05465,0.1009,0.06377,0.0153,0.05167,0.04893,0.03442,0.04896,0.2087,0.2136,
2.265,0.302,0.09948,0.06355,0.05463,0.1008,0.06359,0.01525,0.05153,0.04879,0.04204,0.04886,0.2035,0.208,
2.265,0.3038,0.0994,0.06362,0.05466,0.1004,0.06415,0.01473,0.05155,0.04881,0.04206,0.04889,0.2036,0.2081,
2.264,0.3066,0.09895,0.06377,0.05475,0.1,0.06411,0.01472,0.05152,0.04984,0.04098,0.04887,0.2045,0.208,
2.264,0.3111,0.09887,0.06376,0.05495,0.09933,0.06417,0.01473,0.05156,0.04988,0.04102,0.04891,0.2047,0.2082,
2.262,0.3123,0.09845,0.06367,0.0551,0.09938,0.0631,0.01537,0.05095,0.05343,0.03751,0.04894,0.2047,0.2094,
2.262,0.3282,0.09835,0.06342,0.05525,0.09894,0.06306,0.01536,0.05093,0.05339,0.03749,0.04892,0.2057,0.2092,
2.26,0.3135,0.09694,0.06384,0.05529,0.09874,0.06185,0.01538,0.051,0.05445,0.03658,0.04899,0.206,0.2109,
2.258,0.3153,0.09594,0.06389,0.05535,0.09934,0.06077,0.01538,0.05102,0.05447,0.0366,0.04903,0.2061,0.2121,
2.249,0.3304,0.1001,0.06351,0.05564,0.09891,0.05972,0.01484,0.0747,0.03072,0.03657,0.04902,0.207,0.2092,
2.249,0.3365,0.09956,0.06352,0.05585,0.09865,0.05977,0.01485,0.07477,0.03128,0.03608,0.04908,0.2072,0.2094,
2.25,0.3266,0.09958,0.06322,0.05609,0.09747,0.05988,0.01594,0.07384,0.03133,0.03614,0.04917,0.2076,0.2098,
2.25,0.3261,0.09942,0.06323,0.05632,0.09708,0.0599,0.01595,0.07387,0.03135,0.03616,0.0492,0.2077,0.2099,
2.247,0.3277,0.09929,0.06301,0.05637,0.09698,0.05931,0.0158,0.07521,0.0299,0.03612,0.04919,0.2085,0.2103,
2.247,0.328,0.09929,0.06285,0.0566,0.09634,0.05936,0.01581,0.07527,0.02993,0.03615,0.04922,0.2087,0.2105,
2.245,0.3242,0.09582,0.06268,0.0565,0.09754,0.05935,0.0158,0.07568,0.02947,0.03613,0.0492,0.2097,0.2121,
2.244,0.3236,0.09573,0.06282,0.05651,0.0972,0.05937,0.0158,0.07694,0.02824,0.03615,0.04923,0.2098,0.2122,
2.244,0.3298,0.09566,0.0628,0.0566,0.0972,0.05991,0.01583,0.07637,0.0293,0.03509,0.04924,0.2098,0.2122,
2.244,0.329,0.09767,0.0628,0.0566,0.09679,0.05987,0.01582,0.07732,0.02935,0.034,0.04922,0.2107,0.2099,
2.245,0.3244,0.09618,0.06262,0.05666,0.09812,0.05989,0.01639,0.07677,0.02934,0.03401,0.04924,0.2108,0.21,
2.261,0.3213,0.09573,0.0624,0.05687,0.09792,0.0603,0.01616,0.07705,0.0285,0.04491,0.04917,0.2014,0.2096,
2.261,0.3329,0.09471,0.06271,0.0569,0.09792,0.0603,0.01669,0.07652,0.0285,0.04491,0.04918,0.2014,0.2102,
2.256,0.3279,0.09242,0.06075,0.05672,0.09782,0.06024,0.01668,0.07698,0.02795,0.04487,0.04913,0.2022,0.2142,
2.246,0.3347,0.0923,0.06072,0.05694,0.09748,0.06654,0.0104,0.07753,0.02742,0.04489,0.04916,0.2023,0.2143,
2.242,0.341,0.09224,0.06065,0.05705,0.09748,0.0639,0.0104,0.07753,0.02742,0.04489,0.04918,0.2023,0.217,
2.244,0.3484,0.09208,0.06041,0.05711,0.09723,0.06395,0.0104,0.07837,0.03269,0.03889,0.04922,0.2025,0.2171,
2.245,0.3424,0.09354,0.06019,0.0572,0.09713,0.06389,0.01092,0.07864,0.03248,0.03814,0.04918,0.2033,0.2154,
2.242,0.3481,0.09338,0.06039,0.05722,0.09648,0.06413,0.01007,0.07871,0.03251,0.03818,0.04921,0.2035,0.2162,
2.243,0.3361,0.09884,0.06005,0.05733,0.09623,0.06293,0.009939,0.07969,0.03152,0.03817,0.04921,0.2045,0.2116,
2.241,0.3254,0.09837,0.05961,0.05746,0.09537,0.06109,0.01046,0.07917,0.03152,0.03817,0.04923,0.2056,0.214,
2.24,0.3278,0.1001,0.05985,0.05741,0.09487,0.06158,0.009924,0.0799,0.03126,0.03762,0.04922,0.2065,0.2118,
2.239,0.3292,0.09951,0.06012,0.05762,0.09376,0.06169,0.009935,0.08127,0.03007,0.03769,0.0493,0.2068,0.2122,
2.239,0.3319,0.09936,0.0601,0.05775,0.09376,0.06169,0.009935,0.08127,0.03007,0.03769,0.04934,0.2068,0.2122,
2.238,0.3338,0.09771,0.06022,0.05781,0.09521,0.06169,0.009935,0.08222,0.02911,0.03769,0.04936,0.2068,0.2122,
2.238,0.3325,0.09672,0.06017,0.05789,0.09584,0.06171,0.009939,0.08226,0.02913,0.0377,0.04941,0.2069,0.2123,
2.263,0.3862,0.09674,0.06007,0.05813,0.09506,0.06021,0.06292,0.02989,0.03028,0.03608,0.04946,0.2071,0.214,
2.262,0.3986,0.09661,0.05999,0.05817,0.09469,0.06075,0.06244,0.03044,0.02978,0.0361,0.04951,0.2073,0.2142,
2.263,0.384,0.09204,0.05995,0.05824,0.0987,0.06076,0.06248,0.03046,0.03276,0.03317,0.04955,0.2075,0.2144,
2.262,0.3823,0.09195,0.0594,0.05852,0.09874,0.06129,0.06234,0.03056,0.03333,0.03221,0.04958,0.2076,0.2145,
2.262,0.3828,0.09461,0.05907,0.05852,0.09858,0.06119,0.06313,0.02962,0.03327,0.03216,0.04949,0.2093,0.2111,
2.261,0.3808,0.09438,0.05906,0.05854,0.09848,0.06113,0.06377,0.02888,0.03324,0.03212,0.04944,0.2101,0.2108,
2.261,0.3815,0.09381,0.05877,0.05894,0.09779,0.06166,0.06395,0.02839,0.03328,0.03217,0.04954,0.2105,0.2112,
2.26,0.3828,0.09248,0.05899,0.05892,0.09779,0.06166,0.06395,0.02839,0.03328,0.03217,0.04955,0.2105,0.2123,
2.26,0.3848,0.09206,0.05909,0.059,0.09777,0.06165,0.06398,0.02882,0.0334,0.03165,0.04958,0.2106,0.2124,
2.257,0.4089,0.09206,0.05899,0.05914,0.09743,0.06155,0.06403,0.03709,0.02458,0.03166,0.0496,0.2107,0.2132,
2.262,0.395,0.09405,0.05892,0.05927,0.0967,0.06194,0.06359,0.03708,0.02457,0.03338,0.04958,0.21,0.2109,
2.262,0.3937,0.09379,0.05918,0.05927,0.0967,0.06194,0.06359,0.03708,0.02457,0.03338,0.04958,0.21,0.2109,
2.261,0.3739,0.0933,0.0592,0.05944,0.09611,0.06135,0.0642,0.03659,0.02584,0.03218,0.04967,0.2103,0.2119,
2.26,0.3727,0.09316,0.05908,0.05952,0.09565,0.06131,0.06417,0.03657,0.02582,0.03216,0.04965,0.2112,0.2117,
2.26,0.3726,0.09296,0.05899,0.05957,0.09563,0.0613,0.06419,0.03657,0.02583,0.03217,0.04968,0.2113,0.2118,
2.265,0.3649,0.09262,0.05874,0.05955,0.09557,0.06126,0.06415,0.03655,0.02582,0.03528,0.04967,0.2091,0.2117,
2.265,0.367,0.0925,0.05877,0.05964,0.09557,0.06154,0.06388,0.03655,0.02582,0.03528,0.04967,0.2091,0.2117,
2.265,0.371,0.08894,0.05892,0.05971,0.09891,0.06196,0.06345,0.03708,0.02617,0.0344,0.04968,0.2091,0.2117,
2.265,0.3696,0.08688,0.05885,0.05976,0.101,0.06196,0.06345,0.03708,0.02617,0.0344,0.0497,0.2091,0.2117,
2.265,0.4051,0.0868,0.05853,0.06,0.1006,0.06198,0.0635,0.03763,0.03093,0.02914,0.04974,0.2093,0.2119,
2.264,0.4057,0.0856,0.05851,0.06,0.1015,0.06131,0.06352,0.03765,0.03094,0.02915,0.04978,0.2093,0.2127,
2.266,0.3833,0.0882,0.05836,0.06002,0.1011,0.06126,0.06351,0.03764,0.03093,0.02914,0.04978,0.2104,0.2097,
2.265,0.3841,0.08748,0.05892,0.05995,0.101,0.0612,0.06398,0.03764,0.03033,0.02911,0.04973,0.2112,0.2094,
2.261,0.3845,0.08384,0.05893,0.05996,0.1007,0.06122,0.064,0.03765,0.03185,0.02761,0.04977,0.2113,0.2132,
2.26,0.3909,0.08382,0.05826,0.05992,0.1008,0.06155,0.06432,0.03715,0.03277,0.02675,0.04983,0.2115,0.2134,
2.284,0.3873,0.08693,0.05818,0.05989,0.1003,0.06154,0.0643,0.03714,0.03328,0.03753,0.04983,0.2012,0.2099,
2.283,0.4002,0.08688,0.05812,0.05999,0.1003,0.06087,0.06483,0.03661,0.03328,0.03753,0.04984,0.2012,0.2105,
2.28,0.3937,0.0867,0.05784,0.05943,0.09923,0.06067,0.06445,0.03662,0.03418,0.03666,0.04985,0.2023,0.212,
2.279,0.3938,0.08566,0.05753,0.05971,0.09972,0.06076,0.06379,0.03665,0.03421,0.03669,0.04989,0.2025,0.2129,
2.277,0.3973,0.0871,0.05724,0.05975,0.09966,0.05929,0.06381,0.036,0.03419,0.03667,0.04986,0.2034,0.213,
2.273,0.3992,0.08703,0.05723,0.05988,0.09933,0.05647,0.06383,0.03601,0.0342,0.03668,0.04988,0.2035,0.216,
2.274,0.3973,0.09007,0.05734,0.05987,0.09892,0.0558,0.06435,0.03547,0.03419,0.03667,0.04987,0.2045,0.213,
2.274,0.396,0.08954,0.0575,0.05988,0.09896,0.05582,0.06438,0.03549,0.03421,0.03669,0.04989,0.2046,0.2131,
2.271,0.3979,0.09208,0.05775,0.05984,0.09891,0.05172,0.06434,0.03547,0.03419,0.03667,0.04987,0.2055,0.2137,
2.262,0.398,0.09604,0.05771,0.05869,0.09854,0.05163,0.07569,0.02395,0.03413,0.03661,0.04977,0.2072,0.21,
2.257,0.404,0.09595,0.05774,0.05873,0.09854,0.04933,0.07524,0.02333,0.03413,0.03661,0.04979,0.2072,0.2134,
