entropy,entropyInd,RabA,RabB,RabC,RabD,RabE,RabF,RabG,RabH,RabI,xER,xPM,
2.178,0.3355,0.106,0.0907,0.0685,0.1252,0.05449,0.03938,0.03062,0.03407,0.03502,0.2066,0.2094,
2.177,0.3336,0.1079,0.09069,0.06848,0.1243,0.05397,0.03924,0.03045,0.03405,0.03501,0.2077,0.2082,
2.177,0.3438,0.1078,0.09059,0.0684,0.1242,0.05392,0.0392,0.03042,0.03402,0.03497,0.2085,0.208,
2.177,0.3454,0.1079,0.09067,0.06846,0.1235,0.05395,0.03923,0.03044,0.03405,0.035,0.2087,0.2082,
2.172,0.3461,0.106,0.0906,0.06842,0.123,0.05172,0.03921,0.03042,0.03402,0.03497,0.2096,0.2121,
2.172,0.3402,0.1049,0.09067,0.06852,0.1228,0.05181,0.03927,0.03046,0.03408,0.03503,0.2099,0.2125,
2.172,0.3396,0.1049,0.09067,0.06852,0.1228,0.05181,0.03927,0.03046,0.03408,0.03503,0.2099,0.2125,
2.185,0.3326,0.1068,0.0906,0.06847,0.1223,0.05178,0.03925,0.03044,0.03406,0.04226,0.2036,0.2104,
2.184,0.344,0.1066,0.09034,0.06842,0.1219,0.05174,0.03923,0.03042,0.03404,0.04223,0.2045,0.2106,
2.179,0.3344,0.1073,0.08955,0.06849,0.1209,0.04875,0.03929,0.03046,0.03409,0.04229,0.2059,0.2131,
2.176,0.3275,0.1073,0.08958,0.06852,0.1205,0.047,0.0393,0.03048,0.0341,0.0423,0.206,0.215,
2.177,0.3232,0.1103,0.08929,0.06836,0.1199,0.04689,0.03921,0.0304,0.03402,0.04221,0.2086,0.2109,
2.177,0.3222,0.1135,0.0892,0.06829,0.1197,0.04618,0.03917,0.03037,0.03398,0.04216,0.2094,0.208,
2.175,0.3289,0.1116,0.08931,0.06837,0.1191,0.04571,0.03909,0.03041,0.03403,0.04221,0.2097,0.2105,
2.174,0.3306,0.1117,0.08935,0.0684,0.1187,0.04463,0.03911,0.03042,0.03404,0.04223,0.2098,0.2117,
2.174,0.3212,0.1117,0.08935,0.0684,0.1187,0.04463,0.03911,0.03042,0.03404,0.04223,0.2098,0.2117,
2.174,0.3246,0.1114,0.08945,0.06849,0.118,0.04468,0.03916,0.03046,0.03408,0.04228,0.2101,0.2119,
2.18,0.3202,0.1157,0.08824,0.06826,0.1179,0.04266,0.03913,0.03043,0.03406,0.04753,0.2067,0.2094,
2.179,0.3208,0.1156,0.08818,0.06821,0.1175,0.04264,0.0391,0.03041,0.03403,0.0475,0.2076,0.2092,
2.179,0.3212,0.1156,0.08818,0.06821,0.1175,0.04264,0.0391,0.03041,0.03403,0.0475,0.2076,0.2092,
2.178,0.3248,0.1154,0.08803,0.06808,0.1169,0.04256,0.03903,0.03035,0.03397,0.04741,0.2093,0.2089,
2.178,0.3291,0.1154,0.08803,0.06808,0.1169,0.04256,0.03903,0.03035,0.03397,0.04741,0.2093,0.2089,
2.177,0.3287,0.1155,0.08806,0.06811,0.1166,0.04186,0.03905,0.03037,0.03398,0.04743,0.2094,0.2097,
2.193,0.3243,0.116,0.08792,0.068,0.1164,0.04179,0.03898,0.03032,0.03393,0.05971,0.1988,0.2082,
2.191,0.3292,0.1159,0.08786,0.06796,0.1159,0.04111,0.03896,0.03029,0.03391,0.05967,0.1997,0.2087,
2.191,0.3261,0.116,0.08762,0.06798,0.1158,0.04113,0.03898,0.03031,0.03392,0.05969,0.1998,0.2088,
2.191,0.3311,0.116,0.08762,0.06798,0.1158,0.04113,0.03898,0.03031,0.03392,0.05969,0.1998,0.2088,
2.191,0.3188,0.1157,0.08749,0.06807,0.1153,0.04118,0.03902,0.03034,0.03396,0.05976,0.2,0.2091,
2.191,0.31,0.1155,0.08758,0.06816,0.1147,0.04122,0.03907,0.03035,0.03399,0.05982,0.2003,0.2094,
2.19,0.3098,0.1149,0.08723,0.0681,0.1141,0.04119,0.03904,0.03033,0.03395,0.05976,0.2021,0.2092,
2.19,0.3114,0.1149,0.08723,0.0681,0.1141,0.04119,0.03904,0.03033,0.03395,0.05976,0.2021,0.2092,
2.188,0.3209,0.1157,0.08749,0.06811,0.114,0.0406,0.03937,0.03026,0.03311,0.05973,0.203,0.2086,
2.188,0.3237,0.1153,0.08751,0.06818,0.114,0.04089,0.03968,0.03252,0.03032,0.05976,0.2031,0.2087,
2.188,0.3433,0.1152,0.08757,0.06829,0.1137,0.04024,0.03969,0.03253,0.03138,0.05872,0.2032,0.2094,
2.188,0.3216,0.115,0.0879,0.06862,0.1122,0.04031,0.03976,0.03259,0.03196,0.0583,0.2036,0.2098,
2.187,0.3249,0.1142,0.08818,0.06857,0.112,0.04022,0.03968,0.03252,0.0319,0.05818,0.2052,0.2094,
2.187,0.3304,0.1138,0.08838,0.06865,0.1111,0.04022,0.0402,0.03199,0.03189,0.05816,0.2062,0.2093,
2.187,0.3376,0.1134,0.08869,0.06876,0.1111,0.04022,0.0402,0.03251,0.03189,0.05764,0.2062,0.2093,
2.187,0.3319,0.1123,0.08885,0.06897,0.1108,0.04027,0.04027,0.03257,0.03247,0.0572,0.2066,0.2097,
2.186,0.3364,0.1118,0.08904,0.06906,0.1094,0.04024,0.04024,0.03307,0.03192,0.05716,0.2085,0.2096,
2.196,0.338,0.1128,0.08906,0.06897,0.1092,0.0395,0.04015,0.033,0.0329,0.06498,0.2011,0.2083,
2.196,0.3386,0.1127,0.08928,0.06912,0.1084,0.03953,0.04019,0.03303,0.03293,0.06504,0.2013,0.2085,
2.196,0.3491,0.1125,0.08915,0.06911,0.1075,0.03947,0.04014,0.03298,0.03407,0.06377,0.2031,0.2083,
2.197,0.3456,0.1121,0.08885,0.06754,0.1072,0.03951,0.0407,0.03248,0.0402,0.05769,0.2033,0.2104,
2.19,0.3628,0.1079,0.08894,0.06757,0.1114,0.05636,0.02384,0.03248,0.0402,0.05769,0.2033,0.2104,
2.192,0.3533,0.1126,0.08867,0.06779,0.1107,0.0568,0.02328,0.03243,0.04014,0.0576,0.205,0.205,
2.191,0.3511,0.1126,0.08858,0.06792,0.1107,0.05614,0.02328,0.03243,0.04067,0.05707,0.205,0.2056,
2.186,0.3514,0.1076,0.08868,0.06627,0.1147,0.05423,0.02331,0.03247,0.04072,0.05714,0.2052,0.2097,
2.185,0.3616,0.1097,0.08877,0.06625,0.1151,0.05264,0.02299,0.0324,0.04202,0.05564,0.2069,0.2076,
2.185,0.3556,0.1083,0.08881,0.06638,0.1156,0.05261,0.02298,0.03239,0.04199,0.05561,0.2078,0.2075,
2.185,0.359,0.1083,0.08878,0.06655,0.1152,0.05263,0.02298,0.03239,0.042,0.05563,0.2079,0.2076,
2.183,0.3612,0.1074,0.08886,0.06558,0.1151,0.0527,0.02301,0.03244,0.04206,0.0557,0.2081,0.209,
2.19,0.3582,0.1066,0.08823,0.0656,0.1146,0.05268,0.02301,0.03243,0.04573,0.05738,0.2048,0.2089,
2.188,0.3605,0.1064,0.08846,0.06426,0.1139,0.05271,0.02302,0.03244,0.04577,0.05742,0.205,0.2106,
2.188,0.357,0.1034,0.08877,0.06451,0.1159,0.05276,0.02304,0.03247,0.04581,0.05747,0.2051,0.2108,
2.188,0.3585,0.1015,0.08863,0.06478,0.1171,0.0528,0.02306,0.0325,0.04583,0.0575,0.2053,0.211,
2.185,0.3809,0.1012,0.08855,0.06393,0.1167,0.05175,0.02308,0.03253,0.04587,0.05755,0.2055,0.2133,
2.186,0.3743,0.103,0.08845,0.06399,0.1158,0.05169,0.02305,0.03248,0.04634,0.05695,0.2073,0.2109,
2.187,0.3575,0.1053,0.08846,0.06404,0.115,0.05167,0.02304,0.03248,0.04725,0.05602,0.2083,0.2085,
2.184,0.3725,0.1043,0.08841,0.06409,0.1156,0.04983,0.02306,0.03251,0.04729,0.05606,0.2085,0.2104,
2.185,0.3566,0.1061,0.0882,0.06426,0.1155,0.04978,0.02304,0.03247,0.04724,0.05601,0.2093,0.2081,
2.185,0.3508,0.1061,0.08829,0.06446,0.1141,0.04985,0.02307,0.03252,0.04732,0.05609,0.2097,0.2085,
2.188,0.3759,0.1056,0.08796,0.06469,0.114,0.04746,0.02306,0.0325,0.04729,0.06177,0.2049,0.2107,
2.189,0.3648,0.1052,0.08797,0.06488,0.1137,0.0475,0.02308,0.03306,0.04769,0.06095,0.2051,0.2109,
2.186,0.3739,0.1051,0.08801,0.0651,0.1133,0.04576,0.02309,0.03307,0.04771,0.06098,0.2052,0.2128,
2.179,0.3737,0.1052,0.08753,0.06418,0.1127,0.0431,0.02259,0.03311,0.04918,0.05964,0.2054,0.2174,
2.17,0.3738,0.1051,0.08753,0.06427,0.1127,0.04363,0.04502,0.01107,0.04826,0.05964,0.2054,0.2174,
2.17,0.3742,0.1067,0.08698,0.06442,0.1119,0.04365,0.04505,0.01107,0.04829,0.05968,0.2066,0.2156,
2.172,0.383,0.1093,0.08712,0.06443,0.1115,0.04408,0.04457,0.01107,0.04914,0.05876,0.2075,0.2125,
2.168,0.3732,0.1093,0.08695,0.06146,0.1115,0.04408,0.04457,0.01107,0.04914,0.05876,0.2075,0.2157,
2.167,0.3765,0.109,0.08683,0.06153,0.1115,0.04344,0.04459,0.01107,0.0504,0.05755,0.2076,0.2164,
2.186,0.3936,0.1139,0.08699,0.06168,0.1111,0.04341,0.04456,0.03471,0.03006,0.05415,0.2085,0.211,
2.19,0.4186,0.1163,0.08685,0.06172,0.1104,0.04345,0.04461,0.03474,0.03599,0.0483,0.2098,0.2078,
2.192,0.3969,0.1151,0.08667,0.06184,0.11,0.04275,0.04458,0.03583,0.04041,0.04481,0.2096,0.2083,
2.191,0.3997,0.115,0.0867,0.06213,0.1093,0.04212,0.04514,0.03533,0.04045,0.04484,0.2098,0.2092,
2.205,0.3942,0.1111,0.08708,0.06212,0.1119,0.04211,0.04513,0.03604,0.04026,0.05502,0.2001,0.2091,
2.205,0.393,0.1111,0.08704,0.06216,0.1119,0.0431,0.04415,0.03604,0.04026,0.05502,0.2001,0.2091,
2.206,0.4073,0.1095,0.08687,0.06238,0.1131,0.04312,0.04416,0.03605,0.04181,0.05349,0.2002,0.2092,
2.206,0.3994,0.1095,0.08693,0.06244,0.1127,0.04314,0.04418,0.03606,0.04183,0.05352,0.2003,0.2093,
2.205,0.3985,0.1095,0.0868,0.06247,0.1123,0.04311,0.04416,0.03604,0.04234,0.05295,0.2012,0.2092,
2.206,0.4027,0.1085,0.08695,0.06259,0.1124,0.04314,0.04419,0.03607,0.04719,0.04818,0.2014,0.2094,
2.206,0.3984,0.1085,0.08693,0.06266,0.1124,0.04314,0.04493,0.03534,0.04719,0.04818,0.2014,0.2094,
2.206,0.3986,0.1085,0.08668,0.06304,0.112,0.04316,0.04495,0.03535,0.04809,0.04732,0.2015,0.2095,
2.195,0.4129,0.1082,0.08649,0.06311,0.1112,0.06534,0.02279,0.03536,0.04809,0.04731,0.2025,0.2096,
2.193,0.3997,0.1079,0.08623,0.0631,0.1099,0.06532,0.02278,0.03535,0.04926,0.0461,0.2045,0.2095,
2.194,0.3749,0.1078,0.08624,0.06325,0.1099,0.06532,0.02278,0.03605,0.04856,0.0461,0.2045,0.2095,
2.194,0.3804,0.1059,0.08629,0.06345,0.1107,0.0654,0.02281,0.03681,0.04791,0.04616,0.2048,0.2098,
2.194,0.391,0.1052,0.08625,0.0638,0.1104,0.06536,0.02322,0.03636,0.04788,0.04614,0.2057,0.2097,
2.192,0.3792,0.1052,0.08624,0.06391,0.1098,0.06374,0.02324,0.03639,0.0488,0.04529,0.2059,0.2115,
2.192,0.3811,0.1044,0.0866,0.06397,0.1099,0.06377,0.02325,0.03641,0.04883,0.04531,0.206,0.2116,
2.192,0.3829,0.1042,0.08646,0.06426,0.1099,0.06377,0.02325,0.03641,0.04883,0.04531,0.206,0.2116,
2.191,0.3805,0.109,0.08652,0.06352,0.1096,0.06162,0.02319,0.03684,0.04817,0.04519,0.2085,0.2078,
2.189,0.3858,0.107,0.08635,0.06356,0.1111,0.06092,0.02318,0.03682,0.04814,0.04516,0.2094,0.2084,
2.189,0.4068,0.107,0.08632,0.06366,0.1108,0.06094,0.02319,0.03683,0.0494,0.04394,0.2095,0.2084,
2.186,0.3832,0.1071,0.08623,0.06389,0.1083,0.06003,0.02326,0.03695,0.05505,0.03858,0.2103,0.2103,
2.183,0.3914,0.1062,0.08621,0.06397,0.1088,0.05759,0.02323,0.03691,0.05499,0.03854,0.2111,0.2125,
2.183,0.3723,0.1053,0.08627,0.06397,0.1097,0.05759,0.02323,0.03691,0.05499,0.03854,0.2111,0.2125,
2.181,0.3743,0.1052,0.08618,0.06411,0.1097,0.05648,0.02323,0.03691,0.05499,0.03854,0.2111,0.2136,
2.186,0.4075,0.1072,0.0861,0.06428,0.1089,0.05646,0.02322,0.03782,0.05406,0.0409,0.2097,0.2113,
2.186,0.3682,0.1064,0.08573,0.06449,0.1081,0.05653,0.02325,0.03786,0.05412,0.04095,0.211,0.2116,
2.18,0.3942,0.1061,0.08582,0.06395,0.1081,0.056,0.02312,0.062,0.03212,0.03882,0.211,0.2129,
2.18,0.3813,0.106,0.08599,0.06395,0.1081,0.056,0.02312,0.062,0.03265,0.03828,0.211,0.2129,
2.18,0.3843,0.1044,0.08622,0.064,0.1091,0.05602,0.02313,0.06203,0.03266,0.0383,0.2111,0.213,
2.185,0.3841,0.1066,0.08618,0.06424,0.1092,0.05601,0.02312,0.06201,0.03266,0.03974,0.2107,0.2096,
2.185,0.3856,0.1064,0.08613,0.0632,0.1087,0.0564,0.02268,0.0625,0.0321,0.04135,0.21,0.2106,
2.184,0.3873,0.106,0.0861,0.06333,0.1086,0.05634,0.02265,0.06286,0.03164,0.04131,0.2108,0.2104,
2.189,0.3821,0.1057,0.08586,0.06335,0.1083,0.05622,0.02261,0.06326,0.03157,0.04492,0.2082,0.2099,
2.189,0.3993,0.105,0.08571,0.06355,0.1089,0.05622,0.02261,0.06369,0.03228,0.04379,0.2082,0.2099,
2.187,0.3883,0.1048,0.08541,0.0636,0.1085,0.0559,0.02261,0.06455,0.03144,0.0438,0.2093,0.21,
2.187,0.3905,0.1044,0.08533,0.06371,0.1081,0.05577,0.02261,0.06454,0.03232,0.04291,0.2103,0.21,
2.208,0.3838,0.1041,0.08546,0.06378,0.1073,0.05575,0.0226,0.06523,0.03435,0.05474,0.1968,0.2099,
2.206,0.4191,0.1031,0.08536,0.06378,0.1081,0.05503,0.02258,0.06516,0.03431,0.05468,0.1976,0.2104,
2.206,0.4253,0.1031,0.0853,0.06403,0.1073,0.05508,0.0226,0.06522,0.03433,0.05473,0.1977,0.2106,
2.205,0.4276,0.1016,0.08503,0.06401,0.108,0.05491,0.02253,0.06503,0.03423,0.05457,0.2001,0.2099,
2.203,0.4272,0.1016,0.08498,0.06248,0.108,0.05491,0.02253,0.06503,0.03536,0.05344,0.2001,0.2116,
2.203,0.4276,0.1025,0.08519,0.06253,0.1074,0.05483,0.02249,0.06492,0.0353,0.05335,0.2018,0.2097,
2.203,0.4271,0.1019,0.08558,0.06274,0.1074,0.05417,0.02249,0.06492,0.03618,0.05248,0.2018,0.2103,
2.202,0.438,0.1011,0.0864,0.06284,0.1071,0.05419,0.0225,0.06685,0.03429,0.05249,0.2019,0.2104,
2.202,0.4365,0.1024,0.08624,0.06282,0.1064,0.05412,0.02247,0.06677,0.03425,0.05243,0.2037,0.2083,
2.198,0.44,0.1015,0.08566,0.06302,0.1063,0.05218,0.02248,0.06768,0.03341,0.05246,0.2049,0.2105,
2.198,0.4383,0.09976,0.08599,0.06311,0.1071,0.05222,0.0225,0.06773,0.03344,0.05249,0.205,0.2107,
2.199,0.436,0.1014,0.08579,0.06329,0.1075,0.05219,0.02248,0.06769,0.03342,0.05246,0.2059,0.2079,
2.197,0.4408,0.1012,0.08565,0.06334,0.1074,0.05214,0.02299,0.07048,0.03085,0.05154,0.2068,0.2076,
2.197,0.441,0.101,0.08585,0.06334,0.1074,0.05214,0.02299,0.07048,0.03085,0.05154,0.2068,0.2076,
2.197,0.4453,0.09961,0.08582,0.06378,0.1076,0.05278,0.02332,0.06968,0.03088,0.0516,0.207,0.2079,
2.197,0.4474,0.09605,0.08587,0.06383,0.111,0.05278,0.02332,0.07063,0.03101,0.05052,0.207,0.2079,
2.197,0.4594,0.09553,0.0862,0.06401,0.111,0.05278,0.02332,0.07063,0.03101,0.05052,0.207,0.2079,
2.195,0.4569,0.09528,0.08594,0.06291,0.1108,0.05267,0.02369,0.07006,0.03095,0.05042,0.2087,0.2086,
2.202,0.4461,0.09499,0.08573,0.0629,0.1106,0.05256,0.02365,0.07034,0.03099,0.05613,0.204,0.2082,
2.199,0.4465,0.09423,0.08532,0.06291,0.1104,0.05242,0.0241,0.0713,0.02923,0.05597,0.2065,0.2076,
2.198,0.4468,0.09369,0.08528,0.0623,0.1109,0.05295,0.02358,0.0713,0.02923,0.05597,0.2065,0.2083,
2.198,0.4474,0.09331,0.08556,0.0625,0.1106,0.05296,0.02359,0.07133,0.02923,0.056,0.2066,0.2084,
2.199,0.4447,0.09331,0.08549,0.06256,0.1106,0.05296,0.02359,0.07133,0.03071,0.05452,0.2066,0.2084,
2.199,0.4506,0.09345,0.08574,0.06278,0.1083,0.0531,0.02365,0.07151,0.03079,0.05465,0.2071,0.2089,
2.201,0.4465,0.09323,0.08599,0.06284,0.1079,0.05312,0.02456,0.07064,0.03218,0.0533,0.2072,0.209,
2.201,0.4487,0.09317,0.08617,0.06292,0.1072,0.05316,0.02458,0.0707,0.03339,0.05215,0.2074,0.2092,
2.202,0.4413,0.09314,0.08612,0.063,0.1072,0.05316,0.0251,0.07017,0.03439,0.05115,0.2074,0.2092,
2.203,0.4406,0.09294,0.0857,0.06329,0.1072,0.05319,0.02564,0.06967,0.03441,0.05117,0.2075,0.2093,
2.203,0.4471,0.09302,0.08578,0.06333,0.1065,0.05323,0.02566,0.06973,0.03444,0.05121,0.2077,0.2095,
2.201,0.4431,0.08823,0.08518,0.06337,0.1111,0.05296,0.02566,0.07062,0.03523,0.0495,0.2087,0.2094,
2.197,0.4479,0.08803,0.085,0.06243,0.1108,0.05105,0.02568,0.07068,0.03525,0.04954,0.2089,0.2126,
2.197,0.44,0.08673,0.08543,0.06246,0.1114,0.05107,0.02611,0.07029,0.03527,0.04957,0.209,0.2127,
2.194,0.4438,0.08596,0.08534,0.0626,0.1118,0.0503,0.02559,0.07074,0.03486,0.04958,0.209,0.2141,
2.206,0.4445,0.0902,0.08513,0.0625,0.1116,0.05075,0.02555,0.0701,0.0409,0.0487,0.2055,0.2091,
2.205,0.4496,0.08922,0.08506,0.06255,0.1123,0.0507,0.02552,0.07071,0.04134,0.04748,0.2063,0.2088,
2.204,0.4494,0.08881,0.08519,0.06244,0.1117,0.05061,0.02548,0.07059,0.04256,0.04611,0.208,0.2085,
2.204,0.4326,0.08845,0.08542,0.06243,0.1106,0.05062,0.02601,0.07009,0.04257,0.04612,0.2091,0.2086,
2.209,0.4381,0.0884,0.08543,0.06257,0.1102,0.05064,0.06484,0.03129,0.04258,0.04614,0.2092,0.2087,
2.208,0.4478,0.08828,0.08541,0.06272,0.1102,0.05117,0.06488,0.03073,0.04597,0.04275,0.2092,0.2087,
2.211,0.4441,0.0878,0.0857,0.06266,0.1101,0.05112,0.06481,0.03164,0.04497,0.04467,0.2081,0.2084,
2.216,0.433,0.09286,0.08586,0.06151,0.1096,0.05108,0.06814,0.04103,0.03463,0.04412,0.207,0.2041,
2.216,0.4305,0.09277,0.08595,0.06159,0.1093,0.05111,0.06817,0.04105,0.03465,0.04414,0.2071,0.2042,
2.216,0.4324,0.09263,0.08605,0.06165,0.109,0.05113,0.06873,0.04054,0.03519,0.04363,0.2072,0.2042,
2.216,0.4581,0.09148,0.08617,0.06188,0.1095,0.05114,0.06876,0.04108,0.04114,0.03718,0.2073,0.2043,
2.215,0.4783,0.09052,0.08612,0.06194,0.1101,0.05109,0.06868,0.04104,0.0411,0.03714,0.2081,0.2041,
2.222,0.4315,0.08898,0.08578,0.06188,0.1114,0.05106,0.06861,0.04101,0.04107,0.04196,0.2042,0.204,
2.222,0.4368,0.08793,0.08572,0.06201,0.1124,0.05106,0.06861,0.04101,0.04258,0.04045,0.2042,0.204,
2.222,0.4209,0.08732,0.08577,0.06201,0.113,0.05106,0.06861,0.04101,0.04258,0.04045,0.2042,0.204,
2.221,0.4263,0.08724,0.08588,0.06205,0.1117,0.05108,0.06863,0.04102,0.04355,0.0395,0.2053,0.2041,
2.22,0.4213,0.08694,0.0861,0.06213,0.1117,0.04998,0.06863,0.04182,0.04276,0.0395,0.2053,0.2052,
2.22,0.4005,0.08677,0.08609,0.06239,0.1113,0.05,0.06866,0.04184,0.04408,0.0382,0.2054,0.2052,
2.22,0.4086,0.08664,0.08602,0.06259,0.1113,0.05,0.06866,0.04184,0.04408,0.0382,0.2054,0.2052,
2.218,0.406,0.08657,0.08609,0.06128,0.111,0.05002,0.06869,0.04185,0.0441,0.03822,0.2055,0.2067,
2.216,0.4095,0.08542,0.08605,0.06154,0.112,0.0487,0.06869,0.04185,0.0441,0.03822,0.2055,0.208,
2.215,0.4216,0.08524,0.08593,0.06161,0.1119,0.04865,0.06862,0.04181,0.04406,0.03818,0.2063,0.2078,
2.216,0.4266,0.08521,0.08584,0.06182,0.1112,0.04903,0.06834,0.04184,0.04462,0.03768,0.2065,0.2079,
2.214,0.4152,0.08441,0.08455,0.06199,0.1113,0.04909,0.06842,0.04189,0.04555,0.03685,0.2077,0.2082,
2.214,0.4064,0.08407,0.08482,0.06205,0.1113,0.05018,0.06733,0.04189,0.0466,0.0358,0.2077,0.2082,
2.238,0.3931,0.08708,0.08494,0.06137,0.1107,0.05009,0.0668,0.04172,0.04726,0.04984,0.1945,0.2057,
2.236,0.395,0.08674,0.08513,0.06136,0.11,0.04943,0.06721,0.04129,0.04813,0.04896,0.1955,0.2063,
2.236,0.4073,0.08674,0.08498,0.06151,0.11,0.04943,0.06721,0.04239,0.0499,0.04609,0.1955,0.2063,
2.236,0.4194,0.08667,0.08501,0.06166,0.1096,0.04945,0.06724,0.04241,0.04992,0.04611,0.1955,0.2064,
2.222,0.4161,0.08663,0.08458,0.06218,0.1093,0.04947,0.08442,0.02528,0.05047,0.0456,0.1956,0.2065,
2.222,0.3893,0.08666,0.08437,0.06245,0.1089,0.04883,0.08446,0.02634,0.05067,0.04439,0.1957,0.2072,
2.22,0.3909,0.08507,0.08395,0.06252,0.1096,0.04819,0.08501,0.02634,0.05016,0.0444,0.1968,0.208,
2.219,0.3978,0.07948,0.08382,0.06275,0.1151,0.05001,0.08318,0.02634,0.05016,0.0444,0.1968,0.208,
2.217,0.4274,0.07821,0.08368,0.06295,0.1163,0.04892,0.08318,0.02634,0.05098,0.04358,0.1968,0.2091,
2.217,0.3893,0.07723,0.08361,0.0631,0.117,0.04893,0.08322,0.02739,0.04996,0.0436,0.1968,0.2092,
2.213,0.3812,0.07711,0.0839,0.06323,0.1156,0.04682,0.08384,0.0269,0.05005,0.04367,0.1972,0.2117,
2.213,0.3924,0.08061,0.08381,0.06322,0.1155,0.04487,0.08376,0.02688,0.05,0.04362,0.198,0.2098,
2.214,0.3835,0.08066,0.08362,0.06354,0.1147,0.04543,0.08328,0.0269,0.05004,0.04366,0.1982,0.21,
2.214,0.3772,0.08061,0.08354,0.06367,0.1147,0.04543,0.08328,0.0269,0.05004,0.04366,0.1982,0.21,
2.212,0.3673,0.08005,0.08335,0.06307,0.1147,0.04543,0.08328,0.0269,0.05004,0.04366,0.1982,0.2113,
2.212,0.3806,0.0797,0.08364,0.06323,0.1144,0.04545,0.08332,0.02691,0.05058,0.04315,0.1982,0.2114,
2.212,0.3639,0.07875,0.08372,0.06332,0.1149,0.04547,0.08335,0.02692,0.05184,0.04194,0.1983,0.2115,
2.215,0.3741,0.08036,0.0839,0.06336,0.1144,0.04597,0.08278,0.0288,0.05079,0.04104,0.1992,0.2094,
2.213,0.3621,0.0799,0.08383,0.06355,0.1144,0.04599,0.08315,0.02847,0.05547,0.0364,0.1993,0.2095,
2.212,0.3582,0.07977,0.08395,0.06254,0.1141,0.04664,0.08255,0.02848,0.0555,0.03641,0.1994,0.2107,
2.211,0.3748,0.08079,0.08399,0.06248,0.114,0.04594,0.08247,0.02845,0.05544,0.03638,0.2002,0.2099,
2.211,0.3496,0.08017,0.08366,0.06259,0.115,0.04591,0.08243,0.02844,0.05541,0.03635,0.2011,0.2089,
2.212,0.3524,0.08008,0.08357,0.06285,0.1147,0.04645,0.08193,0.02929,0.05546,0.03549,0.2012,0.209,
2.212,0.3553,0.08011,0.08324,0.06324,0.1143,0.04647,0.08195,0.03008,0.05524,0.03498,0.2012,0.2091,
2.205,0.3599,0.07528,0.08308,0.0634,0.1191,0.04346,0.08229,0.02974,0.05612,0.0341,0.2012,0.2121,
2.205,0.3483,0.07524,0.083,0.06357,0.1188,0.04348,0.08232,0.02975,0.05614,0.03411,0.2013,0.2122,
2.204,0.3536,0.07458,0.0828,0.06381,0.1186,0.04354,0.08243,0.02979,0.05622,0.03416,0.2016,0.2125,
2.201,0.3508,0.07674,0.08257,0.06217,0.1185,0.0435,0.08235,0.02976,0.06128,0.029,0.2024,0.2118,
2.2,0.3582,0.07532,0.08294,0.06225,0.1189,0.04353,0.08291,0.02925,0.06134,0.02902,0.2026,0.212,
2.199,0.3515,0.07512,0.08302,0.06238,0.1189,0.04287,0.08291,0.02978,0.06081,0.02902,0.2026,0.2126,
2.199,0.3501,0.07499,0.08303,0.0625,0.1189,0.04287,0.08291,0.02978,0.06081,0.02902,0.2026,0.2126,
2.201,0.3538,0.07944,0.08294,0.06297,0.1185,0.04176,0.0829,0.02978,0.06167,0.02814,0.2036,0.2084,
2.199,0.342,0.07947,0.08277,0.06316,0.1181,0.04112,0.08433,0.02838,0.0617,0.02815,0.2037,0.2091,
2.198,0.3047,0.07908,0.08266,0.06332,0.1182,0.04114,0.0849,0.02786,0.06173,0.02816,0.2037,0.2092,
2.197,0.3052,0.0791,0.08243,0.06358,0.1179,0.04115,0.08599,0.02681,0.06176,0.02817,0.2038,0.2093,
2.196,0.3075,0.08382,0.0824,0.06352,0.1174,0.03952,0.08552,0.0268,0.06359,0.02628,0.2047,0.2064,
2.192,0.308,0.08352,0.08225,0.0635,0.1172,0.03878,0.08587,0.02621,0.0646,0.02508,0.2064,0.2067,
2.192,0.3207,0.08314,0.08222,0.06348,0.1167,0.0393,0.08533,0.02621,0.06459,0.02508,0.2074,0.2066,
2.192,0.3111,0.08301,0.08202,0.06381,0.1167,0.0393,0.08533,0.02621,0.06459,0.02508,0.2074,0.2066,
2.19,0.3157,0.08186,0.08225,0.06229,0.1167,0.03987,0.08491,0.02624,0.06465,0.02511,0.2076,0.2085,
2.18,0.3266,0.08193,0.08213,0.06253,0.1159,0.03991,0.09251,0.01874,0.06471,0.02513,0.2078,0.2087,
2.18,0.3265,0.08186,0.08207,0.06286,0.1151,0.04047,0.09259,0.01865,0.06434,0.02515,0.208,0.2088,
2.172,0.3342,0.0817,0.08191,0.06293,0.1145,0.03787,0.09462,0.01676,0.06495,0.02465,0.2083,0.2118,
2.172,0.3348,0.08148,0.08183,0.06307,0.1138,0.03792,0.09474,0.01678,0.06503,0.02467,0.2086,0.2121,
2.165,0.3388,0.08312,0.08177,0.06313,0.1137,0.03788,0.09635,0.01631,0.06933,0.01902,0.2094,0.21,
2.165,0.3454,0.083,0.08177,0.06329,0.1134,0.03817,0.09663,0.01579,0.06936,0.01903,0.2095,0.2101,
2.162,0.356,0.08055,0.08166,0.06333,0.1156,0.03818,0.09668,0.0165,0.07064,0.01709,0.2096,0.2102,
2.162,0.3425,0.08056,0.08181,0.06347,0.1145,0.03877,0.09661,0.01618,0.07073,0.01711,0.2098,0.2104,
2.162,0.343,0.08056,0.0816,0.06367,0.1145,0.03877,0.09661,0.01618,0.07073,0.01711,0.2098,0.2104,
2.158,0.3511,0.0805,0.08153,0.06386,0.1141,0.03865,0.09699,0.01531,0.07165,0.01623,0.2099,0.2112,
2.157,0.364,0.08045,0.08131,0.06398,0.1137,0.03968,0.09587,0.0153,0.07285,0.01495,0.2109,0.2111,
2.157,0.3525,0.0804,0.08125,0.06405,0.1134,0.04023,0.09538,0.01531,0.07288,0.01496,0.211,0.2112,
2.157,0.339,0.08043,0.08117,0.06417,0.1131,0.04025,0.09542,0.01532,0.07291,0.01497,0.211,0.2113,
2.159,0.3425,0.08015,0.08134,0.06416,0.1129,0.0408,0.09493,0.01646,0.07181,0.01497,0.2111,0.2113,
2.161,0.3462,0.07988,0.08158,0.0642,0.1129,0.04133,0.0944,0.01718,0.07109,0.01497,0.2111,0.2113,
2.162,0.3466,0.07984,0.08139,0.06453,0.1122,0.0407,0.09449,0.01862,0.06973,0.01499,0.2113,0.2122,
2.184,0.3292,0.0819,0.0813,0.06465,0.1113,0.04069,0.09447,0.01968,0.06865,0.02299,0.2043,0.2101,
2.184,0.3189,0.08168,0.0816,0.06486,0.1099,0.04076,0.09461,0.01971,0.06876,0.02302,0.2047,0.2104,
2.18,0.3215,0.08119,0.08135,0.06459,0.1099,0.03922,0.09466,0.01972,0.06879,0.02303,0.2048,0.2127,
2.182,0.3272,0.08073,0.08167,0.06473,0.1099,0.03922,0.09466,0.02135,0.06716,0.02303,0.2048,0.2127,
2.185,0.3226,0.08201,0.08159,0.06484,0.1097,0.03962,0.09417,0.02258,0.06588,0.02301,0.2057,0.2109,
2.184,0.328,0.08165,0.08181,0.06498,0.1097,0.03962,0.09489,0.02187,0.06588,0.02301,0.2057,0.2109,
2.186,0.3294,0.08142,0.0816,0.06515,0.1088,0.04277,0.09198,0.02191,0.066,0.02305,0.2061,0.2113,
2.186,0.331,0.08135,0.08148,0.06533,0.1088,0.04224,0.09185,0.02244,0.06546,0.02305,0.2061,0.212,
2.186,0.3342,0.08105,0.08132,0.06563,0.1083,0.04302,0.09098,0.02286,0.065,0.02304,0.207,0.2118,
2.185,0.3345,0.07862,0.08123,0.06577,0.1104,0.04357,0.09092,0.02244,0.06503,0.02305,0.2071,0.2119,
2.186,0.3348,0.07838,0.08124,0.06576,0.1103,0.04447,0.08988,0.02284,0.06453,0.02302,0.2079,0.2117,
2.185,0.3435,0.07833,0.08094,0.06593,0.1098,0.04498,0.08927,0.02325,0.06496,0.02212,0.2088,0.2116,
2.186,0.3354,0.07836,0.08092,0.06601,0.1095,0.04677,0.08753,0.02326,0.06497,0.02212,0.2089,0.2117,
2.188,0.3154,0.08186,0.08118,0.066,0.109,0.04563,0.08747,0.02324,0.06493,0.0221,0.2098,0.2087,
2.188,0.3107,0.08182,0.0811,0.06616,0.1087,0.0465,0.08666,0.02325,0.06496,0.02211,0.2099,0.2088,
2.195,0.3418,0.07957,0.08155,0.06624,0.1104,0.06725,0.06592,0.02432,0.0639,0.02211,0.2099,0.2088,
2.187,0.3349,0.07754,0.08134,0.06625,0.111,0.06703,0.06448,0.0243,0.06733,0.01861,0.2118,0.2102,
2.186,0.323,0.07746,0.08134,0.06636,0.1104,0.06815,0.06347,0.02432,0.06827,0.01774,0.212,0.2104,
2.195,0.3695,0.07565,0.08153,0.06648,0.111,0.06707,0.06423,0.02355,0.06949,0.02245,0.2071,0.2114,
2.172,0.3751,0.07554,0.08136,0.06657,0.1096,0.102,0.02922,0.02353,0.06943,0.02242,0.209,0.2113,
2.171,0.3748,0.07548,0.08125,0.06674,0.1096,0.1025,0.02979,0.02243,0.06943,0.02242,0.209,0.2113,
2.17,0.3724,0.0752,0.08102,0.06678,0.1094,0.1023,0.02973,0.02238,0.06929,0.02237,0.2107,0.2108,
2.178,0.3723,0.07351,0.08107,0.06683,0.1107,0.1017,0.02956,0.02236,0.06921,0.02684,0.207,0.2113,
2.184,0.4314,0.07331,0.0808,0.06696,0.1107,0.101,0.02992,0.06249,0.02878,0.02686,0.2071,0.212,
2.181,0.3948,0.07327,0.08076,0.06708,0.1104,0.09798,0.02991,0.06252,0.02879,0.02687,0.2072,0.2152,
2.178,0.3822,0.0694,0.08083,0.06724,0.1123,0.09699,0.03052,0.06286,0.02816,0.02693,0.2077,0.2171,
2.178,0.3746,0.06939,0.08088,0.06723,0.1116,0.09708,0.03055,0.06291,0.02819,0.02696,0.2079,0.2173,
2.175,0.3978,0.06857,0.08074,0.06753,0.1117,0.09538,0.0312,0.06414,0.02641,0.02697,0.2081,0.2192,
2.175,0.3826,0.06866,0.08085,0.06762,0.1105,0.09484,0.03124,0.06422,0.02644,0.02701,0.2084,0.2202,
2.174,0.3896,0.07028,0.0808,0.0677,0.1097,0.09303,0.03124,0.06421,0.02643,0.027,0.2094,0.2202,
2.172,0.3781,0.07032,0.0805,0.06813,0.1087,0.08983,0.03186,0.06371,0.02645,0.02702,0.2097,0.2238,
2.173,0.4023,0.07242,0.08032,0.06823,0.1082,0.08885,0.03245,0.06293,0.02643,0.027,0.2106,0.2225,
2.17,0.3926,0.07195,0.0806,0.06642,0.1082,0.08885,0.03298,0.06311,0.02572,0.027,0.2106,0.2245,
2.172,0.3998,0.07188,0.08033,0.06681,0.1106,0.08891,0.03301,0.06315,0.02707,0.02568,0.2118,0.2207,
2.172,0.3984,0.07178,0.08026,0.06699,0.1106,0.08891,0.03301,0.06369,0.02654,0.02568,0.2118,0.2207,
2.171,0.476,0.07157,0.08025,0.0671,0.1098,0.08903,0.03362,0.0641,0.02568,0.02571,0.2121,0.221,
2.171,0.4519,0.07132,0.08037,0.06723,0.1098,0.08903,0.03362,0.0641,0.02568,0.02571,0.2121,0.221,
2.171,0.4228,0.07299,0.0802,0.06763,0.1097,0.08737,0.03358,0.06503,0.02519,0.02515,0.2129,0.2202,
2.17,0.3977,0.07287,0.08024,0.06762,0.1092,0.08788,0.03317,0.06509,0.02521,0.02517,0.2131,0.2204,
2.173,0.343,0.07437,0.07996,0.06777,0.1089,0.08782,0.03315,0.06747,0.02601,0.02412,0.2119,0.2186,
2.171,0.3452,0.07439,0.07985,0.06797,0.1079,0.08682,0.03319,0.06872,0.02488,0.02415,0.2121,0.22,
2.171,0.3579,0.0742,0.08005,0.06803,0.1076,0.08685,0.0332,0.06875,0.02488,0.02415,0.2122,0.2201,
2.17,0.3557,0.0742,0.07997,0.06812,0.1076,0.0867,0.03282,0.06861,0.02488,0.02415,0.2122,0.2208,
2.168,0.3611,0.07269,0.07995,0.06831,0.108,0.0857,0.03285,0.06871,0.02492,0.02418,0.2125,0.2222,
2.167,0.3452,0.07274,0.07986,0.06849,0.107,0.08541,0.03262,0.0688,0.02495,0.02421,0.2128,0.2231,
2.167,0.3467,0.07274,0.07976,0.06869,0.1066,0.08478,0.03298,0.06849,0.02496,0.02422,0.2129,0.2239,
2.167,0.3331,0.07276,0.07974,0.06876,0.1062,0.08481,0.03333,0.06817,0.02496,0.02422,0.213,0.224,
2.166,0.3354,0.07397,0.07964,0.0688,0.1061,0.08582,0.03153,0.0681,0.02494,0.0242,0.2138,0.2231,
2.185,0.3332,0.07946,0.07954,0.06894,0.1049,0.08583,0.03152,0.06812,0.02493,0.03139,0.2078,0.2176,
2.184,0.331,0.07936,0.07921,0.0691,0.1046,0.0844,0.03155,0.06817,0.02495,0.03142,0.208,0.2193,
2.182,0.3401,0.07922,0.07904,0.06906,0.1047,0.08294,0.03156,0.0682,0.02676,0.02963,0.208,0.2209,
2.178,0.3415,0.07922,0.07899,0.06911,0.1047,0.08294,0.03213,0.07239,0.02264,0.029,0.208,0.2209,
2.176,0.3485,0.07873,0.07917,0.06949,0.1043,0.0808,0.03213,0.07242,0.02265,0.02902,0.2081,0.2232,
2.176,0.3478,0.07861,0.07916,0.06972,0.1039,0.08083,0.03215,0.07245,0.02266,0.02903,0.2082,0.2233,
2.172,0.3495,0.07858,0.07905,0.06807,0.1039,0.08083,0.03215,0.07353,0.02158,0.02903,0.2082,0.2251,
2.17,0.3517,0.07843,0.07914,0.0682,0.1033,0.08079,0.03161,0.07468,0.02051,0.02905,0.2084,0.2259,
2.171,0.3484,0.08049,0.079,0.06824,0.1041,0.0807,0.03158,0.07514,0.01995,0.02902,0.2092,0.2226,
2.171,0.3524,0.08028,0.07909,0.06837,0.1041,0.0807,0.03158,0.07568,0.01941,0.02902,0.2092,0.2226,
2.171,0.3475,0.0818,0.0792,0.06833,0.1036,0.0813,0.03091,0.07563,0.0194,0.029,0.2102,0.2206,
2.171,0.3541,0.0817,0.07932,0.0684,0.1033,0.08179,0.03047,0.07566,0.01939,0.029,0.2103,0.2207,
2.167,0.3532,0.08149,0.07922,0.06724,0.1033,0.08338,0.02893,0.0757,0.0194,0.02902,0.2104,0.222,
2.167,0.3539,0.08141,0.07923,0.06739,0.1029,0.08341,0.02894,0.07573,0.01941,0.02903,0.2104,0.2221,
2.168,0.3599,0.0812,0.07928,0.06755,0.1029,0.08395,0.02875,0.07539,0.02356,0.02488,0.2104,0.2221,
2.168,0.3554,0.08116,0.07939,0.06766,0.1022,0.08457,0.02876,0.07492,0.02412,0.02436,0.2106,0.2223,
2.168,0.3722,0.0808,0.07942,0.06781,0.1014,0.08468,0.0288,0.07502,0.02415,0.0244,0.2109,0.2226,
2.168,0.3774,0.08077,0.07953,0.06788,0.1007,0.08475,0.0288,0.07508,0.02418,0.02442,0.2111,0.2228,
2.167,0.3893,0.08343,0.07935,0.06783,0.09971,0.08328,0.02827,0.07511,0.02417,0.02442,0.2122,0.2222,
2.166,0.4039,0.0832,0.07881,0.06794,0.09919,0.08327,0.02835,0.07466,0.02422,0.02446,0.2126,0.2233,
2.167,0.3849,0.08559,0.07865,0.06808,0.09874,0.08314,0.02835,0.07465,0.02418,0.02444,0.2136,0.2205,
2.167,0.384,0.08562,0.07852,0.06826,0.09837,0.08318,0.02836,0.07468,0.02734,0.02129,0.2137,0.2206,
2.166,0.3626,0.08516,0.07848,0.0684,0.09842,0.08254,0.02837,0.07472,0.02736,0.0213,0.2138,0.2214,
2.163,0.4005,0.08507,0.0785,0.06667,0.09842,0.08186,0.02837,0.07472,0.02736,0.0213,0.2138,0.2239,
2.182,0.398,0.09061,0.07833,0.06658,0.0981,0.08159,0.02828,0.07448,0.02727,0.02823,0.2094,0.2172,
2.184,0.3593,0.09475,0.07843,0.06594,0.09724,0.08157,0.02828,0.07447,0.02725,0.02821,0.2104,0.2135,
2.182,0.3629,0.09447,0.07857,0.06619,0.09654,0.07984,0.0283,0.07453,0.02728,0.02824,0.2106,0.2155,
2.181,0.3663,0.09445,0.07856,0.0663,0.09616,0.07881,0.02875,0.07413,0.02729,0.02825,0.2107,0.2166,
2.181,0.3571,0.09357,0.07863,0.06642,0.09624,0.0782,0.02959,0.07339,0.02732,0.02828,0.2109,0.2175,
2.18,0.3621,0.09329,0.07889,0.06651,0.09589,0.07728,0.02931,0.07342,0.02733,0.02829,0.211,0.2188,
2.179,0.3589,0.09329,0.07867,0.06674,0.09589,0.07783,0.02877,0.07415,0.0266,0.02829,0.211,0.2188,
2.176,0.3668,0.09314,0.07873,0.06698,0.09516,0.07621,0.0292,0.07367,0.03132,0.02361,0.2111,0.2208,
2.174,0.3673,0.09302,0.07862,0.06649,0.09489,0.07547,0.02921,0.07443,0.03061,0.02362,0.2112,0.2224,
2.174,0.3787,0.09298,0.07873,0.0665,0.09454,0.07549,0.02922,0.07446,0.03061,0.02362,0.2113,0.2225,
2.182,0.3628,0.09415,0.07849,0.06643,0.09448,0.07445,0.04851,0.05465,0.03186,0.02234,0.2123,0.2224,
2.182,0.3583,0.09406,0.07853,0.06647,0.09448,0.07445,0.04906,0.0541,0.0324,0.0218,0.2123,0.2224,
2.18,0.3647,0.09348,0.0786,0.06664,0.09453,0.07267,0.04908,0.05467,0.03187,0.02181,0.2124,0.2243,
2.145,0.3554,0.09465,0.07845,0.0667,0.09443,0.1048,0.0161,0.05461,0.03238,0.02124,0.2132,0.2234,
2.145,0.3049,0.09439,0.07821,0.06687,0.09447,0.1049,0.0161,0.05464,0.0333,0.02034,0.2133,0.2235,
2.143,0.3064,0.09439,0.07823,0.06702,0.09374,0.1044,0.01598,0.05469,0.03428,0.01938,0.2135,0.2244,
2.144,0.3107,0.0962,0.07814,0.06705,0.09364,0.1043,0.01596,0.05463,0.03425,0.01936,0.2143,0.2221,
2.143,0.3184,0.09435,0.07819,0.06715,0.09505,0.1044,0.01597,0.05553,0.03502,0.01773,0.2144,0.2222,
2.143,0.3149,0.09413,0.07807,0.06715,0.09509,0.1044,0.01598,0.05555,0.03503,0.01774,0.2145,0.2223,
2.147,0.3511,0.094,0.07811,0.06733,0.09473,0.1044,0.05125,0.02031,0.03504,0.01774,0.2146,0.2224,
2.149,0.3489,0.09256,0.07802,0.06726,0.09944,0.1043,0.05119,0.02083,0.035,0.01718,0.2155,0.2187,
2.149,0.351,0.0926,0.07791,0.06731,0.09917,0.1047,0.05094,0.02084,0.03502,0.01719,0.2156,0.2188,
2.179,0.3447,0.09366,0.07819,0.06727,0.09906,0.1034,0.05023,0.02082,0.03589,0.03087,0.2018,0.2188,
2.179,0.336,0.09354,0.07835,0.06743,0.09798,0.1035,0.05086,0.02027,0.03593,0.03091,0.2021,0.2191,
2.182,0.4888,0.09839,0.07822,0.06748,0.09877,0.1032,0.05022,0.02023,0.03586,0.03085,0.2037,0.2131,
2.181,0.3961,0.09733,0.07826,0.06753,0.09974,0.102,0.05022,0.02023,0.03586,0.03085,0.2037,0.2143,
2.179,0.393,0.09723,0.07824,0.06774,0.09938,0.09982,0.05024,0.02024,0.03587,0.03085,0.2038,0.2166,
2.176,0.3822,0.09796,0.07837,0.06621,0.09928,0.09765,0.05019,0.02022,0.03583,0.03082,0.2046,0.2189,
2.175,0.3366,0.09867,0.07828,0.065,0.09922,0.0976,0.05016,0.02021,0.0369,0.02972,0.2055,0.2188,
2.176,0.3045,0.1023,0.07821,0.06499,0.09912,0.09607,0.05011,0.02018,0.03686,0.02969,0.2063,0.2162,
2.177,0.3128,0.1042,0.0782,0.06503,0.09902,0.09597,0.05078,0.0203,0.03596,0.02966,0.2071,0.2138,
2.176,0.3025,0.1039,0.07818,0.06512,0.09856,0.09591,0.05075,0.02029,0.03593,0.02963,0.208,0.2137,
2.173,0.3031,0.1037,0.0782,0.06405,0.09856,0.09532,0.05078,0.01971,0.03593,0.02963,0.208,0.2161,
2.173,0.3058,0.1034,0.07826,0.06434,0.09819,0.09537,0.05081,0.01972,0.03595,0.02965,0.2081,0.2162,
2.172,0.3111,0.1019,0.07836,0.06287,0.09956,0.09591,0.05027,0.02123,0.03443,0.02965,0.2081,0.2177,
2.171,0.3109,0.1018,0.07832,0.06293,0.09929,0.09595,0.05029,0.02124,0.03649,0.02762,0.2082,0.2178,
2.172,0.3157,0.1035,0.07799,0.06296,0.1004,0.09575,0.05072,0.02066,0.03641,0.02756,0.2099,0.2141,
2.167,0.3096,0.1032,0.07779,0.06291,0.1004,0.09053,0.05069,0.02119,0.03585,0.02755,0.2108,0.2191,
2.167,0.3105,0.1028,0.07778,0.06312,0.09972,0.09064,0.0513,0.02067,0.03589,0.02757,0.2111,0.2194,
2.167,0.3189,0.1039,0.07779,0.06316,0.09962,0.091,0.05079,0.02119,0.03585,0.02701,0.2119,0.2178,
2.13,0.3058,0.1088,0.07752,0.06328,0.09945,0.1233,0.01862,0.02008,0.03579,0.02696,0.2137,0.2124,
2.129,0.3144,0.1086,0.07751,0.06359,0.09905,0.1221,0.01862,0.02009,0.03581,0.02697,0.2138,0.2139,
2.153,0.3033,0.1082,0.07717,0.06367,0.09819,0.122,0.0186,0.02007,0.03632,0.03994,0.2022,0.2137,
2.151,0.3157,0.108,0.07711,0.06374,0.09773,0.1194,0.01912,0.01952,0.03629,0.03991,0.2031,0.2161,
2.15,0.3016,0.108,0.07705,0.06385,0.09773,0.1187,0.01966,0.01899,0.03629,0.03991,0.2031,0.2168,
2.15,0.2994,0.108,0.07702,0.06392,0.09737,0.1181,0.01967,0.01899,0.03685,0.03939,0.2032,0.2175,
2.149,0.3891,0.1075,0.077,0.06411,0.09741,0.1187,0.01965,0.019,0.03632,0.03941,0.2032,0.2176,
2.148,0.3856,0.1075,0.07669,0.06436,0.09714,0.1193,0.01912,0.01901,0.03634,0.03943,0.2033,0.2177,
2.148,0.3656,0.1075,0.07664,0.06448,0.09714,0.1178,0.01912,0.01955,0.0358,0.03943,0.2033,0.2193,
2.148,0.3376,0.1073,0.07691,0.0645,0.09678,0.1178,0.01913,0.01956,0.03581,0.03944,0.2034,0.2194,
2.148,0.3533,0.1094,0.07679,0.06447,0.09655,0.1175,0.01909,0.01955,0.03536,0.03941,0.2043,0.2175,
2.149,0.3332,0.1137,0.07667,0.06441,0.09621,0.1162,0.01906,0.01952,0.0353,0.03935,0.2061,0.2135,
2.149,0.3334,0.1132,0.0771,0.06457,0.09582,0.1162,0.01907,0.01996,0.03489,0.03937,0.2061,0.2136,
2.149,0.3303,0.1147,0.07681,0.06492,0.09541,0.1144,0.01906,0.02049,0.03523,0.03846,0.2071,0.2134,
2.149,0.3316,0.1144,0.07687,0.0649,0.09475,0.1144,0.01906,0.02048,0.03638,0.03727,0.2082,0.2133,
2.148,0.3342,0.1141,0.07713,0.06514,0.09365,0.1145,0.01908,0.02051,0.03697,0.03678,0.2084,0.2136,
2.147,0.3366,0.1141,0.07697,0.06521,0.09319,0.1126,0.01907,0.02122,0.03623,0.03675,0.2094,0.2153,
2.147,0.3399,0.1095,0.07661,0.06525,0.0983,0.1115,0.01941,0.02087,0.03622,0.03674,0.2104,0.2152,
2.146,0.3406,0.1104,0.07656,0.06512,0.09758,0.1112,0.01936,0.02081,0.03612,0.03664,0.213,0.2132,
2.146,0.3321,0.1104,0.07658,0.06544,0.09648,0.1113,0.01938,0.02083,0.03617,0.03669,0.2132,0.2135,
2.146,0.3167,0.1101,0.07685,0.06544,0.09648,0.1113,0.01938,0.02083,0.03617,0.03669,0.2132,0.2135,
2.143,0.3357,0.1085,0.07725,0.06548,0.0968,0.1133,0.01756,0.02086,0.03622,0.03674,0.2135,0.2138,
2.14,0.3162,0.1086,0.07721,0.06558,0.09645,0.1133,0.0163,0.02086,0.03623,0.03675,0.2136,0.2152,
2.138,0.3213,0.1086,0.07684,0.06595,0.09645,0.1115,0.0163,0.02086,0.03623,0.03675,0.2136,0.217,
2.128,0.3325,0.1086,0.0766,0.06619,0.09645,0.1165,0.01171,0.02043,0.03776,0.03522,0.2136,0.217,
2.129,0.3338,0.1061,0.07659,0.06634,0.09879,0.1165,0.01268,0.02018,0.03704,0.03522,0.2136,0.217,
2.135,0.3348,0.108,0.07674,0.06641,0.09868,0.1164,0.01266,0.02016,0.037,0.03784,0.2118,0.2143,
2.134,0.3275,0.1071,0.07669,0.06663,0.09912,0.1146,0.01267,0.02017,0.03702,0.03785,0.2119,0.2162,
2.129,0.3291,0.1068,0.07679,0.06669,0.09892,0.1153,0.01098,0.02018,0.03703,0.03787,0.212,0.2174,
2.129,0.333,0.1082,0.07656,0.06697,0.09845,0.1157,0.01043,0.02016,0.03701,0.03784,0.2129,0.2157,
2.129,0.324,0.1077,0.07666,0.06704,0.0985,0.1158,0.01043,0.02017,0.03702,0.03785,0.213,0.2158,
2.128,0.3293,0.1077,0.07661,0.06723,0.09814,0.1151,0.01044,0.02061,0.0366,0.03786,0.2131,0.2166,
2.125,0.3162,0.1077,0.0766,0.06737,0.09775,0.1152,0.01044,0.04061,0.01662,0.03788,0.2132,0.2167,
2.126,0.315,0.107,0.07676,0.06761,0.09743,0.1146,0.01079,0.04124,0.0175,0.03611,0.2134,0.2175,
2.127,0.3159,0.1069,0.07671,0.06785,0.09707,0.1147,0.01123,0.04082,0.01858,0.03504,0.2135,0.2176,
2.128,0.3259,0.1102,0.07653,0.06793,0.09697,0.113,0.01121,0.04078,0.01856,0.035,0.2143,0.2155,
2.128,0.3173,0.1096,0.07659,0.06816,0.09701,0.1114,0.012,0.04002,0.01857,0.03501,0.2144,0.2171,
2.127,0.3218,0.1096,0.07659,0.06842,0.09627,0.1099,0.0122,0.03952,0.01858,0.03503,0.2146,0.2193,
2.133,0.322,0.1128,0.07661,0.06851,0.09616,0.1095,0.01176,0.03947,0.02045,0.03562,0.213,0.2161,
2.13,0.3268,0.1106,0.07653,0.06873,0.09769,0.108,0.01123,0.03951,0.02047,0.03565,0.2132,0.2184,
2.142,0.3247,0.1157,0.07621,0.06895,0.09713,0.1066,0.01089,0.03944,0.02044,0.04226,0.2083,0.2141,
2.143,0.3281,0.118,0.07612,0.06905,0.09702,0.1058,0.01088,0.0394,0.02041,0.04222,0.2091,0.212,
2.142,0.303,0.1175,0.07613,0.06919,0.09585,0.1059,0.01088,0.03943,0.02142,0.04126,0.2103,0.2122,
2.141,0.3025,0.1173,0.07571,0.06941,0.09502,0.1059,0.01089,0.03943,0.02142,0.04126,0.2114,0.2122,
2.139,0.3022,0.117,0.07565,0.06934,0.09442,0.1063,0.01033,0.03937,0.02138,0.04119,0.2132,0.2119,
2.139,0.3032,0.1168,0.07571,0.06944,0.09442,0.1063,0.01033,0.03937,0.02138,0.04119,0.2132,0.2119,
2.139,0.3063,0.1152,0.0758,0.06961,0.09523,0.1064,0.01034,0.0394,0.0214,0.04123,0.2134,0.2121,
2.144,0.3326,0.115,0.07572,0.06972,0.09477,0.1041,0.01033,0.04025,0.02038,0.04608,0.2094,0.2142,
2.143,0.318,0.1149,0.07569,0.06987,0.09477,0.103,0.01033,0.04025,0.02038,0.04608,0.2094,0.2154,
2.143,0.3137,0.1145,0.07613,0.06989,0.09441,0.103,0.01033,0.04026,0.02039,0.04609,0.2095,0.2155,
2.144,0.3046,0.117,0.07626,0.07001,0.09394,0.1033,0.009981,0.04024,0.02038,0.04606,0.2104,0.2124,
2.143,0.3089,0.1168,0.07605,0.07018,0.09343,0.1032,0.009975,0.04064,0.01993,0.04603,0.2114,0.2123,
2.143,0.3156,0.1161,0.07589,0.07039,0.09351,0.1027,0.009984,0.04068,0.02116,0.04486,0.2115,0.2132,
2.142,0.3202,0.1157,0.07585,0.07062,0.09315,0.1021,0.009993,0.04072,0.02118,0.0449,0.2117,0.214,
2.142,0.3222,0.1153,0.07596,0.07067,0.09283,0.1022,0.01,0.04075,0.0212,0.04493,0.2119,0.2142,
2.142,0.316,0.1178,0.07582,0.06948,0.09234,0.1021,0.00999,0.04072,0.02118,0.0449,0.2139,0.2119,
2.142,0.3323,0.1173,0.07623,0.06954,0.09234,0.1005,0.00999,0.04072,0.02235,0.04373,0.2139,0.2134,
2.147,0.3363,0.1168,0.0762,0.06951,0.09215,0.09848,0.009969,0.04063,0.0223,0.04873,0.2105,0.2148,
2.146,0.3234,0.1167,0.07624,0.06967,0.09179,0.09852,0.009972,0.04208,0.02087,0.04874,0.2105,0.2149,
2.149,0.3311,0.1166,0.0762,0.06982,0.09179,0.09695,0.009972,0.04208,0.02826,0.04135,0.2105,0.2164,
2.147,0.332,0.1164,0.07635,0.06991,0.09179,0.09321,0.009972,0.04208,0.03032,0.03929,0.2105,0.2202,
2.145,0.3362,0.1163,0.0763,0.07011,0.09141,0.08989,0.01092,0.04115,0.03034,0.03931,0.2106,0.2236,
2.147,0.3481,0.1161,0.07638,0.07022,0.09141,0.08989,0.01172,0.04089,0.03664,0.03247,0.2106,0.2236,
2.141,0.3476,0.1146,0.07604,0.07028,0.09256,0.08449,0.01174,0.04092,0.03667,0.0325,0.2108,0.2293,
2.141,0.3369,0.1147,0.07576,0.07059,0.09222,0.08453,0.01217,0.04051,0.03873,0.03047,0.2109,0.2294,
2.142,0.3375,0.1163,0.07568,0.0706,0.09212,0.08444,0.01216,0.04047,0.03967,0.02945,0.2118,0.2273,
2.143,0.3339,0.1161,0.07567,0.07091,0.09175,0.08448,0.01291,0.03974,0.03969,0.02946,0.2119,0.2274,
2.145,0.3325,0.1198,0.07562,0.07092,0.09165,0.08439,0.0129,0.03969,0.03965,0.02943,0.2127,0.2232,
2.145,0.3334,0.1196,0.07586,0.07092,0.09165,0.08439,0.0129,0.03969,0.03965,0.02943,0.2127,0.2232,
2.142,0.3615,0.1184,0.07591,0.07106,0.09129,0.0852,0.01211,0.03971,0.04092,0.02818,0.2128,0.2245,
2.137,0.3398,0.1184,0.07588,0.07122,0.09063,0.0863,0.01042,0.03974,0.04185,0.0273,0.213,0.2253,
2.155,0.3423,0.1238,0.0758,0.07111,0.09043,0.08611,0.01126,0.03879,0.04302,0.03364,0.207,0.2191,
2.155,0.3369,0.1234,0.0758,0.07119,0.09047,0.08615,0.01127,0.03881,0.04304,0.03366,0.2071,0.2192,
2.153,0.3493,0.1228,0.07596,0.07109,0.09016,0.08576,0.01116,0.0387,0.04289,0.03345,0.2073,0.2207,
