entropy,entropyInd,RabA,RabB,RabC,RabD,RabE,RabF,RabG,RabH,RabI,RabL,xER,xPM,
2.225,0.4954,0.1079,0.06387,0.06125,0.09702,0.07608,0.01666,0.04822,0.03093,0.03384,0.0357,0.2124,0.2162,
2.225,0.4906,0.1076,0.06382,0.06128,0.09707,0.07612,0.01667,0.04824,0.03095,0.03385,0.03572,0.2125,0.2163,
2.225,0.4889,0.1098,0.06378,0.06124,0.09656,0.07553,0.01652,0.04821,0.03093,0.03383,0.0357,0.2134,0.2145,
2.224,0.495,0.1098,0.06381,0.06127,0.09615,0.07502,0.01639,0.04823,0.03094,0.03385,0.03571,0.2135,0.2153,
2.224,0.4918,0.1099,0.06385,0.0613,0.09544,0.07509,0.01641,0.04826,0.03096,0.03387,0.03574,0.2137,0.2155,
2.222,0.4893,0.1114,0.06383,0.06129,0.09543,0.07282,0.0164,0.04825,0.03082,0.03383,0.03573,0.2147,0.2154,
2.228,0.4791,0.1129,0.06377,0.06128,0.09541,0.07281,0.0164,0.04824,0.03081,0.03696,0.03573,0.2126,0.2131,
2.228,0.4872,0.1129,0.0638,0.06131,0.09505,0.07284,0.01641,0.04826,0.03083,0.03698,0.03574,0.2127,0.2132,
2.228,0.4676,0.1129,0.0638,0.06131,0.09505,0.07284,0.01641,0.04826,0.03083,0.03698,0.03574,0.2127,0.2132,
2.222,0.4616,0.1128,0.06328,0.06129,0.09466,0.06815,0.0163,0.04835,0.03086,0.03704,0.03567,0.2131,0.2185,
2.22,0.4398,0.1149,0.06324,0.06124,0.09429,0.06601,0.01629,0.04832,0.03084,0.03701,0.03564,0.214,0.2182,
2.221,0.4455,0.1166,0.06317,0.06118,0.09419,0.06594,0.01628,0.04827,0.03081,0.03697,0.03561,0.2149,0.2161,
2.219,0.4296,0.1167,0.06319,0.06122,0.09352,0.06487,0.01629,0.04831,0.03083,0.03699,0.03562,0.2151,0.2174,
2.218,0.4187,0.1167,0.06319,0.06122,0.09352,0.06374,0.01629,0.04831,0.03083,0.03699,0.03562,0.2151,0.2185,
2.218,0.4223,0.1167,0.06319,0.06122,0.09352,0.06374,0.01629,0.04831,0.03083,0.03699,0.03562,0.2151,0.2185,
2.224,0.4136,0.1187,0.06315,0.06119,0.09283,0.06067,0.01628,0.04829,0.03081,0.04302,0.0356,0.2101,0.2194,
2.224,0.4161,0.1187,0.06315,0.06119,0.09283,0.06067,0.01628,0.04829,0.03081,0.04302,0.0356,0.2101,0.2194,
2.224,0.4112,0.1187,0.06316,0.06122,0.09248,0.0607,0.01629,0.04831,0.03081,0.04302,0.0356,0.2102,0.2195,
2.223,0.405,0.1187,0.06311,0.06116,0.09208,0.06066,0.01628,0.04826,0.03079,0.04299,0.03558,0.2111,0.2194,
2.225,0.4024,0.1244,0.06304,0.06109,0.09198,0.05992,0.01626,0.04821,0.03076,0.04295,0.03554,0.2119,0.2139,
2.224,0.4029,0.1226,0.06305,0.06102,0.09203,0.05994,0.01627,0.04823,0.03077,0.04297,0.03556,0.212,0.2155,
2.224,0.4009,0.1226,0.06305,0.06102,0.09203,0.05994,0.01627,0.04823,0.03077,0.04297,0.03556,0.212,0.2155,
2.223,0.4125,0.1223,0.06312,0.0611,0.09139,0.05935,0.01629,0.0483,0.03081,0.04302,0.03559,0.2123,0.2165,
2.22,0.4171,0.1242,0.06301,0.06102,0.09055,0.05724,0.01625,0.04823,0.03075,0.04294,0.03553,0.2142,0.2161,
2.235,0.3981,0.1291,0.06283,0.06084,0.08996,0.05641,0.0162,0.04808,0.03066,0.05307,0.03542,0.2065,0.211,
2.235,0.3732,0.1291,0.06254,0.06082,0.09,0.05644,0.01621,0.0481,0.03068,0.0531,0.03537,0.2066,0.2111,
2.235,0.3792,0.1292,0.06254,0.06084,0.08966,0.05646,0.01621,0.04812,0.03069,0.05312,0.03537,0.2066,0.2112,
2.234,0.383,0.129,0.06247,0.06078,0.08957,0.05641,0.0162,0.04807,0.03066,0.05306,0.03534,0.2075,0.211,
2.231,0.378,0.1289,0.06242,0.06074,0.08917,0.05502,0.01617,0.04804,0.03063,0.05301,0.03531,0.2084,0.2122,
2.231,0.3787,0.1274,0.06246,0.06079,0.08891,0.05507,0.01619,0.04808,0.03065,0.05306,0.03533,0.2086,0.2135,
2.23,0.4001,0.1273,0.0624,0.06073,0.08852,0.05504,0.01618,0.04803,0.03063,0.05302,0.03529,0.2095,0.2134,
2.23,0.3972,0.1272,0.06233,0.06087,0.08852,0.05531,0.0159,0.04857,0.03135,0.05176,0.03532,0.2095,0.2134,
2.23,0.4147,0.1272,0.06201,0.06118,0.08852,0.05531,0.0159,0.04911,0.03081,0.05176,0.03532,0.2095,0.2134,
2.231,0.3948,0.123,0.06195,0.06144,0.09183,0.05528,0.01589,0.04908,0.03079,0.05173,0.03531,0.2104,0.2132,
2.228,0.4028,0.1226,0.06202,0.06087,0.09155,0.05623,0.01539,0.04804,0.0308,0.05176,0.03532,0.2106,0.2148,
2.227,0.4151,0.1257,0.06191,0.05965,0.09113,0.05614,0.01538,0.04854,0.03023,0.05167,0.03507,0.2125,0.212,
2.226,0.4038,0.1252,0.06215,0.05961,0.09103,0.05608,0.01536,0.04892,0.03031,0.05108,0.03507,0.2134,0.2118,
2.226,0.418,0.1233,0.06193,0.05968,0.09079,0.0561,0.01538,0.04896,0.03177,0.04969,0.03508,0.2136,0.2138,
2.227,0.4121,0.1219,0.0622,0.05974,0.09184,0.0561,0.01538,0.04896,0.03342,0.04803,0.03508,0.2136,0.2138,
2.236,0.4221,0.1218,0.0621,0.05996,0.09125,0.05615,0.03556,0.02879,0.03397,0.04752,0.03511,0.2138,0.214,
2.246,0.4223,0.1215,0.06203,0.06013,0.09082,0.05765,0.03399,0.02877,0.03394,0.056,0.03507,0.2062,0.2139,
2.245,0.4288,0.121,0.06214,0.06019,0.08995,0.05758,0.03393,0.02873,0.03389,0.05592,0.03502,0.208,0.2136,
2.246,0.4245,0.121,0.0621,0.06028,0.08995,0.05758,0.03393,0.02873,0.0356,0.05422,0.03503,0.208,0.2136,
2.248,0.4192,0.1199,0.06235,0.06033,0.09035,0.05761,0.03395,0.02875,0.04364,0.04622,0.03506,0.2081,0.2137,
2.248,0.4148,0.1239,0.06253,0.06031,0.08956,0.05625,0.03394,0.03023,0.04214,0.04621,0.03505,0.2091,0.2108,
2.246,0.4205,0.1229,0.06254,0.06043,0.0904,0.05423,0.03448,0.0307,0.04167,0.04567,0.03506,0.2091,0.2128,
2.246,0.4276,0.1227,0.06254,0.06042,0.09031,0.05418,0.03488,0.03024,0.04163,0.04562,0.03503,0.2099,0.2126,
2.244,0.4351,0.1226,0.06245,0.06045,0.08885,0.05469,0.03436,0.03024,0.04336,0.04395,0.03502,0.2112,0.2128,
2.242,0.4316,0.1211,0.06241,0.06041,0.08784,0.05516,0.03378,0.0302,0.0433,0.04389,0.035,0.2131,0.2138,
2.242,0.4176,0.1212,0.06234,0.06059,0.08719,0.0552,0.0338,0.03021,0.04333,0.04393,0.03503,0.2133,0.214,
2.242,0.416,0.1202,0.06244,0.06078,0.08712,0.05525,0.03382,0.03022,0.04336,0.04398,0.03505,0.2136,0.2142,
2.24,0.4211,0.1187,0.06243,0.06032,0.08674,0.05527,0.03384,0.03078,0.04284,0.044,0.03506,0.2137,0.2164,
2.24,0.4254,0.1179,0.0624,0.0605,0.08633,0.0553,0.03385,0.03079,0.04286,0.04402,0.03509,0.2138,0.2172,
2.24,0.4476,0.1173,0.06307,0.06056,0.08567,0.05587,0.03333,0.0308,0.04288,0.04405,0.03513,0.214,0.2174,
2.265,0.4134,0.1184,0.06308,0.0607,0.08928,0.05589,0.03334,0.03124,0.04398,0.05755,0.03514,0.2002,0.2112,
2.266,0.4273,0.1168,0.06306,0.06096,0.08936,0.05594,0.03337,0.03127,0.05162,0.05001,0.03517,0.2004,0.2121,
2.265,0.4356,0.1167,0.06302,0.06096,0.08892,0.05644,0.03323,0.03081,0.05352,0.04803,0.03517,0.2012,0.212,
2.265,0.4358,0.1165,0.06315,0.06099,0.08862,0.05646,0.03324,0.03081,0.05354,0.04804,0.0352,0.2013,0.2121,
2.263,0.4388,0.1151,0.06331,0.06101,0.08897,0.05548,0.033,0.03067,0.05354,0.04804,0.03522,0.2023,0.2134,
2.262,0.4369,0.1133,0.06352,0.06113,0.08897,0.05548,0.03343,0.03023,0.05354,0.04804,0.03523,0.2023,0.2148,
2.262,0.4363,0.1132,0.06334,0.06142,0.08897,0.05548,0.03343,0.03023,0.05444,0.04714,0.03526,0.2023,0.2148,
2.259,0.4366,0.1132,0.06251,0.06015,0.08862,0.05549,0.03398,0.0297,0.05535,0.04625,0.03528,0.2024,0.2171,
2.259,0.4366,0.113,0.0626,0.06029,0.08825,0.05552,0.034,0.02971,0.05538,0.04627,0.0353,0.2025,0.2172,
2.245,0.4757,0.1159,0.06254,0.0602,0.0882,0.0716,0.01778,0.02969,0.05589,0.04565,0.03521,0.2034,0.2139,
2.243,0.4067,0.1153,0.06265,0.06019,0.08819,0.07068,0.01777,0.02969,0.05705,0.04446,0.03502,0.2044,0.2146,
2.241,0.4156,0.1152,0.06263,0.06035,0.08692,0.0707,0.01777,0.02969,0.06156,0.03996,0.03505,0.2055,0.2147,
2.24,0.4162,0.1151,0.06251,0.06038,0.08683,0.07063,0.01775,0.03067,0.06148,0.03893,0.03502,0.2063,0.2144,
2.239,0.4241,0.115,0.06238,0.06058,0.08683,0.07052,0.01719,0.03067,0.06148,0.03893,0.03504,0.2063,0.2151,
2.238,0.4196,0.1168,0.0621,0.06058,0.08665,0.0697,0.01796,0.0298,0.06214,0.03806,0.03498,0.2079,0.2133,
2.236,0.4318,0.1167,0.06219,0.06064,0.08629,0.07007,0.01761,0.03024,0.06493,0.03487,0.03503,0.208,0.2134,
2.236,0.4322,0.1165,0.06216,0.06089,0.08629,0.07007,0.01761,0.03024,0.06493,0.03487,0.03505,0.208,0.2134,
2.234,0.4247,0.1163,0.06216,0.06085,0.0862,0.07097,0.01662,0.03064,0.0656,0.03367,0.03504,0.2089,0.2132,
2.234,0.4252,0.1161,0.06216,0.06098,0.0862,0.07097,0.01662,0.03064,0.0656,0.03367,0.03505,0.2089,0.2132,
2.234,0.4257,0.1154,0.06225,0.06103,0.0865,0.071,0.01706,0.0302,0.06562,0.03368,0.03507,0.2089,0.2132,
2.232,0.4317,0.1153,0.06233,0.06108,0.08614,0.06968,0.01706,0.0302,0.0667,0.03263,0.03511,0.209,0.2147,
2.232,0.4374,0.115,0.0624,0.06114,0.08564,0.06964,0.01705,0.03019,0.06666,0.03261,0.0351,0.21,0.2146,
2.231,0.4303,0.1132,0.06286,0.06116,0.08632,0.0695,0.01702,0.03012,0.06652,0.03254,0.03503,0.2116,0.2141,
2.23,0.4501,0.113,0.06294,0.06125,0.08632,0.06837,0.01702,0.03084,0.0658,0.03254,0.03504,0.2116,0.2152,
2.231,0.4328,0.1149,0.063,0.06125,0.08587,0.06833,0.017,0.03081,0.06575,0.03252,0.03503,0.2125,0.213,
2.23,0.4405,0.1142,0.06338,0.06129,0.08578,0.06826,0.01698,0.03078,0.06568,0.03248,0.035,0.2134,0.2128,
2.229,0.4314,0.113,0.0632,0.06126,0.08582,0.0687,0.01656,0.03079,0.06571,0.0325,0.03503,0.2135,0.214,
2.229,0.4416,0.1109,0.06314,0.06135,0.08759,0.06873,0.01657,0.03081,0.06574,0.03251,0.03499,0.2136,0.2141,
2.229,0.4406,0.1095,0.06328,0.06142,0.08689,0.06885,0.01659,0.03085,0.06585,0.03257,0.03507,0.214,0.2152,
2.228,0.4321,0.1061,0.06352,0.06148,0.08762,0.06898,0.01662,0.03091,0.06597,0.03263,0.03513,0.2143,0.2167,
2.227,0.4352,0.1059,0.06366,0.06157,0.08644,0.0691,0.01665,0.03096,0.06734,0.03142,0.03512,0.2147,0.2171,
2.235,0.4285,0.1079,0.06399,0.06003,0.08511,0.06912,0.01742,0.03075,0.0688,0.03467,0.03513,0.2106,0.2164,
2.232,0.428,0.1066,0.06389,0.06026,0.08564,0.06844,0.01742,0.03075,0.07052,0.03296,0.03516,0.2106,0.2178,
2.23,0.4408,0.106,0.06448,0.05869,0.08528,0.06847,0.01742,0.03147,0.07153,0.03126,0.03516,0.2107,0.2195,
2.229,0.4386,0.1068,0.06457,0.05866,0.08519,0.06876,0.01637,0.03353,0.06936,0.03122,0.03513,0.2116,0.2188,
2.228,0.4488,0.1043,0.06413,0.05897,0.08686,0.06722,0.01637,0.03426,0.06867,0.03124,0.03515,0.2117,0.2212,
2.228,0.4501,0.106,0.0638,0.05902,0.08681,0.06718,0.01636,0.03424,0.06863,0.03122,0.03513,0.2126,0.219,
2.227,0.4512,0.105,0.06361,0.05923,0.08752,0.06563,0.0331,0.01751,0.06866,0.03123,0.03514,0.2127,0.2207,
2.223,0.4529,0.105,0.06363,0.05923,0.08716,0.0625,0.03311,0.01751,0.06868,0.03124,0.03517,0.2128,0.224,
2.223,0.4539,0.1046,0.06402,0.05922,0.08716,0.0634,0.03221,0.01751,0.06868,0.03124,0.03518,0.2128,0.224,
2.218,0.4564,0.1058,0.06388,0.05922,0.08701,0.06293,0.03243,0.01781,0.07368,0.02539,0.03506,0.2137,0.2231,
2.217,0.4617,0.1053,0.06405,0.05855,0.08705,0.06226,0.03244,0.01867,0.07286,0.0254,0.03508,0.2138,0.2245,
2.247,0.449,0.1114,0.06396,0.05847,0.08651,0.06215,0.03238,0.01863,0.07273,0.04013,0.03504,0.2008,0.2178,
2.247,0.4904,0.116,0.06345,0.05888,0.0865,0.06057,0.03238,0.01863,0.07443,0.03842,0.03503,0.2018,0.2139,
2.247,0.4438,0.1155,0.06342,0.05897,0.0857,0.06058,0.03239,0.01906,0.07402,0.03843,0.03506,0.2029,0.214,
2.247,0.4446,0.1149,0.06365,0.05907,0.08561,0.06086,0.03201,0.01905,0.07395,0.03839,0.03502,0.2037,0.2138,
2.246,0.4409,0.1143,0.0637,0.05903,0.08536,0.05982,0.03205,0.01989,0.07321,0.03844,0.03507,0.204,0.2152,
2.244,0.4219,0.1173,0.06361,0.05722,0.08629,0.05863,0.03294,0.01895,0.07313,0.0384,0.03507,0.2048,0.2137,
2.242,0.4183,0.1142,0.06395,0.05721,0.08629,0.05863,0.03294,0.01938,0.07391,0.03718,0.03508,0.2048,0.2164,
2.245,0.4251,0.1104,0.06391,0.05729,0.09188,0.05865,0.03294,0.01938,0.07393,0.03719,0.0351,0.2059,0.2134,
2.245,0.4107,0.1103,0.06391,0.05737,0.09188,0.05865,0.03294,0.01938,0.07393,0.03719,0.03511,0.2059,0.2134,
2.246,0.4117,0.1099,0.0642,0.05756,0.09188,0.05708,0.03294,0.02138,0.07193,0.03719,0.03511,0.2059,0.215,
2.244,0.4131,0.1118,0.06444,0.05747,0.09179,0.05589,0.03291,0.02135,0.07433,0.03468,0.0351,0.2067,0.2135,
2.243,0.4257,0.1118,0.06429,0.0576,0.09179,0.05522,0.03291,0.02135,0.07433,0.03468,0.03512,0.2067,0.2142,
2.242,0.4149,0.1118,0.06431,0.05771,0.09146,0.05524,0.03292,0.02135,0.0749,0.03416,0.03513,0.2068,0.2143,
2.241,0.4156,0.1114,0.0646,0.05716,0.09111,0.05527,0.03351,0.02077,0.07492,0.03417,0.03515,0.2069,0.2151,
2.242,0.3961,0.1132,0.06468,0.05718,0.09066,0.05523,0.03349,0.02075,0.07487,0.03414,0.03514,0.2078,0.2129,
2.215,0.4029,0.1118,0.06465,0.05718,0.09108,0.07754,0.01104,0.02072,0.07475,0.03409,0.0351,0.2095,0.2125,
2.212,0.3636,0.1112,0.06476,0.05659,0.09033,0.07697,0.01105,0.02075,0.07485,0.03413,0.03445,0.2098,0.2151,
2.213,0.3593,0.1082,0.0647,0.05677,0.0932,0.07697,0.01105,0.02075,0.07485,0.03413,0.03446,0.2098,0.2151,
2.213,0.3762,0.1078,0.06497,0.05693,0.0932,0.07697,0.0114,0.0204,0.07485,0.03413,0.03448,0.2098,0.2151,
2.225,0.4153,0.1042,0.06507,0.05707,0.09448,0.077,0.01194,0.06159,0.03315,0.03415,0.0345,0.2099,0.217,
2.224,0.4149,0.1077,0.0648,0.05707,0.09429,0.07482,0.01192,0.06146,0.03308,0.03408,0.03443,0.2115,0.2148,
2.223,0.4013,0.1072,0.06471,0.05726,0.09399,0.07343,0.01193,0.06206,0.03257,0.03411,0.03449,0.2117,0.2165,
2.22,0.3993,0.1068,0.06507,0.05756,0.09169,0.07273,0.01142,0.06223,0.03266,0.03421,0.0346,0.2124,0.2186,
2.221,0.4065,0.1045,0.06522,0.05758,0.09169,0.07273,0.01355,0.06082,0.03335,0.0328,0.03462,0.2124,0.2208,
2.221,0.407,0.1043,0.06515,0.05777,0.09169,0.07273,0.01355,0.06082,0.03335,0.0328,0.03463,0.2124,0.2208,
2.221,0.4077,0.1042,0.06526,0.05777,0.09149,0.07209,0.0141,0.06031,0.03336,0.03281,0.0346,0.2125,0.2215,
2.22,0.4097,0.1039,0.06529,0.05795,0.09149,0.07096,0.0141,0.06074,0.03293,0.03281,0.03462,0.2125,0.2227,
2.22,0.4158,0.1039,0.06524,0.0581,0.09113,0.07099,0.0141,0.06076,0.03294,0.03282,0.03465,0.2126,0.2228,
2.221,0.4154,0.1025,0.06549,0.05819,0.09218,0.07127,0.01446,0.06012,0.03435,0.03142,0.03468,0.2126,0.2228,
2.222,0.4137,0.105,0.06529,0.0583,0.0917,0.07126,0.01499,0.05957,0.03551,0.03024,0.03458,0.2136,0.2199,
2.221,0.4213,0.1048,0.06531,0.05845,0.0917,0.07468,0.01499,0.05669,0.03497,0.03024,0.03461,0.2136,0.2199,
2.218,0.4291,0.1055,0.06533,0.05649,0.09089,0.07467,0.01498,0.05666,0.03549,0.02969,0.03458,0.2147,0.2211,
2.217,0.4175,0.1055,0.06532,0.05656,0.09049,0.0747,0.01499,0.05668,0.03879,0.02642,0.0346,0.2148,0.2212,
2.223,0.4203,0.1081,0.06574,0.05583,0.09,0.07466,0.01498,0.05719,0.03963,0.02774,0.03459,0.2129,0.2186,
2.223,0.4112,0.1077,0.06549,0.05583,0.09008,0.07472,0.015,0.05821,0.03869,0.02776,0.03463,0.2131,0.2188,
2.222,0.411,0.1082,0.06538,0.0559,0.09019,0.07495,0.0147,0.05918,0.03766,0.02774,0.03463,0.2141,0.2174,
2.219,0.4129,0.1089,0.06553,0.05593,0.09102,0.07632,0.0129,0.05946,0.03708,0.02758,0.03459,0.2149,0.2158,
2.219,0.4183,0.1072,0.06548,0.05602,0.0924,0.07568,0.01325,0.05914,0.03709,0.02759,0.03462,0.215,0.2165,
2.218,0.4274,0.1066,0.06616,0.05601,0.09205,0.07661,0.01325,0.05952,0.03719,0.02625,0.03465,0.2151,0.2166,
2.219,0.442,0.1063,0.06587,0.05628,0.09172,0.07668,0.01423,0.05956,0.03625,0.02627,0.0347,0.2153,0.2168,
2.234,0.4252,0.11,0.06588,0.05623,0.09152,0.07494,0.01505,0.05859,0.03618,0.03341,0.03465,0.2098,0.2138,
2.234,0.426,0.11,0.06579,0.05632,0.09152,0.07494,0.01505,0.05859,0.03618,0.03341,0.03466,0.2098,0.2138,
2.233,0.4268,0.1099,0.06563,0.05641,0.09147,0.0749,0.01504,0.05856,0.03615,0.03339,0.03465,0.2107,0.2132,
2.233,0.4267,0.1098,0.06539,0.0565,0.09112,0.07495,0.01505,0.05861,0.03619,0.03342,0.03467,0.2109,0.2134,
2.232,0.4258,0.1094,0.06554,0.05652,0.09102,0.07551,0.01439,0.05855,0.03615,0.03338,0.03464,0.2117,0.2132,
2.232,0.4404,0.1084,0.06593,0.05654,0.09073,0.07561,0.01509,0.05794,0.03882,0.0308,0.03469,0.212,0.2135,
2.232,0.4417,0.1082,0.06598,0.05665,0.09073,0.07561,0.01509,0.05794,0.03882,0.0308,0.0347,0.212,0.2135,
2.23,0.4443,0.1081,0.06596,0.05677,0.09073,0.07402,0.01509,0.05794,0.03981,0.02981,0.0347,0.212,0.2151,
2.227,0.451,0.1081,0.06587,0.05564,0.09038,0.07532,0.01437,0.05741,0.03982,0.02982,0.0347,0.2121,0.2165,
2.229,0.4479,0.112,0.06568,0.05573,0.09028,0.07567,0.01392,0.05735,0.03978,0.02978,0.03468,0.2129,0.2121,
2.222,0.4446,0.1106,0.06598,0.05593,0.08982,0.07964,0.01014,0.05747,0.03987,0.02985,0.03471,0.2134,0.2126,
2.218,0.4489,0.1103,0.06598,0.05592,0.08973,0.07843,0.01067,0.05741,0.0455,0.0236,0.03469,0.2142,0.2135,
2.219,0.4505,0.1103,0.06602,0.05592,0.08973,0.07843,0.01179,0.0563,0.0455,0.0236,0.03469,0.2142,0.2135,
2.22,0.4489,0.1093,0.06598,0.05595,0.09069,0.07843,0.01179,0.0563,0.0455,0.0236,0.03469,0.2142,0.2135,
2.219,0.4498,0.1089,0.06634,0.05603,0.09069,0.07843,0.01179,0.05684,0.04609,0.02247,0.03469,0.2142,0.2135,
2.241,0.4417,0.1087,0.06628,0.05611,0.09022,0.07838,0.01178,0.05679,0.04606,0.03373,0.03467,0.2039,0.2134,
2.242,0.4489,0.1085,0.06637,0.05623,0.09022,0.07838,0.01232,0.05625,0.04606,0.03373,0.03467,0.2039,0.2134,
2.241,0.434,0.1082,0.0663,0.0561,0.09004,0.07822,0.01229,0.05614,0.04596,0.03366,0.03461,0.2055,0.2129,
2.24,0.4363,0.1067,0.06659,0.05605,0.09093,0.07814,0.01228,0.05608,0.04592,0.03363,0.03457,0.2064,0.2127,
2.24,0.4359,0.1063,0.06679,0.05602,0.09083,0.07806,0.01227,0.05602,0.04587,0.03359,0.03454,0.2072,0.2125,
2.239,0.4525,0.1062,0.06666,0.05615,0.09225,0.07561,0.01305,0.05485,0.04582,0.03356,0.03451,0.208,0.2134,
2.238,0.4344,0.106,0.06673,0.0562,0.09225,0.07492,0.01316,0.05485,0.04528,0.03356,0.03452,0.208,0.2145,
2.238,0.432,0.106,0.06676,0.05634,0.09154,0.07431,0.01383,0.05423,0.04532,0.03358,0.03455,0.2082,0.2154,
2.238,0.4395,0.1043,0.06679,0.05644,0.09274,0.07434,0.01384,0.05425,0.0464,0.03253,0.03458,0.2083,0.2155,
2.238,0.4371,0.1071,0.0667,0.05648,0.09264,0.07359,0.01382,0.0542,0.04725,0.0316,0.03456,0.2091,0.2129,
2.238,0.433,0.1067,0.06675,0.05656,0.09233,0.07366,0.01384,0.05423,0.04835,0.03057,0.03458,0.2093,0.2131,
2.238,0.4377,0.1062,0.06691,0.05671,0.09197,0.07372,0.01428,0.05439,0.04786,0.03059,0.03461,0.2095,0.2133,
2.237,0.4621,0.1043,0.0674,0.05666,0.09251,0.07414,0.01438,0.05437,0.04785,0.03005,0.03462,0.2105,0.2133,
2.236,0.4389,0.1045,0.0674,0.0551,0.09242,0.07409,0.01529,0.05449,0.04674,0.03002,0.03463,0.2124,0.2129,
2.235,0.4384,0.1045,0.0673,0.05518,0.09242,0.07384,0.01486,0.05449,0.04674,0.03002,0.03465,0.2124,0.2136,
2.235,0.4421,0.1045,0.0672,0.05531,0.09206,0.07388,0.01564,0.05417,0.04758,0.02878,0.03467,0.2125,0.2137,
2.235,0.4446,0.1042,0.06671,0.05557,0.09164,0.07386,0.01643,0.05335,0.04757,0.02877,0.03469,0.2136,0.2136,
2.233,0.4514,0.104,0.06688,0.05568,0.09128,0.07461,0.01572,0.0584,0.04255,0.02878,0.03471,0.2137,0.2137,
2.233,0.4536,0.1029,0.06689,0.05575,0.09229,0.07461,0.01572,0.0584,0.04255,0.02878,0.03472,0.2137,0.2137,
2.253,0.4399,0.1024,0.06693,0.05569,0.0921,0.075,0.01515,0.05828,0.04246,0.04079,0.03466,0.2032,0.2133,
2.251,0.4322,0.1022,0.06697,0.05567,0.09201,0.07546,0.0146,0.05876,0.04188,0.04075,0.03464,0.204,0.2131,
2.251,0.4352,0.102,0.06707,0.05582,0.09164,0.07482,0.0146,0.05878,0.0419,0.04076,0.03467,0.2041,0.2138,
2.25,0.441,0.1019,0.06716,0.05581,0.09143,0.07485,0.0146,0.0588,0.04192,0.04078,0.03464,0.2042,0.2139,
2.252,0.4418,0.1049,0.06669,0.05599,0.09186,0.07527,0.01457,0.05834,0.04189,0.04076,0.03458,0.2051,0.2101,
2.246,0.4405,0.104,0.06656,0.05611,0.09234,0.07625,0.01237,0.06013,0.04,0.04071,0.03456,0.2059,0.211,
2.247,0.4439,0.1036,0.06681,0.05632,0.09234,0.07625,0.01291,0.05959,0.04,0.04071,0.03457,0.2059,0.211,
2.246,0.4439,0.1028,0.0668,0.05638,0.09234,0.07545,0.01355,0.05905,0.03946,0.04071,0.03457,0.2059,0.2129,
2.246,0.4651,0.102,0.06718,0.05643,0.09181,0.07544,0.01355,0.05903,0.03945,0.04071,0.03457,0.2069,0.2129,
2.243,0.4522,0.1016,0.06726,0.05646,0.09147,0.0736,0.01356,0.05909,0.03949,0.04074,0.03461,0.2071,0.215,
2.243,0.4278,0.1016,0.06721,0.05649,0.09147,0.0736,0.01356,0.05909,0.04038,0.03985,0.03462,0.2071,0.215,
2.24,0.4396,0.1016,0.06711,0.05537,0.0911,0.07363,0.01356,0.06179,0.03771,0.03986,0.03464,0.2072,0.2164,
2.242,0.44,0.1038,0.06729,0.0554,0.09101,0.07355,0.01355,0.06173,0.03767,0.03982,0.03461,0.208,0.2136,
2.24,0.4387,0.1017,0.06719,0.05546,0.09282,0.07236,0.01354,0.06166,0.03763,0.03978,0.03457,0.2088,0.2144,
2.241,0.3915,0.1036,0.06718,0.05549,0.09239,0.07168,0.01353,0.06165,0.03763,0.03977,0.03457,0.2099,0.2126,
2.24,0.3924,0.1034,0.06736,0.05548,0.09239,0.07101,0.01388,0.06131,0.03763,0.03977,0.03459,0.2099,0.2133,
2.239,0.3892,0.1032,0.06755,0.05547,0.09239,0.07055,0.01376,0.06117,0.03745,0.03955,0.0346,0.2099,0.2144,
2.236,0.3912,0.103,0.06767,0.05552,0.09239,0.06832,0.01376,0.0617,0.03691,0.03955,0.0346,0.2099,0.2167,
2.236,0.3962,0.1041,0.06728,0.05541,0.0925,0.06977,0.01361,0.06058,0.03696,0.0396,0.03444,0.2112,0.2146,
2.238,0.3938,0.1084,0.06727,0.05531,0.09208,0.06922,0.01347,0.06056,0.03807,0.03847,0.03441,0.2122,0.2106,
2.244,0.4007,0.1079,0.06716,0.05508,0.09192,0.06911,0.01344,0.06046,0.038,0.04351,0.03434,0.2088,0.2102,
2.244,0.4006,0.1069,0.06698,0.05527,0.09288,0.06964,0.01291,0.06046,0.03988,0.04163,0.03434,0.2088,0.2102,
2.244,0.4009,0.1067,0.06671,0.05541,0.09292,0.07021,0.01307,0.0598,0.0399,0.04165,0.03435,0.2089,0.2103,
2.24,0.405,0.1052,0.06657,0.05342,0.09255,0.07024,0.01307,0.06036,0.03938,0.04167,0.03435,0.209,0.2142,
2.238,0.4091,0.1038,0.06672,0.05349,0.09255,0.07024,0.01307,0.06121,0.03853,0.04167,0.03435,0.209,0.2153,
2.238,0.4121,0.1038,0.0664,0.05387,0.09255,0.07024,0.01307,0.06174,0.03853,0.04114,0.03436,0.209,0.2153,
2.237,0.4185,0.1037,0.06638,0.05392,0.09255,0.07002,0.01262,0.06174,0.03853,0.04114,0.03438,0.209,0.216,
2.235,0.4134,0.1036,0.06641,0.05399,0.09255,0.06848,0.01262,0.06161,0.03853,0.04114,0.0344,0.209,0.2176,
2.236,0.4487,0.1034,0.06613,0.05416,0.09259,0.0685,0.01316,0.0611,0.03855,0.04115,0.0344,0.2091,0.2177,
2.235,0.4078,0.1038,0.0661,0.05406,0.09226,0.06912,0.01264,0.0616,0.03906,0.04031,0.03441,0.2104,0.2162,
2.233,0.4439,0.1026,0.06616,0.05406,0.09226,0.0701,0.01165,0.0616,0.04018,0.03919,0.03441,0.2104,0.2173,
2.232,0.4289,0.1013,0.06657,0.05404,0.09466,0.07067,0.011,0.06154,0.04155,0.03773,0.03438,0.2112,0.2153,
2.231,0.4085,0.1013,0.06662,0.0541,0.0943,0.07124,0.01046,0.06156,0.0421,0.03721,0.0344,0.2113,0.2154,
2.228,0.4194,0.1013,0.06659,0.05224,0.0943,0.07124,0.01046,0.06156,0.0455,0.03381,0.03439,0.2113,0.2173,
2.231,0.4106,0.1066,0.06642,0.05233,0.0942,0.07116,0.01045,0.06149,0.04545,0.03378,0.03436,0.2122,0.2116,
2.229,0.4087,0.1049,0.06636,0.05216,0.09488,0.07126,0.01004,0.06144,0.04536,0.03366,0.03437,0.2123,0.2133,
2.227,0.4162,0.1029,0.06614,0.0523,0.09585,0.07154,0.00977,0.06144,0.04536,0.03366,0.03437,0.2123,0.2144,
2.227,0.4133,0.1029,0.06616,0.05232,0.09548,0.07157,0.009774,0.06146,0.04538,0.03367,0.03438,0.2124,0.2145,
2.227,0.4128,0.1028,0.06617,0.05241,0.09513,0.0716,0.009778,0.06149,0.0454,0.03369,0.03441,0.2125,0.2146,
2.227,0.4197,0.1028,0.06611,0.05259,0.09477,0.07163,0.009777,0.06151,0.04542,0.0337,0.03444,0.2126,0.2147,
2.227,0.4222,0.1028,0.06597,0.0527,0.09477,0.07163,0.009777,0.06151,0.04694,0.03218,0.03447,0.2126,0.2147,
2.227,0.428,0.1054,0.06569,0.05277,0.09435,0.07095,0.009775,0.06222,0.04622,0.03217,0.03447,0.2136,0.2124,
2.235,0.4157,0.1051,0.06576,0.05273,0.09425,0.07087,0.009765,0.06215,0.04617,0.03702,0.03445,0.2095,0.2122,
2.232,0.4238,0.1051,0.06569,0.0528,0.09425,0.06975,0.009765,0.06215,0.05217,0.03103,0.03445,0.2095,0.2133,
2.232,0.4425,0.1042,0.06562,0.05288,0.09476,0.06978,0.009769,0.06218,0.05219,0.03104,0.0345,0.2096,0.2134,
2.232,0.4291,0.1043,0.06548,0.05306,0.09409,0.06985,0.009772,0.06223,0.05224,0.03106,0.03453,0.2098,0.2136,
2.229,0.421,0.1042,0.06536,0.05322,0.09409,0.06844,0.009497,0.06276,0.0517,0.03106,0.03455,0.2098,0.2153,
2.23,0.4074,0.1039,0.06554,0.0533,0.09409,0.06844,0.009497,0.06276,0.0517,0.03106,0.03456,0.2098,0.2153,
2.228,0.3956,0.1045,0.06544,0.05333,0.09386,0.06686,0.00949,0.06275,0.05169,0.03105,0.03455,0.2108,0.2157,
2.228,0.452,0.1047,0.06565,0.05329,0.09379,0.0668,0.009478,0.06396,0.0504,0.03103,0.03452,0.2118,0.2146,
2.227,0.4489,0.1045,0.06568,0.05339,0.09379,0.0668,0.009478,0.06449,0.0509,0.02999,0.03453,0.2118,0.2146,
2.227,0.4314,0.1059,0.06562,0.05332,0.09369,0.06606,0.009468,0.06443,0.05085,0.02996,0.03452,0.2126,0.2136,
2.226,0.3927,0.1058,0.06571,0.05339,0.09335,0.06609,0.009466,0.06445,0.05141,0.02943,0.03452,0.2127,0.2137,
2.244,0.3847,0.1093,0.06551,0.05334,0.09316,0.06595,0.009446,0.06431,0.0513,0.03829,0.03446,0.2054,0.2095,
2.243,0.3883,0.1092,0.06556,0.05347,0.09316,0.06439,0.01012,0.06364,0.0513,0.03829,0.03446,0.2054,0.211,
2.245,0.3916,0.1086,0.06557,0.05342,0.0931,0.06435,0.01165,0.06207,0.05127,0.03826,0.03443,0.2063,0.2109,
2.245,0.4066,0.1082,0.0658,0.05341,0.09264,0.06431,0.01164,0.06246,0.05081,0.03824,0.03442,0.2072,0.2108,
2.244,0.4082,0.1073,0.06604,0.05338,0.09262,0.06428,0.01161,0.06244,0.05079,0.03815,0.03442,0.2082,0.2108,
2.244,0.4102,0.1069,0.06637,0.05346,0.09226,0.06431,0.01162,0.06247,0.05135,0.03764,0.03443,0.2083,0.2109,
2.244,0.4089,0.1069,0.06634,0.05351,0.09226,0.06431,0.01196,0.06255,0.05092,0.03764,0.03445,0.2083,0.2109,
2.243,0.4259,0.1052,0.06671,0.05241,0.09322,0.06434,0.01196,0.06381,0.04971,0.03765,0.03446,0.2084,0.2121,
2.243,0.401,0.1051,0.06657,0.0525,0.09272,0.0643,0.01249,0.06323,0.05092,0.03639,0.03447,0.2093,0.2119,
2.243,0.4194,0.105,0.06665,0.05258,0.09238,0.06433,0.01249,0.06326,0.05094,0.0364,0.03448,0.2094,0.212,
2.242,0.4219,0.1051,0.06667,0.05265,0.09161,0.06439,0.0125,0.06331,0.05099,0.03643,0.03451,0.2096,0.2122,
2.241,0.4194,0.09907,0.06652,0.05252,0.09658,0.06425,0.01247,0.06371,0.05034,0.03635,0.03445,0.2113,0.2125,
2.222,0.4152,0.1032,0.06626,0.05278,0.09616,0.0636,0.01248,0.09119,0.0229,0.03636,0.03433,0.2124,0.2083,
2.226,0.4089,0.1032,0.06608,0.05287,0.09565,0.06356,0.01247,0.09113,0.02289,0.03912,0.03432,0.2105,0.2082,
2.224,0.4099,0.1017,0.06594,0.05295,0.09636,0.06288,0.01246,0.09111,0.02288,0.03911,0.03428,0.2116,0.2088,
2.226,0.4083,0.1015,0.06559,0.05323,0.09626,0.06282,0.01245,0.09101,0.02411,0.03893,0.03427,0.2113,0.2086,
2.227,0.4146,0.1015,0.06562,0.05325,0.09556,0.06287,0.01246,0.09108,0.02607,0.03702,0.03429,0.2115,0.2088,
2.226,0.4083,0.1015,0.06568,0.05258,0.09556,0.06287,0.01246,0.09108,0.02607,0.03702,0.03429,0.2115,0.2094,
2.225,0.4119,0.1015,0.06569,0.05258,0.09525,0.06342,0.01193,0.09112,0.02608,0.03704,0.03429,0.2116,0.2095,
2.229,0.4062,0.1013,0.06575,0.05253,0.09475,0.06339,0.01249,0.09093,0.02564,0.03931,0.03429,0.2102,0.2094,
2.229,0.4051,0.1013,0.06563,0.05278,0.09438,0.06341,0.0125,0.09097,0.02565,0.03933,0.0343,0.2103,0.2095,
2.228,0.4051,0.1,0.06536,0.05296,0.09538,0.06335,0.01248,0.09087,0.02562,0.03928,0.03427,0.2111,0.2093,
2.224,0.4095,0.09989,0.06472,0.05316,0.09533,0.06064,0.01247,0.09082,0.02561,0.03926,0.03425,0.212,0.2118,
2.227,0.4111,0.09976,0.06429,0.05308,0.09483,0.06057,0.01245,0.0907,0.02557,0.04199,0.0341,0.2111,0.2116,
2.227,0.4135,0.09965,0.06428,0.05319,0.09483,0.06057,0.01245,0.0907,0.02646,0.0411,0.0341,0.2111,0.2116,
2.228,0.3918,0.09953,0.06419,0.0534,0.09483,0.05946,0.01299,0.09016,0.02797,0.03959,0.0341,0.2111,0.2127,
2.228,0.3949,0.0992,0.06396,0.05359,0.09487,0.05948,0.01299,0.0902,0.02798,0.03961,0.03414,0.2112,0.2128,
2.248,0.3753,0.1018,0.06383,0.05357,0.09477,0.05942,0.01298,0.09185,0.02795,0.05133,0.03413,0.1985,0.2098,
2.248,0.3765,0.1015,0.06384,0.05365,0.09468,0.0587,0.01339,0.09133,0.02845,0.05075,0.03412,0.1993,0.2103,
2.249,0.3743,0.1006,0.06393,0.05377,0.09528,0.05949,0.01313,0.0908,0.03164,0.04756,0.03413,0.1993,0.2103,
2.249,0.3497,0.1005,0.06372,0.05397,0.09478,0.05946,0.01346,0.09041,0.03162,0.04754,0.03411,0.2002,0.2102,
2.244,0.3536,0.1005,0.06374,0.05263,0.09441,0.05682,0.01347,0.09045,0.03252,0.04667,0.03414,0.2003,0.2143,
2.248,0.3499,0.1011,0.06376,0.0527,0.09848,0.05679,0.01399,0.09075,0.0325,0.04576,0.03412,0.2012,0.2088,
2.243,0.3786,0.1011,0.06381,0.05269,0.09815,0.05994,0.01087,0.09185,0.03234,0.04489,0.03414,0.2013,0.2089,
2.243,0.3839,0.1008,0.06391,0.05291,0.09815,0.05994,0.01087,0.09185,0.03393,0.04329,0.03415,0.2013,0.2089,
2.241,0.3972,0.1004,0.06379,0.05167,0.09819,0.0593,0.01121,0.09253,0.03795,0.03833,0.03415,0.2014,0.2111,
2.238,0.3907,0.1016,0.06374,0.0516,0.09799,0.05714,0.01119,0.09288,0.03865,0.03694,0.0341,0.203,0.2112,
2.237,0.3787,0.1014,0.06345,0.05184,0.09789,0.05708,0.01118,0.09332,0.03808,0.0369,0.03406,0.2038,0.211,
2.235,0.3815,0.0988,0.06347,0.05194,0.09789,0.05708,0.01118,0.09332,0.03808,0.0369,0.03407,0.2038,0.2135,
2.235,0.3785,0.09703,0.0634,0.05202,0.0976,0.0571,0.01171,0.09283,0.0381,0.03692,0.03409,0.2039,0.2153,
2.235,0.3693,0.1005,0.0633,0.0521,0.09677,0.05644,0.0112,0.0928,0.03814,0.03696,0.03412,0.2052,0.2125,
2.229,0.3561,0.09939,0.06291,0.05239,0.09624,0.05928,0.00853,0.09304,0.03824,0.03705,0.0342,0.2057,0.213,
2.229,0.3589,0.09991,0.06316,0.05099,0.09746,0.05924,0.008525,0.09299,0.03822,0.03703,0.03419,0.2066,0.2117,
2.229,0.3614,0.09998,0.0628,0.05142,0.09671,0.05929,0.008532,0.09307,0.03914,0.03618,0.03422,0.2068,0.2119,
2.229,0.3657,0.09963,0.06252,0.05171,0.09675,0.05932,0.008536,0.09311,0.04076,0.03459,0.03423,0.2069,0.212,
2.227,0.402,0.09911,0.06254,0.05184,0.0968,0.05867,0.00854,0.09369,0.04246,0.03239,0.03426,0.207,0.2127,
2.228,0.3961,0.104,0.06241,0.05078,0.0967,0.05861,0.008531,0.09412,0.04188,0.03236,0.03423,0.2078,0.2085,
2.227,0.3655,0.1039,0.0622,0.05086,0.0966,0.05855,0.008522,0.09403,0.04184,0.03233,0.03421,0.2086,0.2083,
2.267,0.4112,0.1037,0.06213,0.05078,0.09605,0.05846,0.05446,0.04792,0.04177,0.03227,0.03416,0.2104,0.208,
2.276,0.4114,0.1035,0.062,0.05089,0.09562,0.05842,0.05442,0.04788,0.04174,0.03747,0.03413,0.2061,0.2079,
2.275,0.4058,0.1029,0.06208,0.05093,0.09516,0.05841,0.05441,0.04788,0.04174,0.03747,0.03413,0.2071,0.2078,
2.273,0.4021,0.1029,0.06196,0.05104,0.09516,0.05645,0.05441,0.0483,0.04184,0.03694,0.03415,0.2071,0.2098,
2.272,0.4123,0.1024,0.06185,0.05116,0.09445,0.05655,0.05451,0.04839,0.04351,0.03541,0.03421,0.2074,0.2102,
2.271,0.4137,0.1,0.06176,0.05123,0.09511,0.0566,0.05456,0.04843,0.04355,0.03544,0.03424,0.2076,0.2115,
2.27,0.4266,0.09979,0.06177,0.05143,0.09359,0.05605,0.05468,0.04854,0.04581,0.03335,0.03431,0.2081,0.2126,
2.27,0.4281,0.1013,0.06172,0.0514,0.0935,0.05599,0.05462,0.04849,0.04576,0.03332,0.0343,0.2089,0.2107,
2.269,0.4283,0.1006,0.06166,0.05134,0.09397,0.05594,0.0551,0.0479,0.04731,0.03169,0.03428,0.2097,0.2105,
2.269,0.3956,0.1006,0.06161,0.05148,0.09357,0.05649,0.05512,0.04739,0.04733,0.0317,0.0343,0.2098,0.2106,
2.265,0.3926,0.09581,0.06175,0.05018,0.09624,0.05646,0.05551,0.04693,0.0473,0.03168,0.03428,0.2107,0.2131,
2.286,0.3851,0.1012,0.06149,0.05014,0.09594,0.05562,0.05534,0.04679,0.04804,0.04228,0.03419,0.2016,0.2074,
2.286,0.3882,0.09822,0.06156,0.05013,0.09773,0.05615,0.05481,0.04679,0.04804,0.04228,0.0342,0.2016,0.2085,
2.285,0.3871,0.0983,0.06171,0.05031,0.09579,0.05561,0.05493,0.04689,0.04868,0.04184,0.03427,0.2021,0.2096,
2.283,0.3906,0.09805,0.06172,0.05032,0.09579,0.05563,0.05548,0.04638,0.05417,0.03639,0.0342,0.2021,0.2097,
2.282,0.4073,0.09642,0.0618,0.05042,0.09672,0.05501,0.05553,0.04642,0.05475,0.03589,0.03416,0.2023,0.2106,
2.281,0.4062,0.09517,0.06172,0.05049,0.0966,0.05502,0.05609,0.04591,0.05477,0.03591,0.03412,0.2024,0.2118,
2.281,0.3393,0.09517,0.06172,0.05048,0.0966,0.05502,0.05643,0.04557,0.05477,0.03591,0.03413,0.2024,0.2118,
2.281,0.3412,0.09469,0.06163,0.0507,0.09665,0.05558,0.05592,0.04559,0.0548,0.03592,0.03415,0.2025,0.2119,
2.279,0.3421,0.09695,0.06165,0.05069,0.09659,0.05288,0.05589,0.04627,0.05406,0.0359,0.03414,0.2034,0.2116,
2.276,0.3393,0.09706,0.06165,0.04955,0.09565,0.05294,0.05596,0.04633,0.05573,0.03434,0.03415,0.2037,0.213,
2.277,0.3366,0.09913,0.06168,0.0495,0.09556,0.05289,0.0559,0.04628,0.05567,0.03431,0.03412,0.2045,0.2105,
2.277,0.3592,0.09719,0.06183,0.04945,0.09676,0.05285,0.05587,0.04625,0.05564,0.03429,0.03411,0.2054,0.2104,
2.276,0.3654,0.09651,0.06143,0.04968,0.09635,0.0533,0.05546,0.04627,0.05565,0.0343,0.03414,0.2065,0.2104,
2.276,0.355,0.0962,0.06139,0.04969,0.09639,0.05402,0.05479,0.04629,0.05568,0.03432,0.03416,0.2066,0.2105,
2.274,0.3535,0.09589,0.06154,0.0497,0.09594,0.05287,0.05529,0.04573,0.05565,0.03429,0.03412,0.2075,0.2115,
2.274,0.3511,0.09557,0.06146,0.04983,0.09558,0.05292,0.05534,0.04577,0.0557,0.03433,0.03416,0.2077,0.2117,
2.27,0.3479,0.09442,0.06145,0.04978,0.09648,0.05156,0.05494,0.04564,0.05553,0.03416,0.03413,0.2085,0.2134,
2.268,0.3521,0.09507,0.06151,0.04982,0.09638,0.05151,0.05488,0.04559,0.05925,0.03034,0.03409,0.2093,0.2122,
2.266,0.3527,0.09705,0.06139,0.0498,0.09599,0.04928,0.05487,0.04557,0.05924,0.03033,0.03409,0.2103,0.2121,
