entropy,entropyInd,RabA,RabB,RabC,RabD,RabE,RabF,RabG,RabH,RabI,xER,xPM,
2.178,0.3355,0.106,0.0907,0.0685,0.1252,0.05449,0.03938,0.03062,0.03407,0.03502,0.2066,0.2094,
2.176,0.3394,0.1051,0.09044,0.06839,0.1242,0.05441,0.03932,0.03057,0.03401,0.03497,0.2095,0.2091,
2.175,0.3401,0.1053,0.09064,0.06851,0.1224,0.054,0.03926,0.03061,0.03405,0.03501,0.2099,0.2102,
2.175,0.3437,0.1054,0.09071,0.06856,0.1217,0.05404,0.03929,0.03062,0.03407,0.03503,0.2101,0.2104,
2.182,0.3362,0.106,0.09062,0.06849,0.1216,0.05398,0.03925,0.03059,0.03403,0.03891,0.207,0.2095,
2.182,0.3341,0.106,0.09062,0.06849,0.1216,0.05398,0.03925,0.03059,0.03403,0.03891,0.207,0.2095,
2.177,0.335,0.1041,0.09052,0.06824,0.1215,0.05195,0.03921,0.03056,0.034,0.03887,0.2079,0.2133,
2.177,0.335,0.1041,0.09052,0.06824,0.1215,0.05195,0.03921,0.03056,0.034,0.03887,0.2079,0.2133,
2.177,0.3324,0.1041,0.09052,0.06824,0.1215,0.05195,0.03921,0.03056,0.034,0.03887,0.2079,0.2133,
2.174,0.3327,0.1038,0.09054,0.06819,0.1215,0.05043,0.03922,0.03057,0.03401,0.03888,0.2079,0.2149,
2.173,0.3391,0.1035,0.09056,0.06825,0.1212,0.04938,0.03926,0.03059,0.03404,0.03892,0.2081,0.2162,
2.173,0.328,0.1035,0.09056,0.06825,0.1212,0.04938,0.03926,0.03059,0.03404,0.03892,0.2081,0.2162,
2.172,0.3243,0.1048,0.0906,0.0681,0.1201,0.04876,0.03929,0.03061,0.03406,0.03894,0.2094,0.2153,
2.169,0.344,0.1048,0.0906,0.0681,0.1201,0.04656,0.03929,0.03061,0.03406,0.03894,0.2094,0.2175,
2.184,0.3414,0.1081,0.09051,0.06737,0.12,0.04651,0.03925,0.03058,0.03403,0.04821,0.2009,0.2145,
2.183,0.3413,0.1064,0.09043,0.06746,0.1202,0.04591,0.0393,0.03062,0.03407,0.04828,0.2012,0.2161,
2.18,0.3317,0.1064,0.09043,0.06746,0.1202,0.04393,0.0393,0.03062,0.03407,0.04828,0.2012,0.2181,
2.18,0.3399,0.1062,0.09042,0.06754,0.1195,0.04397,0.03935,0.03065,0.03411,0.04833,0.2015,0.2184,
2.182,0.3337,0.111,0.08999,0.06736,0.119,0.04392,0.0393,0.03061,0.03407,0.04827,0.2032,0.2132,
2.181,0.3704,0.1143,0.0899,0.06729,0.1189,0.04264,0.03895,0.03058,0.03404,0.04822,0.2041,0.2111,
2.181,0.2993,0.1162,0.08972,0.06716,0.1183,0.04258,0.03889,0.03053,0.03398,0.04815,0.2058,0.2087,
2.181,0.2986,0.1163,0.08976,0.06719,0.118,0.04258,0.03891,0.03054,0.03399,0.04816,0.2059,0.2088,
2.179,0.299,0.1164,0.08984,0.06722,0.1173,0.0413,0.03893,0.03055,0.03401,0.04819,0.206,0.2103,
2.176,0.2957,0.119,0.08965,0.06643,0.117,0.03984,0.03885,0.03049,0.03394,0.04809,0.2077,0.209,
2.174,0.3184,0.1176,0.08956,0.06525,0.1171,0.03986,0.03887,0.0305,0.03396,0.04811,0.2078,0.2114,
2.172,0.3144,0.1174,0.0895,0.0642,0.1168,0.03923,0.0389,0.03053,0.03399,0.04815,0.208,0.2134,
2.171,0.2926,0.1215,0.08949,0.06419,0.1157,0.03813,0.03891,0.03053,0.03399,0.04815,0.209,0.2104,
2.171,0.2907,0.1211,0.08956,0.06425,0.1153,0.03816,0.03895,0.03055,0.03402,0.0482,0.2092,0.2106,
2.171,0.2852,0.1198,0.08953,0.06422,0.1151,0.03819,0.03898,0.03057,0.03405,0.04823,0.2094,0.212,
2.191,0.2862,0.1213,0.08945,0.06417,0.115,0.03817,0.03895,0.03055,0.03403,0.0638,0.1947,0.2098,
2.189,0.2778,0.1213,0.08932,0.06421,0.1145,0.03705,0.03893,0.03054,0.03401,0.06377,0.1956,0.2108,
2.191,0.2775,0.125,0.0893,0.06426,0.1149,0.03703,0.03891,0.03051,0.03399,0.06373,0.1965,0.206,
2.187,0.2825,0.1249,0.08899,0.06446,0.1144,0.03498,0.03941,0.02996,0.03484,0.06281,0.1974,0.2079,
2.185,0.2834,0.124,0.0889,0.06454,0.1147,0.03385,0.03939,0.02994,0.03482,0.06277,0.1982,0.2089,
2.184,0.289,0.1236,0.08869,0.06397,0.1145,0.03323,0.03944,0.02998,0.03683,0.06088,0.1985,0.2105,
2.183,0.2905,0.1233,0.08854,0.06433,0.1145,0.0331,0.03891,0.0305,0.03631,0.06088,0.1985,0.2111,
2.184,0.3094,0.1257,0.08864,0.06458,0.114,0.03308,0.03889,0.03048,0.03628,0.06084,0.1994,0.2082,
2.171,0.3183,0.1239,0.08872,0.06463,0.1147,0.03307,0.05579,0.01356,0.03628,0.06083,0.2003,0.2082,
2.174,0.3231,0.1233,0.08853,0.06487,0.115,0.04597,0.04294,0.01356,0.03752,0.05962,0.2004,0.2082,
2.174,0.3242,0.1233,0.08839,0.06502,0.1139,0.04603,0.04301,0.01358,0.03758,0.05972,0.2008,0.2086,
2.169,0.3301,0.1225,0.08866,0.06504,0.1136,0.04297,0.04303,0.01358,0.0376,0.05974,0.2009,0.2125,
2.17,0.334,0.1208,0.08895,0.06519,0.1143,0.043,0.04306,0.01358,0.03851,0.05891,0.2011,0.2126,
2.17,0.3429,0.1225,0.08901,0.06535,0.1142,0.04298,0.04426,0.01236,0.04202,0.05534,0.2019,0.2101,
2.17,0.3445,0.1222,0.08896,0.06538,0.1141,0.04294,0.04421,0.01234,0.04471,0.05255,0.2028,0.2099,
2.17,0.3507,0.1219,0.08914,0.06534,0.1136,0.04317,0.04391,0.01233,0.04618,0.05101,0.2036,0.2097,
2.17,0.3534,0.1218,0.08941,0.06539,0.1129,0.0432,0.04395,0.01233,0.04621,0.05104,0.2038,0.2099,
2.169,0.3595,0.121,0.08899,0.06536,0.113,0.04321,0.04396,0.01233,0.04622,0.05105,0.2049,0.21,
2.168,0.3596,0.1208,0.08902,0.0656,0.1126,0.04257,0.04398,0.01233,0.04624,0.05107,0.205,0.2108,
2.168,0.3631,0.1208,0.08898,0.06564,0.1126,0.04257,0.04451,0.0118,0.04797,0.04934,0.205,0.2108,
2.168,0.3645,0.1202,0.08894,0.06568,0.1132,0.04257,0.04451,0.0118,0.04913,0.04818,0.205,0.2108,
2.166,0.3274,0.1231,0.08872,0.06333,0.1131,0.04253,0.04446,0.01179,0.04908,0.04813,0.2058,0.2099,
2.166,0.3209,0.1273,0.08881,0.06342,0.113,0.04096,0.04443,0.01178,0.04905,0.0481,0.2067,0.2064,
2.166,0.32,0.1272,0.08889,0.06342,0.113,0.04096,0.04443,0.01178,0.04905,0.0481,0.2067,0.2064,
2.164,0.3181,0.1272,0.08885,0.06346,0.113,0.03986,0.04443,0.01178,0.04905,0.0481,0.2067,0.2075,
2.162,0.3299,0.1259,0.08889,0.0618,0.1139,0.03988,0.04445,0.01177,0.05145,0.04574,0.2068,0.2095,
2.162,0.3261,0.1245,0.08866,0.06215,0.1149,0.041,0.04335,0.01178,0.05146,0.04575,0.2069,0.2096,
2.16,0.3217,0.1242,0.08843,0.06236,0.1146,0.04032,0.04332,0.01177,0.05143,0.04572,0.2078,0.2101,
2.16,0.3273,0.1218,0.08928,0.06232,0.1157,0.04027,0.04328,0.01176,0.05137,0.04567,0.2086,0.2099,
2.16,0.3292,0.1216,0.08931,0.06254,0.1157,0.04027,0.04328,0.01176,0.05137,0.04567,0.2086,0.2099,
2.16,0.3314,0.1257,0.08948,0.06254,0.1152,0.03914,0.04325,0.01175,0.05134,0.04564,0.2096,0.2064,
2.169,0.3266,0.1252,0.08957,0.06254,0.1144,0.03716,0.04326,0.01174,0.05195,0.05412,0.2016,0.2085,
2.169,0.3128,0.125,0.08962,0.06273,0.1141,0.03717,0.04327,0.01174,0.05196,0.05413,0.2017,0.2086,
2.169,0.325,0.1251,0.0897,0.06279,0.1134,0.03719,0.04331,0.01175,0.05201,0.05417,0.2018,0.2087,
2.17,0.3534,0.1234,0.08963,0.06293,0.1148,0.03721,0.04333,0.01176,0.05203,0.0542,0.2019,0.2088,
2.168,0.3496,0.1215,0.08955,0.06291,0.1159,0.03654,0.04332,0.01176,0.05202,0.05419,0.2029,0.2095,
2.168,0.342,0.1213,0.08907,0.06331,0.1158,0.03656,0.04334,0.01176,0.05205,0.05421,0.203,0.2096,
2.167,0.3436,0.1213,0.0891,0.06349,0.1151,0.03593,0.04337,0.01175,0.05207,0.05425,0.2032,0.2104,
2.167,0.3415,0.121,0.08953,0.06368,0.114,0.03597,0.04343,0.01176,0.05813,0.04832,0.2034,0.2107,
2.164,0.3482,0.1208,0.0892,0.06373,0.1132,0.03592,0.04338,0.01174,0.06297,0.04335,0.2052,0.2104,
2.178,0.3408,0.1206,0.08906,0.0638,0.1131,0.03523,0.04333,0.02605,0.04859,0.0433,0.2061,0.2109,
2.178,0.3398,0.1206,0.08896,0.0639,0.1131,0.03523,0.04333,0.02605,0.04859,0.0433,0.2061,0.2109,
2.18,0.4237,0.1236,0.08857,0.06418,0.1131,0.03524,0.04334,0.02606,0.04861,0.04332,0.2072,0.2068,
2.18,0.3457,0.1225,0.08867,0.0645,0.1133,0.03526,0.04331,0.02601,0.04863,0.04333,0.2074,0.2071,
2.179,0.3253,0.1211,0.08865,0.06478,0.1143,0.03527,0.04318,0.02588,0.04859,0.04329,0.2076,0.2073,
2.176,0.352,0.1204,0.08854,0.0635,0.1143,0.03527,0.04318,0.05191,0.02361,0.04223,0.2076,0.2094,
2.174,0.3491,0.1202,0.08857,0.06357,0.1137,0.03459,0.0431,0.05182,0.02454,0.04122,0.2086,0.21,
2.174,0.3782,0.12,0.08888,0.06363,0.1134,0.03461,0.04312,0.05185,0.02455,0.04124,0.2087,0.2101,
2.175,0.368,0.1198,0.08911,0.06383,0.1126,0.03517,0.04263,0.05189,0.02457,0.04128,0.2089,0.2103,
2.175,0.37,0.1193,0.08895,0.06376,0.1127,0.0352,0.04267,0.05194,0.02599,0.03992,0.2091,0.2105,
2.175,0.3677,0.1186,0.0887,0.06408,0.1128,0.03523,0.04271,0.05252,0.02708,0.03836,0.2093,0.2107,
2.177,0.3506,0.118,0.08888,0.06424,0.1128,0.03578,0.04219,0.05254,0.03345,0.03202,0.2094,0.2108,
2.175,0.3559,0.1178,0.08882,0.06434,0.112,0.03576,0.04324,0.05351,0.03138,0.032,0.2104,0.2107,
2.171,0.3584,0.1179,0.08842,0.06465,0.1109,0.03383,0.04318,0.05439,0.03259,0.03009,0.2107,0.2132,
2.15,0.3701,0.1179,0.08792,0.06511,0.1102,0.03388,0.08011,0.0176,0.03353,0.02924,0.211,0.2135,
2.156,0.4017,0.1182,0.08803,0.06532,0.1083,0.05796,0.05403,0.01762,0.03359,0.02929,0.2115,0.2162,
2.155,0.3624,0.1178,0.08811,0.06579,0.1068,0.05742,0.05469,0.01712,0.03366,0.02935,0.212,0.2173,
2.153,0.3652,0.1197,0.08817,0.06578,0.108,0.05448,0.05465,0.01711,0.03364,0.02934,0.2129,0.2162,
2.165,0.3481,0.12,0.088,0.06586,0.1086,0.05268,0.05464,0.0171,0.03363,0.0371,0.2061,0.2163,
2.164,0.3621,0.1176,0.08856,0.06596,0.1102,0.05157,0.05464,0.0171,0.03363,0.0371,0.2061,0.2174,
2.165,0.3566,0.1179,0.08838,0.06611,0.1112,0.05152,0.05458,0.01865,0.03203,0.03706,0.207,0.2156,
2.165,0.3564,0.1179,0.08836,0.06625,0.1108,0.05153,0.0546,0.01865,0.03204,0.03707,0.2071,0.2157,
2.163,0.3379,0.1175,0.08854,0.06645,0.1108,0.04958,0.0546,0.01919,0.0315,0.03707,0.2071,0.2177,
2.163,0.2983,0.1175,0.08849,0.06661,0.1104,0.0505,0.05374,0.01919,0.03152,0.03709,0.2071,0.2178,
2.163,0.3003,0.1163,0.08835,0.06683,0.1115,0.0505,0.05374,0.01919,0.03152,0.03709,0.2071,0.2178,
2.163,0.3035,0.1162,0.08832,0.06698,0.1115,0.0505,0.05374,0.01919,0.03152,0.03709,0.2071,0.2178,
2.159,0.3139,0.1159,0.08856,0.06707,0.1115,0.04782,0.05416,0.01877,0.03152,0.03709,0.2071,0.2205,
2.157,0.3213,0.1183,0.08879,0.06707,0.1114,0.04576,0.05411,0.01875,0.03383,0.03471,0.208,0.2193,
2.158,0.3317,0.1201,0.08872,0.06708,0.1121,0.04567,0.05453,0.01817,0.03464,0.03375,0.2096,0.2156,
2.157,0.3191,0.1211,0.08864,0.0671,0.112,0.04562,0.05447,0.01816,0.0391,0.02922,0.2104,0.2142,
2.156,0.3357,0.1208,0.08918,0.06731,0.1105,0.04503,0.05457,0.01818,0.03917,0.02926,0.2108,0.2152,
2.156,0.3309,0.1207,0.08915,0.06745,0.1105,0.04503,0.05457,0.01818,0.03917,0.02926,0.2108,0.2152,
2.153,0.3292,0.119,0.08894,0.06765,0.1121,0.04444,0.05375,0.01799,0.03894,0.02897,0.2108,0.2173,
2.153,0.3259,0.119,0.08892,0.06785,0.1118,0.04445,0.05377,0.01799,0.03895,0.02898,0.2109,0.2174,
2.152,0.325,0.1187,0.08911,0.06791,0.1118,0.04378,0.05377,0.01799,0.03895,0.02898,0.2109,0.2181,
2.163,0.3217,0.1181,0.089,0.06797,0.1148,0.04372,0.0537,0.01796,0.0389,0.03439,0.2073,0.2142,
2.161,0.3236,0.1209,0.08871,0.06825,0.1141,0.04425,0.06164,0.01935,0.029,0.03438,0.2083,0.2111,
2.16,0.3288,0.1187,0.08916,0.06821,0.1153,0.04422,0.06224,0.01949,0.0282,0.03436,0.2092,0.211,
2.159,0.3254,0.1179,0.08952,0.06809,0.1146,0.04415,0.06214,0.01946,0.02815,0.0343,0.211,0.2106,
2.159,0.3271,0.1178,0.08925,0.06822,0.1147,0.04417,0.06216,0.01947,0.02817,0.03432,0.2111,0.2107,
2.165,0.3241,0.1167,0.08923,0.06824,0.1151,0.04413,0.06212,0.02016,0.02743,0.03797,0.2083,0.2106,
2.165,0.3296,0.1167,0.0895,0.06836,0.1136,0.04474,0.0617,0.02019,0.02748,0.03804,0.2087,0.211,
2.164,0.3335,0.1166,0.0895,0.06848,0.1136,0.04408,0.06227,0.02016,0.02882,0.03617,0.2087,0.2116,
2.164,0.3267,0.1166,0.08946,0.06868,0.1132,0.04409,0.06229,0.02016,0.02882,0.03618,0.2088,0.2117,
2.152,0.3265,0.1162,0.08971,0.06881,0.1132,0.07972,0.02666,0.02016,0.02882,0.03618,0.2088,0.2117,
2.152,0.3258,0.1162,0.08943,0.06909,0.1132,0.07906,0.02666,0.02069,0.02829,0.03618,0.2088,0.2124,
2.152,0.3294,0.116,0.08951,0.06918,0.1132,0.07906,0.02666,0.02158,0.0274,0.03618,0.2088,0.2124,
2.153,0.3399,0.1144,0.08948,0.06927,0.1163,0.079,0.02664,0.02156,0.02738,0.03615,0.2097,0.2101,
2.153,0.347,0.114,0.08909,0.06931,0.1161,0.07899,0.02664,0.02156,0.02853,0.03499,0.2107,0.21,
2.153,0.3296,0.114,0.08903,0.06958,0.1154,0.07906,0.02666,0.02157,0.02855,0.03502,0.2109,0.2102,
2.152,0.3333,0.114,0.08909,0.06962,0.1142,0.07853,0.02671,0.02161,0.02861,0.03508,0.2113,0.2113,
2.152,0.3383,0.1138,0.08863,0.06987,0.1141,0.0786,0.02673,0.02163,0.02863,0.03511,0.2115,0.2115,
2.151,0.36,0.1127,0.08918,0.07006,0.1132,0.07905,0.02631,0.02164,0.02864,0.03512,0.2126,0.2115,
2.164,0.3911,0.1125,0.08913,0.07012,0.1128,0.07833,0.02629,0.02162,0.02862,0.04343,0.2052,0.212,
2.162,0.3205,0.1122,0.08883,0.0701,0.1125,0.07817,0.02624,0.02157,0.02856,0.04334,0.2068,0.2116,
2.162,0.316,0.112,0.08891,0.07019,0.1117,0.07816,0.02624,0.02157,0.02855,0.04333,0.2078,0.2116,
2.161,0.3209,0.1115,0.08903,0.07028,0.1107,0.07806,0.0262,0.02225,0.02781,0.04328,0.2097,0.2113,
2.161,0.3264,0.1113,0.08927,0.07042,0.1099,0.07813,0.02622,0.02305,0.02705,0.04331,0.2098,0.2115,
2.161,0.3193,0.111,0.08926,0.07074,0.1099,0.07813,0.02622,0.02305,0.02705,0.04331,0.2098,0.2115,
2.161,0.3199,0.1106,0.08927,0.07098,0.1091,0.07811,0.02622,0.02357,0.0274,0.04241,0.2109,0.2115,
2.16,0.326,0.1104,0.08919,0.07099,0.1089,0.07853,0.02569,0.02451,0.02641,0.04236,0.2117,0.2113,
2.183,0.3047,0.1099,0.08957,0.07099,0.1075,0.07848,0.02567,0.02449,0.02639,0.06006,0.1958,0.2111,
2.182,0.3202,0.109,0.08912,0.07122,0.1073,0.07828,0.0256,0.02443,0.02632,0.05991,0.1983,0.2106,
2.183,0.3166,0.1079,0.08926,0.07129,0.1079,0.07831,0.02624,0.02381,0.02767,0.0586,0.1984,0.2107,
2.183,0.3179,0.1075,0.08943,0.07146,0.1079,0.07831,0.02624,0.02381,0.02767,0.0586,0.1984,0.2107,
2.176,0.3353,0.1072,0.08961,0.07171,0.1075,0.08065,0.03413,0.01452,0.0268,0.05862,0.1985,0.2108,
2.177,0.352,0.1071,0.08964,0.07182,0.1075,0.08065,0.03466,0.01399,0.02768,0.05773,0.1985,0.2108,
2.18,0.3388,0.1069,0.08965,0.07206,0.1072,0.08002,0.03467,0.01399,0.0338,0.05164,0.1986,0.2115,
2.167,0.3394,0.1069,0.08971,0.07222,0.1065,0.09179,0.02299,0.01399,0.03382,0.05168,0.1987,0.2117,
2.166,0.3429,0.1068,0.08982,0.07233,0.1061,0.09061,0.023,0.014,0.03384,0.0517,0.1988,0.213,
2.167,0.341,0.1094,0.08946,0.07252,0.1056,0.0906,0.02353,0.01346,0.03383,0.0517,0.1998,0.2101,
2.166,0.3458,0.1086,0.08951,0.07259,0.1055,0.09055,0.02352,0.01346,0.03435,0.05114,0.2007,0.21,
2.167,0.3415,0.1079,0.08877,0.07293,0.1053,0.09075,0.02357,0.01401,0.03389,0.05124,0.2011,0.2105,
2.167,0.346,0.1076,0.08892,0.07312,0.1053,0.09053,0.02311,0.01562,0.03228,0.05124,0.2011,0.2112,
2.165,0.3491,0.1074,0.08893,0.07313,0.1048,0.08848,0.0231,0.01561,0.03341,0.05006,0.202,0.213,
2.167,0.3204,0.113,0.08874,0.07319,0.1039,0.08772,0.02307,0.01559,0.03391,0.04947,0.2038,0.2076,
2.166,0.3158,0.1128,0.08881,0.07343,0.1035,0.08829,0.02312,0.01503,0.03392,0.04949,0.2039,0.2077,
2.165,0.3179,0.1114,0.08896,0.07352,0.1037,0.08779,0.02299,0.01503,0.03394,0.04951,0.204,0.2091,
2.165,0.3252,0.1112,0.0893,0.0737,0.103,0.08721,0.02301,0.01505,0.03539,0.04813,0.2042,0.2099,
2.165,0.3371,0.1103,0.09013,0.07373,0.103,0.08565,0.02301,0.01576,0.03468,0.04813,0.2042,0.2115,
2.168,0.3418,0.1101,0.09007,0.07384,0.1026,0.08506,0.02392,0.02603,0.02356,0.04817,0.2044,0.2123,
2.169,0.3402,0.11,0.08958,0.0744,0.1026,0.08506,0.02392,0.02603,0.0249,0.04684,0.2044,0.2123,
2.168,0.3346,0.1128,0.08935,0.07436,0.1024,0.08289,0.02387,0.02597,0.02573,0.04586,0.206,0.2108,
2.167,0.3445,0.1128,0.08955,0.07447,0.1012,0.08233,0.02391,0.026,0.02576,0.04591,0.2063,0.2118,
2.166,0.3535,0.1123,0.0901,0.0746,0.1008,0.0817,0.02392,0.0327,0.02003,0.045,0.2064,0.2125,
2.167,0.3477,0.1153,0.08977,0.07488,0.1007,0.08095,0.02389,0.03266,0.02001,0.04495,0.2072,0.2097,
2.169,0.354,0.115,0.08993,0.07506,0.1007,0.08095,0.02389,0.03337,0.0222,0.04205,0.2072,0.2097,
2.168,0.353,0.1147,0.09011,0.07415,0.1007,0.08095,0.02389,0.03337,0.02318,0.04107,0.2072,0.2107,
2.168,0.3519,0.1144,0.09019,0.0742,0.1004,0.08102,0.02391,0.0334,0.02319,0.0411,0.2074,0.2109,
2.167,0.3572,0.1141,0.09037,0.07428,0.1004,0.08035,0.02391,0.0334,0.02319,0.0411,0.2074,0.2116,
2.169,0.36,0.1113,0.09022,0.07426,0.1029,0.08027,0.02389,0.03336,0.02796,0.03626,0.2082,0.2113,
2.168,0.3677,0.1095,0.09007,0.07461,0.1041,0.08107,0.02297,0.03333,0.02962,0.03454,0.209,0.2111,
2.168,0.3691,0.1095,0.08999,0.07476,0.1041,0.08107,0.02297,0.03333,0.03696,0.0272,0.209,0.2111,
2.165,0.412,0.1096,0.09015,0.07342,0.103,0.07998,0.0266,0.03034,0.0363,0.02723,0.2093,0.2142,
2.167,0.3754,0.1104,0.09029,0.07348,0.1038,0.07996,0.0266,0.03123,0.03594,0.02669,0.2103,0.2113,
2.162,0.3845,0.1096,0.08997,0.07363,0.1036,0.07988,0.02657,0.03119,0.04261,0.01995,0.2111,0.2118,
2.162,0.3873,0.1096,0.09006,0.07379,0.1028,0.07995,0.02659,0.03222,0.04165,0.01997,0.2113,0.212,
2.169,0.367,0.1093,0.08989,0.0737,0.1026,0.07978,0.02654,0.03215,0.04157,0.02334,0.2096,0.2115,
2.168,0.3735,0.1092,0.0899,0.07393,0.1023,0.08032,0.02721,0.031,0.04282,0.0221,0.2096,0.2116,
2.167,0.3755,0.1087,0.09049,0.07396,0.1019,0.07969,0.02722,0.03101,0.04284,0.02211,0.2097,0.2124,
2.165,0.3881,0.1078,0.0906,0.07415,0.1017,0.07979,0.03612,0.02219,0.04343,0.02161,0.21,0.2127,
2.165,0.3858,0.1077,0.09073,0.07436,0.1003,0.07993,0.03619,0.02222,0.0435,0.02164,0.2104,0.213,
2.164,0.4048,0.1077,0.09074,0.07266,0.1003,0.07993,0.03619,0.02293,0.04279,0.02164,0.2104,0.2148,
2.163,0.4045,0.1076,0.09065,0.07284,0.1003,0.07993,0.03619,0.02293,0.04404,0.0204,0.2104,0.2148,
2.161,0.4066,0.1034,0.09066,0.07289,0.1042,0.07997,0.0372,0.02194,0.04584,0.01862,0.2105,0.2149,
2.169,0.4004,0.1054,0.09023,0.07286,0.1039,0.07983,0.03714,0.0219,0.04576,0.02196,0.2089,0.2121,
2.167,0.4194,0.1041,0.09025,0.07302,0.1047,0.0782,0.03715,0.02191,0.04578,0.02197,0.209,0.2139,
2.168,0.4043,0.1041,0.09019,0.07326,0.104,0.0776,0.03719,0.02447,0.04327,0.02198,0.2092,0.2148,
2.168,0.4,0.1021,0.0903,0.07348,0.105,0.07762,0.03722,0.0245,0.04333,0.02201,0.2094,0.215,
2.168,0.3791,0.1021,0.09036,0.07351,0.1046,0.07765,0.03723,0.0245,0.04334,0.02201,0.2095,0.2151,
2.167,0.3771,0.1021,0.08998,0.07375,0.1042,0.07703,0.03684,0.02453,0.04338,0.02203,0.2097,0.2164,
2.167,0.3884,0.1041,0.08982,0.07384,0.1047,0.07584,0.03737,0.02393,0.04334,0.02201,0.2105,0.2146,
2.166,0.3754,0.1035,0.09007,0.0741,0.1042,0.07591,0.0374,0.02395,0.04436,0.02104,0.2107,0.2148,
2.165,0.3898,0.1031,0.09039,0.07418,0.1042,0.07457,0.03797,0.04244,0.02529,0.02104,0.2107,0.2161,
2.165,0.3907,0.1027,0.09015,0.07445,0.1043,0.0746,0.03853,0.04242,0.02481,0.02105,0.2108,0.2162,
2.163,0.3889,0.1024,0.09014,0.07451,0.1036,0.07313,0.03858,0.04322,0.02409,0.02108,0.2111,0.218,
2.163,0.3926,0.1051,0.09017,0.07457,0.1035,0.07194,0.03925,0.04246,0.02406,0.02105,0.2119,0.216,
2.162,0.4,0.105,0.09027,0.07457,0.1035,0.07194,0.04788,0.03383,0.02406,0.02105,0.2119,0.216,
2.162,0.4194,0.1069,0.09003,0.07464,0.1032,0.07176,0.04794,0.03404,0.02381,0.02051,0.213,0.2143,
2.176,0.3908,0.1104,0.09009,0.07466,0.1022,0.07101,0.04789,0.034,0.02467,0.02566,0.2087,0.2107,
2.173,0.3918,0.1102,0.08991,0.07396,0.1021,0.06971,0.04784,0.03396,0.02465,0.02563,0.2096,0.2124,
2.173,0.3955,0.1071,0.08983,0.07404,0.1053,0.06971,0.04784,0.03396,0.02465,0.02563,0.2096,0.2124,
2.172,0.3905,0.1066,0.08982,0.07414,0.1051,0.06865,0.04788,0.03399,0.02467,0.02566,0.2098,0.2137,
2.17,0.3949,0.1064,0.09003,0.07427,0.1047,0.06837,0.0471,0.034,0.02468,0.02566,0.2098,0.215,
2.168,0.3974,0.1052,0.09018,0.07427,0.1057,0.06658,0.0471,0.034,0.02468,0.02566,0.2098,0.2167,
2.167,0.3952,0.105,0.09023,0.07339,0.1057,0.06658,0.0471,0.034,0.02468,0.02566,0.2098,0.2178,
2.166,0.3978,0.1049,0.08992,0.07243,0.1057,0.06658,0.0471,0.034,0.02468,0.02566,0.2098,0.2192,
2.166,0.4098,0.1072,0.08977,0.07259,0.1062,0.06476,0.04707,0.03398,0.02466,0.02565,0.2108,0.2174,
2.162,0.4099,0.1078,0.08984,0.07263,0.1068,0.06137,0.04758,0.03342,0.02464,0.02563,0.2117,0.2186,
2.149,0.4318,0.1073,0.09019,0.07276,0.1068,0.08169,0.02725,0.03384,0.02422,0.02563,0.2117,0.2186,
2.169,0.4233,0.1094,0.09002,0.07283,0.1062,0.08164,0.0278,0.03325,0.0242,0.0358,0.2024,0.2164,
2.167,0.4257,0.108,0.09003,0.07291,0.1076,0.07977,0.02769,0.0342,0.02419,0.03473,0.2024,0.2185,
2.166,0.4234,0.1074,0.09028,0.07309,0.1072,0.0803,0.02726,0.03423,0.02421,0.03476,0.2026,0.2187,
2.168,0.4596,0.1114,0.09033,0.07326,0.1064,0.07962,0.02726,0.03422,0.02527,0.03368,0.2036,0.2149,
2.167,0.4078,0.1126,0.09005,0.07343,0.1063,0.07773,0.02723,0.03419,0.02578,0.03311,0.2044,0.2151,
2.167,0.3927,0.1124,0.09025,0.07351,0.1063,0.07773,0.02723,0.03419,0.02578,0.03311,0.2044,0.2151,
2.168,0.4006,0.1121,0.09032,0.07365,0.1063,0.07773,0.02776,0.03365,0.02674,0.03216,0.2044,0.2151,
2.168,0.3994,0.1119,0.09035,0.07388,0.1063,0.07773,0.02776,0.03365,0.02674,0.03216,0.2044,0.2151,
2.166,0.378,0.1146,0.09012,0.07404,0.106,0.07524,0.02776,0.03441,0.02597,0.03215,0.2054,0.2143,
2.164,0.3755,0.1145,0.09009,0.07231,0.1056,0.07527,0.02777,0.03443,0.02598,0.03217,0.2055,0.2164,
2.147,0.3926,0.1129,0.09004,0.07169,0.1062,0.08767,0.01542,0.03529,0.02788,0.02943,0.2056,0.2179,
2.147,0.3636,0.1128,0.09017,0.07181,0.1058,0.08771,0.01577,0.03597,0.02959,0.02674,0.2057,0.218,
2.147,0.3667,0.1125,0.09038,0.07188,0.1058,0.08771,0.01577,0.03597,0.02959,0.02674,0.2057,0.218,
2.145,0.3661,0.1114,0.09054,0.07062,0.1051,0.0879,0.01581,0.03605,0.02966,0.0268,0.2061,0.22,
2.145,0.3618,0.1114,0.09065,0.07078,0.1042,0.08798,0.01582,0.03608,0.02968,0.02683,0.2063,0.2202,
2.145,0.3388,0.1105,0.09056,0.07114,0.104,0.0881,0.01584,0.03612,0.02972,0.02686,0.2066,0.2205,
2.143,0.3405,0.1105,0.09067,0.07132,0.1032,0.08638,0.01586,0.03615,0.02975,0.02688,0.2068,0.2225,
2.143,0.3407,0.109,0.09081,0.07146,0.1044,0.08638,0.01586,0.03615,0.02975,0.02688,0.2068,0.2225,
2.145,0.3385,0.1112,0.09078,0.0716,0.1039,0.08633,0.01639,0.0356,0.02973,0.02687,0.2077,0.2199,
2.142,0.3468,0.1113,0.09074,0.07177,0.1032,0.08641,0.0164,0.04279,0.02258,0.02689,0.2079,0.2201,
2.141,0.3488,0.1111,0.09076,0.07189,0.1032,0.08574,0.0164,0.04279,0.02348,0.02599,0.2079,0.2208,
2.14,0.3464,0.1108,0.09101,0.07208,0.1025,0.08639,0.01584,0.04283,0.0235,0.02601,0.2081,0.221,
2.14,0.3523,0.1106,0.09124,0.07249,0.1009,0.08654,0.01587,0.04291,0.02354,0.02606,0.2084,0.2214,
2.14,0.3614,0.1092,0.09123,0.07255,0.1017,0.08662,0.01588,0.04295,0.02357,0.02608,0.2086,0.2216,
2.14,0.3513,0.1088,0.09135,0.07264,0.1014,0.0867,0.0159,0.04298,0.02358,0.0261,0.2088,0.2218,
2.139,0.3496,0.1098,0.09113,0.07277,0.1009,0.08665,0.01589,0.04422,0.02231,0.02609,0.2097,0.2206,
2.143,0.3434,0.1136,0.09125,0.07288,0.1005,0.08663,0.0165,0.04359,0.0232,0.02518,0.2108,0.2159,
2.142,0.3422,0.1142,0.09109,0.07308,0.1007,0.08747,0.01614,0.04392,0.02229,0.02517,0.2117,0.2143,
2.14,0.3473,0.1123,0.09104,0.07317,0.1021,0.08626,0.01612,0.04387,0.02227,0.02514,0.2125,0.2152,
2.146,0.3605,0.1122,0.09114,0.07322,0.1021,0.08626,0.03395,0.02605,0.02317,0.02424,0.2125,0.2152,
2.146,0.3585,0.111,0.09093,0.07345,0.103,0.08629,0.03458,0.02544,0.02317,0.02425,0.2126,0.2152,
2.146,0.3622,0.1108,0.09083,0.07354,0.1029,0.08633,0.0346,0.02588,0.02275,0.02426,0.2127,0.2153,
2.143,0.3705,0.1105,0.09062,0.0739,0.1029,0.08804,0.03227,0.02668,0.02197,0.02427,0.2128,0.2161,
2.143,0.3645,0.1103,0.09079,0.07392,0.1029,0.08804,0.03227,0.02668,0.02197,0.02427,0.2128,0.2161,
2.143,0.3655,0.1092,0.09074,0.0741,0.1035,0.08808,0.03228,0.0267,0.02198,0.02428,0.2129,0.2162,
2.14,0.4066,0.1087,0.09081,0.07429,0.1032,0.0854,0.03231,0.0278,0.02736,0.01785,0.2131,0.2192,
2.137,0.4325,0.1068,0.09082,0.07433,0.1051,0.08472,0.03231,0.02689,0.02736,0.01785,0.2131,0.2207,
2.138,0.3968,0.112,0.09062,0.07316,0.1043,0.08492,0.03325,0.02565,0.02736,0.01785,0.2141,0.2168,
2.138,0.3913,0.1118,0.09086,0.07323,0.1039,0.08496,0.03327,0.02725,0.02578,0.01786,0.2142,0.2169,
2.143,0.3818,0.113,0.09057,0.07349,0.1034,0.08491,0.03325,0.02723,0.02577,0.01955,0.2135,0.2153,
2.14,0.3441,0.1109,0.09075,0.07353,0.1053,0.08334,0.03278,0.02723,0.02577,0.01955,0.2135,0.2174,
2.139,0.3539,0.1108,0.09078,0.07362,0.1053,0.08177,0.03278,0.02723,0.02696,0.01836,0.2135,0.219,
2.137,0.3444,0.1107,0.09072,0.07386,0.105,0.08099,0.03226,0.02724,0.02697,0.01836,0.2135,0.2204,
2.137,0.3645,0.1106,0.09096,0.07382,0.1055,0.08094,0.03224,0.02722,0.02695,0.01835,0.2145,0.219,
2.135,0.35,0.1087,0.09091,0.07407,0.1064,0.07902,0.03286,0.02711,0.0271,0.01783,0.2148,0.2213,
2.147,0.3467,0.1092,0.09111,0.07408,0.1063,0.07897,0.03284,0.02709,0.02708,0.0229,0.2106,0.2197,
2.15,0.3447,0.114,0.09117,0.07401,0.1062,0.07889,0.0328,0.02707,0.02705,0.02288,0.2115,0.2144,
2.15,0.3491,0.1137,0.09111,0.07438,0.1062,0.07889,0.0328,0.02707,0.02705,0.02288,0.2115,0.2144,
2.15,0.3479,0.1135,0.09133,0.07446,0.1058,0.07892,0.03282,0.02708,0.02706,0.02289,0.2116,0.2145,
2.149,0.3508,0.1128,0.09125,0.07464,0.1062,0.07828,0.03283,0.02709,0.02761,0.02235,0.2117,0.2153,
2.147,0.3502,0.1125,0.09157,0.07473,0.1055,0.07817,0.03335,0.02613,0.02958,0.02043,0.2118,0.2162,
2.174,0.3303,0.1124,0.0912,0.07444,0.1048,0.07724,0.03324,0.02604,0.02949,0.03499,0.2008,0.2155,
2.167,0.3086,0.1122,0.09149,0.07455,0.104,0.07427,0.0412,0.01885,0.02879,0.03502,0.2009,0.2187,
2.168,0.3134,0.1134,0.09164,0.07463,0.1032,0.0743,0.04122,0.01885,0.03019,0.03363,0.202,0.217,
2.165,0.322,0.1116,0.09178,0.0735,0.1048,0.0725,0.04122,0.01982,0.02976,0.03309,0.202,0.2199,
2.163,0.3305,0.1108,0.09181,0.07358,0.1055,0.07087,0.04122,0.01982,0.02976,0.03309,0.202,0.2215,
2.163,0.3303,0.1108,0.09128,0.07391,0.1055,0.0709,0.04167,0.02026,0.02891,0.03311,0.2021,0.2216,
2.164,0.344,0.1131,0.09135,0.07343,0.1046,0.07089,0.04166,0.02026,0.02991,0.0321,0.2031,0.2196,
2.164,0.3359,0.1125,0.09163,0.07369,0.1046,0.07089,0.04166,0.02026,0.03045,0.03156,0.2031,0.2196,
2.162,0.3255,0.1124,0.09164,0.07214,0.1044,0.07092,0.04226,0.01969,0.031,0.03103,0.2032,0.2214,
2.162,0.3263,0.1123,0.09173,0.07224,0.104,0.07095,0.04227,0.0197,0.03102,0.03105,0.2033,0.2215,
2.158,0.3317,0.1123,0.09168,0.07087,0.1037,0.06872,0.04228,0.01971,0.03103,0.03106,0.2034,0.2254,
2.158,0.3299,0.1121,0.09168,0.07107,0.1033,0.06874,0.0423,0.01971,0.03104,0.03107,0.2035,0.2255,
2.15,0.3367,0.112,0.09169,0.07118,0.1033,0.06807,0.049,0.01301,0.03104,0.03107,0.2035,0.2261,
2.149,0.3395,0.1117,0.09191,0.07136,0.1029,0.06697,0.04902,0.01302,0.03105,0.03109,0.2035,0.2274,
2.148,0.3406,0.1109,0.09197,0.07148,0.1029,0.06697,0.04902,0.01302,0.03105,0.03109,0.2035,0.2281,
2.148,0.3417,0.1109,0.09204,0.0715,0.1026,0.067,0.04904,0.01302,0.03107,0.0311,0.2036,0.2282,
2.148,0.3451,0.1091,0.09207,0.07167,0.1039,0.06703,0.04941,0.01268,0.03108,0.03111,0.2037,0.2283,
2.146,0.3384,0.1091,0.09202,0.07172,0.1039,0.06519,0.04928,0.01348,0.03028,0.03111,0.2037,0.2302,
2.146,0.3797,0.1059,0.09196,0.07192,0.1069,0.06519,0.04928,0.01348,0.03028,0.03111,0.2037,0.2302,
2.148,0.3277,0.1096,0.09209,0.07189,0.1061,0.06518,0.04927,0.01347,0.03027,0.0311,0.2047,0.2263,
2.147,0.3292,0.1096,0.09219,0.07211,0.1052,0.06507,0.0488,0.01349,0.0303,0.03113,0.2049,0.2272,
2.148,0.3309,0.1169,0.09218,0.07218,0.1047,0.06227,0.04877,0.01348,0.03028,0.03111,0.2068,0.2213,
2.149,0.3352,0.1191,0.09199,0.07246,0.103,0.06235,0.04883,0.01349,0.03087,0.03059,0.2081,0.2191,
2.149,0.3312,0.1173,0.09244,0.07258,0.104,0.06364,0.04759,0.0135,0.03352,0.02797,0.2082,0.2192,
2.146,0.3389,0.117,0.09224,0.0728,0.104,0.06164,0.04761,0.01351,0.03353,0.02798,0.2083,0.2214,
2.142,0.3428,0.118,0.09233,0.07126,0.1036,0.06002,0.04711,0.01393,0.03308,0.02796,0.2092,0.2235,
2.142,0.3463,0.118,0.09219,0.0713,0.1034,0.06054,0.047,0.01359,0.03309,0.02798,0.2093,0.2236,
2.142,0.344,0.1179,0.0922,0.07141,0.1034,0.06054,0.047,0.01359,0.03309,0.02798,0.2093,0.2236,
2.14,0.3404,0.1179,0.09167,0.07194,0.1034,0.05986,0.04734,0.01324,0.03436,0.02671,0.2093,0.2243,
2.142,0.3496,0.1185,0.0915,0.07238,0.1041,0.05985,0.04734,0.01323,0.03435,0.0267,0.2103,0.2218,
2.146,0.3256,0.1278,0.09143,0.07234,0.1038,0.05969,0.04775,0.0132,0.03372,0.02663,0.2129,0.2107,
2.147,0.3268,0.1265,0.09105,0.07261,0.1044,0.05977,0.04781,0.01471,0.03335,0.02558,0.2132,0.211,
2.146,0.3322,0.1252,0.09127,0.07273,0.1044,0.05908,0.0478,0.01471,0.03334,0.02557,0.2142,0.2117,
2.142,0.3472,0.1221,0.09151,0.07235,0.1067,0.0582,0.04824,0.01402,0.03434,0.02417,0.2143,0.2141,
2.14,0.3603,0.1215,0.09135,0.07251,0.1068,0.05655,0.04829,0.01447,0.03392,0.02419,0.2145,0.216,
2.158,0.3426,0.1261,0.0911,0.07249,0.1061,0.05642,0.04817,0.01444,0.03484,0.03154,0.2088,0.2099,
2.158,0.3541,0.1259,0.09116,0.07265,0.1061,0.05642,0.04817,0.01444,0.03558,0.0308,0.2088,0.2099,
2.157,0.3427,0.1258,0.09103,0.07284,0.1054,0.05582,0.04824,0.01446,0.03562,0.03084,0.2091,0.2109,
2.158,0.349,0.1189,0.09141,0.07287,0.1115,0.05584,0.04826,0.01446,0.03564,0.03086,0.2092,0.211,
2.158,0.3501,0.1186,0.0918,0.07296,0.1111,0.05587,0.04828,0.01447,0.03566,0.03087,0.2093,0.2111,
2.158,0.3516,0.1175,0.09176,0.07311,0.1121,0.05587,0.04828,0.01447,0.03566,0.03087,0.2093,0.2111,
2.155,0.354,0.1174,0.09161,0.07309,0.1118,0.05388,0.04833,0.01448,0.03569,0.0309,0.2095,0.2133,
2.153,0.3617,0.117,0.09181,0.07322,0.1106,0.05331,0.0478,0.01448,0.0357,0.0309,0.2106,0.2145,
2.124,0.3572,0.1149,0.0919,0.07229,0.1119,0.08683,0.01436,0.01504,0.03573,0.03039,0.2108,0.2158,
2.123,0.3536,0.1144,0.09204,0.07239,0.1118,0.08674,0.01504,0.01433,0.03569,0.03036,0.2116,0.2156,
2.122,0.3288,0.1136,0.09198,0.07232,0.1116,0.0866,0.01502,0.0143,0.03563,0.03031,0.2134,0.2152,
2.121,0.3291,0.1134,0.09189,0.07245,0.1108,0.08656,0.01501,0.0143,0.03563,0.0303,0.2144,0.2152,
2.119,0.3545,0.1133,0.09205,0.07259,0.11,0.08664,0.01503,0.01486,0.0421,0.02335,0.2146,0.2154,
2.124,0.3316,0.1092,0.09215,0.0728,0.1136,0.08668,0.01573,0.01944,0.03684,0.02336,0.2147,0.2155,
2.121,0.3358,0.1091,0.09196,0.07281,0.1135,0.08713,0.01517,0.01942,0.0397,0.02044,0.2156,0.2153,
2.136,0.3264,0.1081,0.09193,0.07279,0.1141,0.08636,0.01515,0.0194,0.03965,0.02795,0.2089,0.2157,
2.134,0.3233,0.109,0.09181,0.07286,0.1139,0.08453,0.01512,0.01936,0.03957,0.02789,0.2105,0.2154,
2.136,0.3309,0.1119,0.09177,0.07282,0.113,0.08442,0.0151,0.02043,0.03843,0.02786,0.2124,0.2119,
2.136,0.327,0.1098,0.09207,0.07294,0.1144,0.08446,0.01565,0.0199,0.03844,0.02787,0.2125,0.212,
2.134,0.323,0.1096,0.09234,0.073,0.114,0.08136,0.0163,0.02027,0.03745,0.02788,0.2126,0.2152,
2.134,0.3235,0.1094,0.09282,0.07312,0.1125,0.08151,0.01668,0.01996,0.03752,0.02793,0.2129,0.2156,
2.132,0.3249,0.1116,0.09265,0.07321,0.1124,0.08032,0.01612,0.01993,0.03748,0.0279,0.2138,0.2147,
2.13,0.322,0.1112,0.09272,0.07318,0.1124,0.07921,0.0157,0.01994,0.0375,0.02791,0.2139,0.2163,
2.129,0.31,0.1097,0.09305,0.07348,0.1122,0.07881,0.01559,0.02041,0.03713,0.02796,0.2143,0.2174,
2.132,0.3073,0.1132,0.09371,0.0735,0.1125,0.07876,0.01558,0.0204,0.03711,0.02795,0.2152,0.2121,
2.133,0.3101,0.113,0.09368,0.07371,0.1125,0.07876,0.01558,0.0212,0.03631,0.02795,0.2152,0.2121,
2.131,0.3156,0.1128,0.0936,0.07394,0.1125,0.07967,0.01511,0.02076,0.03631,0.02795,0.2152,0.2121,
2.129,0.3241,0.1126,0.09388,0.07397,0.1121,0.07778,0.01555,0.02033,0.03751,0.02677,0.2153,0.2142,
2.13,0.3162,0.1126,0.09387,0.0741,0.1118,0.07781,0.01555,0.02107,0.03681,0.02678,0.2154,0.2143,
2.129,0.309,0.1124,0.09383,0.07435,0.1118,0.07781,0.01555,0.02107,0.0382,0.02539,0.2154,0.2143,
2.127,0.3398,0.1122,0.09378,0.07458,0.1118,0.07781,0.01555,0.02107,0.0424,0.02119,0.2154,0.2143,
2.127,0.3357,0.1109,0.09386,0.07461,0.1129,0.07781,0.01632,0.0203,0.0424,0.02119,0.2154,0.2143,
2.127,0.3358,0.1108,0.09362,0.07467,0.113,0.07785,0.01633,0.02031,0.04242,0.0212,0.2155,0.2144,
2.126,0.3427,0.1107,0.09374,0.07467,0.113,0.07627,0.01633,0.02085,0.04188,0.0212,0.2155,0.2159,
2.126,0.3334,0.1105,0.09387,0.07474,0.1126,0.0763,0.01634,0.02086,0.0419,0.02121,0.2156,0.216,
2.125,0.3998,0.1098,0.09424,0.07484,0.1123,0.07692,0.01579,0.02088,0.04284,0.02032,0.2158,0.2162,
2.129,0.3535,0.1123,0.09401,0.07482,0.1117,0.07679,0.01576,0.02084,0.04439,0.02092,0.2153,0.2131,
2.139,0.3354,0.1106,0.09408,0.07496,0.1122,0.07678,0.01576,0.02084,0.04493,0.02512,0.2116,0.2131,
2.144,0.3396,0.1101,0.094,0.07484,0.1099,0.07505,0.01573,0.0208,0.04538,0.02937,0.2106,0.2142,
2.143,0.3309,0.1098,0.09415,0.07489,0.109,0.07503,0.01573,0.02079,0.04591,0.02882,0.2116,0.2142,
2.141,0.3329,0.1082,0.09435,0.07476,0.1082,0.07434,0.01572,0.02078,0.0459,0.02881,0.2126,0.2163,
2.14,0.3467,0.1082,0.09416,0.07499,0.1082,0.07321,0.01699,0.01996,0.04547,0.02881,0.2126,0.2174,
2.141,0.3397,0.1099,0.09378,0.0751,0.1079,0.07306,0.01695,0.01991,0.04537,0.02875,0.2143,0.215,
2.151,0.3386,0.1127,0.09371,0.07512,0.1075,0.07304,0.01694,0.01991,0.04536,0.03356,0.2105,0.2116,
2.151,0.3314,0.1118,0.09365,0.07526,0.1084,0.07304,0.01694,0.01991,0.04536,0.03356,0.2105,0.2116,
2.148,0.3316,0.1045,0.09386,0.07545,0.1148,0.07369,0.0157,0.01992,0.04631,0.03269,0.2107,0.2124,
2.148,0.3325,0.1039,0.0935,0.07571,0.1149,0.07376,0.01571,0.01994,0.04635,0.03272,0.2109,0.2126,
2.149,0.3334,0.1029,0.09353,0.07577,0.1158,0.07376,0.01571,0.021,0.04529,0.03272,0.2109,0.2126,
2.148,0.3351,0.1018,0.09349,0.07601,0.1164,0.07312,0.01572,0.02101,0.04621,0.03183,0.211,0.2134,
2.145,0.3428,0.1007,0.0936,0.07606,0.1167,0.07222,0.01543,0.02099,0.04618,0.03181,0.2119,0.2144,
2.145,0.3659,0.1,0.09422,0.07611,0.1167,0.07222,0.01543,0.02099,0.04618,0.03181,0.2119,0.2144,
