entropy,entropyInd,RabA,RabB,RabC,RabD,RabE,RabF,RabG,RabH,RabI,xER,xPM,
2.178,0.3355,0.106,0.0907,0.0685,0.1252,0.05449,0.03938,0.03062,0.03407,0.03502,0.2066,0.2094,
2.176,0.3385,0.1061,0.09078,0.06855,0.1245,0.053,0.03941,0.03064,0.03409,0.03504,0.2068,0.2111,
2.176,0.3376,0.1061,0.09078,0.06855,0.1245,0.053,0.03941,0.03064,0.03409,0.03504,0.2068,0.2111,
2.176,0.3483,0.1061,0.09082,0.06858,0.1241,0.05301,0.03942,0.03065,0.0341,0.03505,0.2069,0.2112,
2.17,0.3432,0.1046,0.09069,0.0686,0.124,0.05063,0.03901,0.0305,0.03412,0.03507,0.207,0.2158,
2.171,0.356,0.1066,0.09059,0.06853,0.1239,0.05058,0.03897,0.03047,0.03408,0.03503,0.2078,0.2135,
2.171,0.3624,0.1066,0.09059,0.06853,0.1239,0.05058,0.03897,0.03047,0.03408,0.03503,0.2078,0.2135,
2.168,0.3563,0.1066,0.09059,0.06853,0.1239,0.0486,0.03897,0.03047,0.03408,0.03503,0.2078,0.2155,
2.165,0.3509,0.1033,0.09063,0.06856,0.1235,0.04809,0.03885,0.03048,0.03409,0.03504,0.2079,0.2195,
2.164,0.3504,0.1053,0.09058,0.06721,0.123,0.04806,0.03882,0.03046,0.03407,0.03502,0.2088,0.2186,
2.163,0.3635,0.1053,0.09058,0.06655,0.123,0.04806,0.03882,0.03046,0.03407,0.03502,0.2088,0.2193,
2.161,0.3587,0.1053,0.0906,0.06656,0.1227,0.04632,0.03884,0.03047,0.03408,0.03503,0.2089,0.2211,
2.162,0.3545,0.1093,0.08977,0.06634,0.1223,0.04631,0.03883,0.03046,0.03408,0.03503,0.2099,0.2177,
2.177,0.3493,0.1121,0.08974,0.06632,0.1214,0.04629,0.03883,0.03045,0.03407,0.04342,0.2025,0.2148,
2.177,0.3499,0.112,0.08948,0.06635,0.1215,0.04631,0.03884,0.03047,0.03408,0.04344,0.2026,0.2149,
2.176,0.35,0.111,0.08952,0.06637,0.1211,0.04591,0.03875,0.03034,0.03409,0.04346,0.2027,0.2168,
2.176,0.3558,0.111,0.08952,0.06637,0.1211,0.04591,0.03875,0.03034,0.03409,0.04346,0.2027,0.2168,
2.176,0.343,0.1122,0.08946,0.06632,0.1206,0.04588,0.03873,0.03032,0.03407,0.04343,0.2036,0.2153,
2.176,0.3476,0.1118,0.08946,0.06635,0.1207,0.0459,0.03874,0.03033,0.03409,0.04345,0.2037,0.2154,
2.173,0.349,0.1118,0.08946,0.06635,0.1207,0.04381,0.03874,0.03033,0.03409,0.04345,0.2037,0.2175,
2.172,0.3507,0.1107,0.08946,0.06635,0.1207,0.04381,0.03874,0.03033,0.03409,0.04345,0.2037,0.2186,
2.172,0.347,0.1108,0.08954,0.0664,0.12,0.04385,0.03877,0.03036,0.03411,0.04348,0.2039,0.2188,
2.17,0.3506,0.1108,0.08954,0.0664,0.12,0.04275,0.03877,0.03036,0.03411,0.04348,0.2039,0.2199,
2.17,0.3439,0.1102,0.08957,0.06643,0.1196,0.04275,0.03879,0.03037,0.03412,0.04349,0.204,0.2207,
2.17,0.3426,0.1103,0.08962,0.06646,0.119,0.04279,0.03882,0.03039,0.03415,0.04353,0.2042,0.2209,
2.171,0.3463,0.1128,0.08941,0.06647,0.1185,0.04282,0.03884,0.0304,0.03417,0.04355,0.2053,0.2178,
2.171,0.3077,0.1128,0.08941,0.06647,0.1185,0.04282,0.03884,0.0304,0.03417,0.04355,0.2053,0.2178,
2.168,0.3092,0.1126,0.08939,0.06654,0.1179,0.04121,0.03889,0.03043,0.03421,0.04359,0.2056,0.2197,
2.168,0.3189,0.1127,0.08919,0.06643,0.1175,0.04124,0.03892,0.03046,0.03424,0.04363,0.2058,0.2199,
2.17,0.3142,0.1166,0.08916,0.06642,0.1167,0.04121,0.03891,0.03045,0.03423,0.04361,0.2068,0.2159,
2.17,0.3135,0.1181,0.08914,0.0664,0.1159,0.04119,0.03891,0.03044,0.03422,0.04359,0.2078,0.2144,
2.155,0.3246,0.118,0.0888,0.06459,0.1159,0.04119,0.05591,0.01397,0.03369,0.04359,0.2078,0.2166,
2.152,0.3333,0.1169,0.08879,0.0647,0.1169,0.03898,0.05591,0.01397,0.03869,0.03859,0.2078,0.2188,
2.153,0.3417,0.1232,0.08863,0.06466,0.1176,0.03825,0.05589,0.01341,0.03862,0.03852,0.2095,0.2117,
2.153,0.3445,0.1229,0.08875,0.06479,0.1176,0.03825,0.05589,0.01394,0.03809,0.03852,0.2095,0.2117,
2.154,0.35,0.1228,0.08855,0.06507,0.1176,0.03825,0.05589,0.01477,0.03779,0.03799,0.2095,0.2117,
2.155,0.3457,0.1244,0.08874,0.06518,0.1167,0.03825,0.05588,0.01477,0.03832,0.03745,0.2105,0.2097,
2.169,0.3346,0.1242,0.08891,0.06514,0.1162,0.03756,0.05585,0.01476,0.03935,0.04616,0.2017,0.2103,
2.169,0.345,0.124,0.08884,0.06536,0.1162,0.03756,0.05585,0.01476,0.04094,0.04457,0.2017,0.2103,
2.147,0.3708,0.1236,0.08847,0.06565,0.1151,0.07911,0.01454,0.01578,0.04004,0.04466,0.2022,0.2108,
2.147,0.319,0.1234,0.08775,0.06598,0.115,0.07907,0.01453,0.01577,0.04002,0.04464,0.2031,0.2107,
2.147,0.2758,0.1227,0.08801,0.0662,0.1145,0.07916,0.01454,0.01579,0.04547,0.03928,0.2034,0.211,
2.147,0.2744,0.1224,0.08805,0.06637,0.1138,0.07927,0.01456,0.0158,0.04737,0.03749,0.2036,0.2113,
2.147,0.2745,0.1214,0.08806,0.06641,0.1147,0.07927,0.01456,0.0158,0.04737,0.03749,0.2036,0.2113,
2.146,0.2887,0.1207,0.08839,0.06644,0.1148,0.07864,0.01456,0.01581,0.04828,0.03662,0.2037,0.212,
2.146,0.2979,0.1206,0.0883,0.06676,0.1144,0.07867,0.01457,0.01581,0.04928,0.03565,0.2038,0.2121,
2.144,0.2827,0.12,0.0884,0.06695,0.1145,0.07715,0.01458,0.01582,0.0493,0.03567,0.2039,0.2138,
2.141,0.2916,0.1197,0.0886,0.06711,0.1141,0.07719,0.01458,0.01583,0.05541,0.0296,0.204,0.2139,
2.14,0.295,0.1181,0.08819,0.06783,0.1147,0.07572,0.0146,0.01584,0.05547,0.02962,0.2043,0.2157,
2.14,0.3017,0.1189,0.08801,0.06803,0.1142,0.07568,0.01458,0.01583,0.05543,0.0296,0.2052,0.2145,
2.14,0.3068,0.1188,0.08793,0.06825,0.1142,0.07568,0.01458,0.01583,0.05543,0.0296,0.2052,0.2145,
2.14,0.3053,0.118,0.08862,0.06833,0.1142,0.07568,0.01458,0.01583,0.05543,0.0296,0.2052,0.2145,
2.14,0.3011,0.1182,0.08851,0.06862,0.1131,0.07578,0.0146,0.01584,0.0555,0.02964,0.2055,0.2148,
2.14,0.3043,0.1209,0.08828,0.0689,0.1124,0.07619,0.01404,0.01582,0.05542,0.02959,0.2072,0.2113,
2.14,0.3098,0.1205,0.08875,0.06894,0.1117,0.07624,0.01405,0.01582,0.05546,0.0296,0.2074,0.2115,
2.141,0.3082,0.12,0.08926,0.06898,0.1117,0.07624,0.01405,0.01582,0.05546,0.0296,0.2074,0.2115,
2.142,0.3126,0.1193,0.08934,0.06931,0.1118,0.07628,0.01405,0.01653,0.05479,0.02962,0.2075,0.2116,
2.139,0.3165,0.119,0.08894,0.06878,0.1114,0.07626,0.01405,0.01652,0.05602,0.02836,0.2085,0.2122,
2.139,0.318,0.1186,0.08896,0.06891,0.1111,0.07633,0.01406,0.01653,0.05607,0.02839,0.2087,0.2124,
2.137,0.3202,0.1172,0.08914,0.06899,0.1119,0.07622,0.01353,0.01653,0.05662,0.02785,0.2098,0.2123,
2.138,0.3226,0.1146,0.08944,0.06924,0.1136,0.07625,0.01353,0.01653,0.05664,0.02786,0.2098,0.2124,
2.137,0.3183,0.1123,0.08937,0.06933,0.1153,0.0762,0.01352,0.01652,0.0566,0.02784,0.2108,0.2123,
2.137,0.3259,0.112,0.08958,0.06946,0.1149,0.07624,0.01353,0.01653,0.05662,0.02785,0.2109,0.2124,
2.155,0.3063,0.112,0.08962,0.06943,0.1122,0.07631,0.01354,0.01654,0.05665,0.03862,0.2024,0.2126,
2.155,0.2992,0.1115,0.08986,0.06944,0.1121,0.07623,0.01352,0.01652,0.05659,0.03858,0.2032,0.2124,
2.154,0.3101,0.1108,0.09002,0.06948,0.1117,0.07622,0.01352,0.01652,0.05658,0.03857,0.2042,0.2123,
2.151,0.2934,0.1106,0.09017,0.06954,0.1105,0.07543,0.01298,0.01652,0.05658,0.03857,0.2053,0.2138,
2.152,0.2926,0.1063,0.09041,0.06974,0.1131,0.0756,0.01301,0.01698,0.05628,0.03866,0.2058,0.2142,
2.162,0.2982,0.1079,0.09092,0.07013,0.1115,0.07568,0.01302,0.04747,0.0293,0.03527,0.2071,0.2117,
2.162,0.3013,0.1079,0.09071,0.07034,0.1115,0.07568,0.01302,0.04825,0.03066,0.03313,0.2071,0.2117,
2.161,0.3099,0.1078,0.09063,0.07043,0.1107,0.07567,0.01302,0.04895,0.02994,0.03311,0.2081,0.2117,
2.154,0.3383,0.1101,0.09042,0.06772,0.1106,0.07358,0.013,0.0528,0.02601,0.03307,0.2089,0.2138,
2.154,0.3431,0.1094,0.09077,0.06792,0.1099,0.07368,0.01302,0.05287,0.02604,0.03312,0.2092,0.2141,
2.154,0.3262,0.1108,0.09029,0.06786,0.1098,0.07359,0.01299,0.05279,0.026,0.03306,0.211,0.2119,
2.153,0.3275,0.1107,0.09041,0.06788,0.1098,0.07402,0.01257,0.05333,0.02546,0.03306,0.211,0.2119,
2.153,0.3341,0.1067,0.0905,0.06791,0.1131,0.07408,0.01258,0.05337,0.02548,0.03309,0.2112,0.212,
2.152,0.3233,0.1046,0.09065,0.06813,0.1136,0.0741,0.01257,0.05338,0.02549,0.03308,0.2123,0.2121,
2.151,0.328,0.1034,0.09091,0.06833,0.1128,0.07469,0.01205,0.05342,0.02604,0.03257,0.2135,0.2123,
2.151,0.3164,0.1027,0.0913,0.06835,0.1127,0.07394,0.01203,0.05336,0.02601,0.03311,0.2138,0.2127,
2.15,0.2947,0.1017,0.09067,0.06785,0.1137,0.07394,0.01203,0.05336,0.02655,0.03257,0.2138,0.2138,
2.177,0.2875,0.1077,0.09083,0.06789,0.1132,0.0739,0.01202,0.05333,0.02653,0.04676,0.2005,0.2073,
2.176,0.2831,0.1073,0.09097,0.06792,0.1131,0.07315,0.01201,0.0537,0.02608,0.04671,0.2013,0.2078,
2.176,0.289,0.1066,0.09124,0.06792,0.1123,0.07317,0.01257,0.05315,0.02608,0.04671,0.2024,0.2079,
2.174,0.2907,0.1062,0.09121,0.06784,0.1119,0.0725,0.01257,0.05315,0.02608,0.04671,0.2034,0.2085,
2.174,0.2925,0.106,0.09128,0.06797,0.1119,0.0725,0.01257,0.05315,0.02608,0.04671,0.2034,0.2085,
2.172,0.2964,0.1049,0.09142,0.06739,0.1128,0.07242,0.01198,0.05315,0.02608,0.04671,0.2034,0.2098,
2.171,0.301,0.1033,0.09128,0.06704,0.1139,0.07245,0.01198,0.05317,0.02663,0.04619,0.2035,0.2106,
2.169,0.3029,0.1031,0.09109,0.06706,0.114,0.07036,0.01199,0.05319,0.02664,0.04621,0.2036,0.2128,
2.169,0.3112,0.103,0.091,0.06732,0.114,0.07036,0.01199,0.05319,0.02664,0.04621,0.2036,0.2128,
2.169,0.3069,0.1062,0.09122,0.06603,0.1137,0.07018,0.01196,0.05305,0.02657,0.04609,0.2061,0.209,
2.168,0.3085,0.1062,0.09125,0.0661,0.1133,0.06954,0.01196,0.05308,0.02658,0.04611,0.2062,0.2097,
2.169,0.3131,0.106,0.09125,0.06639,0.113,0.06957,0.01196,0.05309,0.02659,0.04612,0.2063,0.2098,
2.166,0.3163,0.1059,0.09096,0.06571,0.113,0.0701,0.01143,0.05409,0.02559,0.04612,0.2063,0.2109,
2.155,0.3179,0.1059,0.09057,0.06576,0.113,0.0741,0.006792,0.05412,0.0256,0.04614,0.2064,0.2117,
2.156,0.326,0.1047,0.09063,0.06592,0.1132,0.0742,0.006801,0.05419,0.02662,0.04522,0.2066,0.212,
2.156,0.3206,0.1043,0.0906,0.06611,0.1129,0.07427,0.006802,0.05423,0.02664,0.04525,0.2068,0.2121,
2.147,0.3293,0.1038,0.09086,0.0663,0.1129,0.0736,0.006802,0.06266,0.01821,0.04525,0.2068,0.2128,
2.146,0.3307,0.1034,0.09118,0.06625,0.1124,0.07355,0.006798,0.06305,0.01777,0.04522,0.2077,0.2127,
2.149,0.3276,0.1032,0.09123,0.06641,0.1111,0.07358,0.0068,0.06307,0.02247,0.04054,0.2088,0.2128,
2.147,0.3302,0.1028,0.09147,0.06528,0.1107,0.07353,0.006791,0.06302,0.02335,0.03961,0.2098,0.2138,
2.148,0.3315,0.1021,0.09154,0.06533,0.1112,0.07353,0.006791,0.06302,0.02389,0.03907,0.2098,0.2138,
2.163,0.3643,0.1035,0.09147,0.0653,0.1099,0.07347,0.01676,0.05343,0.02344,0.03904,0.2117,0.212,
2.164,0.3312,0.1033,0.09155,0.06539,0.1096,0.07283,0.0173,0.05291,0.02557,0.03693,0.2118,0.2128,
2.164,0.3466,0.1034,0.09139,0.06573,0.1088,0.0729,0.01731,0.0535,0.02506,0.03696,0.212,0.213,
2.161,0.344,0.101,0.09136,0.06601,0.1102,0.07106,0.0172,0.05356,0.02509,0.037,0.2123,0.2153,
2.167,0.3447,0.1006,0.09144,0.06599,0.1112,0.07094,0.01717,0.05347,0.02505,0.04032,0.2106,0.2132,
2.176,0.3592,0.1007,0.09115,0.06649,0.11,0.07103,0.03045,0.04028,0.02508,0.04038,0.2109,0.2135,
2.176,0.3562,0.09993,0.09115,0.06668,0.1097,0.07113,0.03083,0.04042,0.02468,0.04043,0.2112,0.2138,
2.175,0.3587,0.09991,0.09116,0.06693,0.1089,0.07052,0.03086,0.04046,0.02471,0.04047,0.2114,0.2147,
2.177,0.3641,0.1011,0.09082,0.06706,0.1083,0.0704,0.03081,0.04039,0.03009,0.03497,0.2132,0.2128,
2.179,0.3738,0.1008,0.09085,0.06705,0.1082,0.07033,0.03078,0.04035,0.03179,0.03462,0.2126,0.2126,
2.184,0.3581,0.0994,0.09096,0.06698,0.1107,0.06872,0.03076,0.04032,0.03177,0.03813,0.21,0.2123,
2.184,0.3612,0.09927,0.09102,0.06704,0.1107,0.06872,0.03129,0.04032,0.03123,0.03813,0.21,0.2123,
2.184,0.3614,0.09887,0.09146,0.06724,0.1099,0.06878,0.03132,0.04035,0.0326,0.03683,0.2102,0.2125,
2.183,0.3652,0.0986,0.09115,0.06727,0.1097,0.06863,0.03179,0.03973,0.03297,0.03631,0.2118,0.212,
2.183,0.365,0.09744,0.09115,0.06757,0.11,0.06869,0.03182,0.0402,0.03257,0.03633,0.212,0.2122,
2.182,0.3679,0.0944,0.09117,0.06773,0.1126,0.06917,0.03139,0.04021,0.03259,0.03635,0.2121,0.2123,
2.182,0.3681,0.0932,0.09116,0.06814,0.1131,0.0692,0.03202,0.0396,0.0326,0.03636,0.2122,0.2124,
2.182,0.3691,0.0922,0.09087,0.06857,0.1137,0.06923,0.03261,0.03904,0.03261,0.03637,0.2123,0.2125,
2.182,0.3707,0.09211,0.09073,0.06856,0.1134,0.0693,0.03264,0.03907,0.03318,0.03586,0.2125,0.2127,
2.183,0.352,0.09398,0.0905,0.06867,0.112,0.06812,0.03261,0.03904,0.03464,0.03534,0.2134,0.2116,
2.196,0.346,0.09387,0.09032,0.06877,0.1116,0.06698,0.03245,0.03901,0.03462,0.04469,0.205,0.2127,
2.195,0.3479,0.09369,0.09014,0.06886,0.1114,0.06624,0.03285,0.03854,0.03458,0.04465,0.2058,0.2132,
2.195,0.3537,0.09355,0.09006,0.06918,0.1111,0.06627,0.03286,0.03855,0.0346,0.04466,0.2059,0.2133,
2.194,0.3391,0.09271,0.0899,0.06933,0.1109,0.06617,0.03281,0.03849,0.04037,0.03876,0.2076,0.213,
2.193,0.3429,0.09254,0.08955,0.06952,0.1099,0.06609,0.03364,0.03757,0.04121,0.03782,0.2095,0.2127,
2.19,0.3482,0.09149,0.08986,0.0696,0.1099,0.06341,0.03399,0.03776,0.04068,0.03782,0.2095,0.216,
2.189,0.3537,0.08996,0.0899,0.0697,0.111,0.06371,0.03372,0.0382,0.04116,0.03694,0.2095,0.2161,
2.188,0.3562,0.08992,0.08951,0.07013,0.111,0.0626,0.03372,0.0382,0.04116,0.03694,0.2095,0.2172,
2.185,0.3586,0.08962,0.08931,0.0703,0.1111,0.06119,0.0332,0.03822,0.04118,0.03696,0.2096,0.2193,
2.185,0.3592,0.08953,0.08912,0.07053,0.1108,0.06122,0.03322,0.03823,0.04173,0.03644,0.2097,0.2194,
2.185,0.3546,0.09165,0.08882,0.07073,0.1101,0.05989,0.03322,0.03824,0.04174,0.03643,0.2108,0.2184,
2.184,0.3553,0.09121,0.08853,0.07079,0.1102,0.05995,0.03325,0.03827,0.04178,0.03646,0.211,0.2186,
2.184,0.3672,0.09089,0.08848,0.07102,0.1094,0.06003,0.0333,0.03832,0.04401,0.03434,0.2113,0.2189,
2.182,0.3687,0.0901,0.08845,0.06967,0.1101,0.06003,0.0333,0.03832,0.04401,0.03434,0.2113,0.2204,
2.182,0.3664,0.09001,0.0886,0.06984,0.109,0.06054,0.03291,0.03837,0.04407,0.03438,0.2116,0.2207,
2.179,0.3726,0.08979,0.08835,0.06998,0.109,0.0594,0.03286,0.03831,0.04407,0.03375,0.2117,0.2228,
2.178,0.3761,0.08697,0.08846,0.07015,0.1113,0.05943,0.03287,0.03832,0.04409,0.03375,0.2118,0.2229,
2.176,0.3759,0.087,0.08818,0.07042,0.1104,0.05839,0.03291,0.03837,0.04521,0.03274,0.2121,0.2243,
2.175,0.38,0.08419,0.08825,0.07052,0.113,0.05839,0.03291,0.03837,0.04637,0.03158,0.2121,0.2243,
2.177,0.3893,0.08622,0.08824,0.07062,0.1127,0.05837,0.0329,0.03835,0.04636,0.03156,0.2131,0.2216,
2.177,0.3846,0.08622,0.08819,0.07066,0.1127,0.05837,0.0329,0.03835,0.04636,0.03156,0.2131,0.2216,
2.176,0.3629,0.08479,0.08807,0.07079,0.1142,0.05865,0.03263,0.03835,0.04636,0.03156,0.2131,0.2216,
2.179,0.3612,0.08822,0.08794,0.07081,0.1136,0.05912,0.0321,0.03833,0.04633,0.03154,0.214,0.2179,
2.176,0.3635,0.08807,0.08806,0.07085,0.1136,0.0571,0.0321,0.03833,0.04633,0.03154,0.214,0.22,
2.175,0.3683,0.0881,0.08791,0.07104,0.1133,0.05645,0.03211,0.03834,0.04635,0.03154,0.2141,0.2207,
2.175,0.3577,0.08792,0.0879,0.07123,0.1133,0.05645,0.03211,0.03834,0.04635,0.03154,0.2141,0.2207,
2.174,0.4263,0.08789,0.08768,0.07156,0.1129,0.05648,0.03212,0.03836,0.04832,0.02961,0.2142,0.2208,
2.181,0.4203,0.09082,0.08762,0.07156,0.1125,0.05687,0.03167,0.03833,0.04829,0.03205,0.2127,0.2176,
2.181,0.3917,0.09067,0.08767,0.07165,0.1125,0.05715,0.0314,0.0397,0.04693,0.03205,0.2127,0.2176,
2.181,0.3702,0.09047,0.08785,0.07184,0.1112,0.05725,0.03199,0.03923,0.048,0.03111,0.2131,0.218,
2.181,0.3776,0.09016,0.0879,0.07217,0.1108,0.05727,0.032,0.03924,0.04802,0.03112,0.2132,0.2181,
2.185,0.3731,0.09347,0.08835,0.07218,0.1106,0.05648,0.03193,0.03916,0.05047,0.03063,0.2127,0.214,
2.186,0.3786,0.09726,0.08795,0.0722,0.1104,0.05527,0.03142,0.03952,0.05497,0.02785,0.2122,0.2109,
2.185,0.3879,0.09643,0.08784,0.07249,0.1105,0.05465,0.03145,0.03956,0.05501,0.02787,0.2124,0.2118,
2.179,0.3913,0.09582,0.08737,0.07269,0.1103,0.06333,0.02106,0.03949,0.05492,0.03081,0.2112,0.213,
2.177,0.3817,0.09579,0.08703,0.07286,0.1085,0.06209,0.02109,0.03955,0.05501,0.03084,0.2126,0.2147,
2.176,0.3926,0.092,0.08663,0.07296,0.1123,0.06211,0.0211,0.03956,0.05557,0.03032,0.2127,0.2148,
2.177,0.3751,0.0945,0.08657,0.07307,0.1114,0.0621,0.02109,0.03955,0.05556,0.0303,0.2137,0.2121,
2.177,0.3758,0.09455,0.08657,0.07323,0.1106,0.06216,0.02111,0.03958,0.05615,0.02978,0.2139,0.2123,
2.188,0.36,0.09432,0.08663,0.07325,0.1101,0.06212,0.02109,0.03956,0.05611,0.03617,0.2084,0.2122,
2.188,0.3528,0.09422,0.08666,0.07352,0.1094,0.06217,0.02111,0.03959,0.05616,0.03619,0.2086,0.2124,
2.187,0.3638,0.09403,0.08665,0.07236,0.1094,0.06217,0.02111,0.03959,0.05616,0.03619,0.2086,0.2137,
2.187,0.372,0.09391,0.0867,0.07244,0.1094,0.06217,0.02111,0.03959,0.05616,0.03619,0.2086,0.2137,
2.187,0.3386,0.09395,0.08649,0.07265,0.1088,0.06223,0.02112,0.03962,0.05621,0.03622,0.2088,0.2139,
2.187,0.3423,0.0942,0.08637,0.07273,0.1069,0.0624,0.02118,0.04045,0.05564,0.03631,0.2094,0.2145,
2.184,0.3707,0.0939,0.08613,0.07273,0.1066,0.06092,0.02114,0.04079,0.05509,0.03624,0.211,0.2154,
2.181,0.3705,0.09372,0.08616,0.07288,0.1066,0.05889,0.02114,0.04079,0.05509,0.03624,0.211,0.2174,
2.177,0.3704,0.09261,0.08604,0.07314,0.107,0.05607,0.02115,0.04083,0.05514,0.03626,0.2112,0.2205,
2.177,0.3483,0.09219,0.08615,0.0733,0.1069,0.05609,0.02116,0.04084,0.05516,0.03628,0.2113,0.2206,
2.178,0.3455,0.09346,0.08596,0.07349,0.1064,0.05606,0.02115,0.04082,0.05513,0.03625,0.2123,0.219,
2.178,0.348,0.09349,0.08604,0.07356,0.1048,0.05618,0.0212,0.04091,0.05579,0.03579,0.2127,0.2195,
2.176,0.3488,0.09832,0.08603,0.07353,0.1042,0.0527,0.02116,0.04165,0.05488,0.03573,0.2145,0.2173,
2.175,0.3534,0.09765,0.08658,0.07376,0.1038,0.05273,0.02117,0.04167,0.05614,0.0345,0.2146,0.2174,
2.176,0.3568,0.09761,0.08664,0.07384,0.1034,0.05275,0.02117,0.04254,0.05532,0.03451,0.2147,0.2175,
2.174,0.3694,0.09755,0.08637,0.07428,0.103,0.05237,0.0209,0.04255,0.05534,0.03452,0.2148,0.2183,
2.177,0.3873,0.09833,0.08622,0.07429,0.103,0.05234,0.02089,0.07115,0.02767,0.04043,0.2088,0.2169,
2.177,0.3798,0.09572,0.08598,0.07456,0.108,0.05078,0.0209,0.07117,0.02768,0.04044,0.2099,0.2148,
2.191,0.3791,0.09555,0.08593,0.07456,0.1077,0.05082,0.04556,0.04659,0.02825,0.03993,0.2101,0.215,
2.19,0.3972,0.09293,0.08596,0.07448,0.11,0.05077,0.04605,0.046,0.02822,0.03989,0.2109,0.2148,
2.189,0.4143,0.09281,0.0859,0.0735,0.1093,0.05081,0.04644,0.04569,0.02824,0.03992,0.2111,0.2163,
2.189,0.4046,0.09187,0.0859,0.07352,0.1102,0.05081,0.04644,0.04569,0.02824,0.03992,0.2111,0.2163,
2.189,0.3843,0.09189,0.08559,0.07386,0.1096,0.05085,0.04648,0.04573,0.02827,0.03996,0.2113,0.2165,
2.184,0.3926,0.09044,0.08382,0.07039,0.1103,0.0509,0.04652,0.04577,0.031,0.03728,0.2115,0.2221,
2.183,0.3956,0.0916,0.08409,0.0704,0.1098,0.05019,0.04649,0.04574,0.03098,0.03725,0.2124,0.221,
2.178,0.4002,0.09133,0.08415,0.06887,0.1094,0.04818,0.04686,0.04541,0.03391,0.03435,0.2125,0.225,
2.178,0.3987,0.08828,0.08416,0.06902,0.112,0.0482,0.04688,0.04543,0.03392,0.03437,0.2126,0.2251,
2.177,0.4074,0.08702,0.08394,0.0693,0.1132,0.0482,0.04688,0.04623,0.03444,0.03306,0.2126,0.2251,
2.177,0.4135,0.08669,0.08416,0.06946,0.1128,0.04822,0.0469,0.04625,0.03546,0.03207,0.2127,0.2252,
2.176,0.4182,0.08512,0.08424,0.06956,0.114,0.04824,0.04692,0.04627,0.03907,0.02848,0.2128,0.2253,
2.172,0.426,0.08505,0.08426,0.0696,0.114,0.04621,0.04692,0.04692,0.04161,0.02529,0.2128,0.2274,
2.172,0.4281,0.08494,0.08416,0.06986,0.1136,0.04623,0.04694,0.04738,0.0412,0.0253,0.2129,0.2275,
2.174,0.4272,0.08826,0.08412,0.0699,0.1132,0.0462,0.04746,0.04681,0.0422,0.02426,0.2139,0.2238,
2.176,0.4117,0.09091,0.08414,0.0699,0.1131,0.04615,0.04775,0.04641,0.04215,0.02423,0.2147,0.2206,
2.195,0.39,0.0928,0.08413,0.07004,0.112,0.04617,0.04845,0.04574,0.04216,0.03336,0.2067,0.2185,
2.195,0.3878,0.09262,0.08412,0.07023,0.112,0.04617,0.04845,0.04574,0.04216,0.03336,0.2067,0.2185,
2.193,0.3928,0.09249,0.08432,0.06877,0.1116,0.04619,0.04847,0.04576,0.04218,0.03337,0.2068,0.2201,
2.19,0.3805,0.09237,0.08437,0.06883,0.1116,0.04415,0.04847,0.04576,0.04273,0.03283,0.2068,0.2221,
2.19,0.3797,0.09242,0.08433,0.06902,0.1108,0.04419,0.04851,0.0458,0.04276,0.03285,0.207,0.2223,
2.19,0.3887,0.09525,0.08445,0.06848,0.1104,0.04353,0.04853,0.04582,0.04424,0.0314,0.2081,0.2198,
2.188,0.3865,0.09267,0.08404,0.06699,0.113,0.04355,0.04855,0.04584,0.04426,0.03141,0.2082,0.2215,
2.186,0.389,0.09255,0.08374,0.06707,0.1131,0.04243,0.04857,0.04586,0.04428,0.03143,0.2083,0.2227,
2.186,0.3794,0.09311,0.08367,0.0671,0.1129,0.0431,0.04781,0.04581,0.04424,0.03139,0.2091,0.2217,
2.189,0.3775,0.09464,0.08369,0.06708,0.1164,0.04306,0.04776,0.04773,0.04277,0.03082,0.2099,0.2161,
2.19,0.3992,0.09603,0.08366,0.0673,0.1156,0.04307,0.04777,0.04774,0.04278,0.03082,0.2111,0.2142,
2.19,0.3755,0.09575,0.08396,0.06737,0.1152,0.04363,0.04725,0.04776,0.04279,0.03083,0.2111,0.2143,
2.19,0.3754,0.09533,0.08387,0.06753,0.1153,0.04365,0.04727,0.04778,0.04281,0.03084,0.2112,0.2144,
2.175,0.394,0.0952,0.08401,0.06753,0.1153,0.04252,0.07173,0.02332,0.04281,0.03084,0.2112,0.2155,
2.175,0.3972,0.09512,0.0836,0.06812,0.1149,0.04253,0.07176,0.02333,0.04374,0.02994,0.2113,0.2156,
2.176,0.3922,0.09508,0.08344,0.06843,0.1145,0.04309,0.07125,0.02388,0.04321,0.02996,0.2114,0.2157,
2.175,0.3983,0.09378,0.08374,0.06843,0.1142,0.04311,0.07127,0.02389,0.04323,0.02997,0.2126,0.2158,
2.175,0.404,0.09344,0.08374,0.06863,0.1135,0.04317,0.07136,0.02392,0.04328,0.03,0.2128,0.2161,
2.174,0.3908,0.09196,0.08385,0.0686,0.1145,0.04312,0.07129,0.0239,0.04378,0.02943,0.2137,0.2159,
2.173,0.3804,0.09135,0.0837,0.06845,0.1142,0.04313,0.07131,0.0239,0.04379,0.02944,0.2148,0.2159,
2.173,0.3829,0.09118,0.08358,0.06858,0.1137,0.04338,0.07098,0.02443,0.04322,0.02941,0.2158,0.2158,
2.178,0.386,0.09098,0.08353,0.06862,0.1132,0.04335,0.0716,0.02375,0.04483,0.03158,0.2129,0.2157,
2.177,0.3922,0.09093,0.0834,0.06728,0.1132,0.04335,0.0716,0.0243,0.04428,0.03158,0.2129,0.2172,
2.176,0.3942,0.091,0.08329,0.0675,0.1125,0.04339,0.0723,0.02368,0.04432,0.03161,0.2131,0.2174,
2.174,0.3346,0.09094,0.08309,0.06565,0.1125,0.04339,0.0723,0.02368,0.04432,0.03161,0.2131,0.2195,
2.172,0.336,0.09084,0.08317,0.06574,0.1121,0.04273,0.07287,0.02314,0.04434,0.03162,0.2132,0.2203,
2.171,0.3351,0.09077,0.0833,0.0659,0.1113,0.04263,0.0724,0.02316,0.04438,0.03165,0.2134,0.2212,
2.172,0.3421,0.09086,0.08344,0.06608,0.1097,0.04203,0.07253,0.04114,0.02653,0.03171,0.2137,0.2222,
2.17,0.3449,0.09084,0.0836,0.06485,0.1086,0.04263,0.07208,0.04119,0.02656,0.03174,0.214,0.2239,
2.17,0.3552,0.09351,0.08361,0.06487,0.1085,0.04099,0.072,0.04114,0.02654,0.03171,0.2149,0.2223,
2.15,0.3503,0.09334,0.08369,0.06496,0.1085,0.09169,0.0213,0.04114,0.02654,0.03171,0.2149,0.2223,
2.151,0.2979,0.09301,0.08372,0.06514,0.1077,0.09181,0.02197,0.04056,0.02992,0.02841,0.2152,0.2226,
2.152,0.3158,0.09728,0.08363,0.06519,0.1073,0.09016,0.0225,0.03998,0.034,0.02428,0.2161,0.2196,
2.151,0.2802,0.09691,0.08326,0.06527,0.1065,0.09036,0.02255,0.04051,0.03363,0.02433,0.2166,0.2201,
2.151,0.2727,0.09681,0.08311,0.06547,0.1053,0.09053,0.02259,0.04058,0.03369,0.02437,0.217,0.2205,
2.153,0.2664,0.1005,0.08299,0.06557,0.1049,0.09031,0.02216,0.04059,0.0337,0.02438,0.2182,0.2168,
2.151,0.2821,0.1002,0.08327,0.06567,0.1045,0.08829,0.02252,0.04026,0.03372,0.02439,0.2183,0.2189,
2.147,0.2962,0.1001,0.08335,0.06576,0.1041,0.08833,0.02311,0.04912,0.0243,0.0244,0.2184,0.219,
2.162,0.2901,0.1023,0.08318,0.06573,0.1035,0.08818,0.02307,0.04903,0.02426,0.03118,0.2133,0.2162,
2.161,0.292,0.102,0.08312,0.06588,0.1031,0.08712,0.02309,0.04952,0.02439,0.03066,0.2135,0.2176,
2.16,0.294,0.102,0.08296,0.06611,0.1031,0.08712,0.02309,0.05007,0.02384,0.03066,0.2135,0.2176,
2.16,0.3086,0.09992,0.08285,0.06626,0.1051,0.08712,0.02309,0.05007,0.02549,0.02901,0.2135,0.2176,
2.156,0.3075,0.0998,0.08295,0.06451,0.1048,0.08702,0.02255,0.05064,0.02495,0.02903,0.2136,0.2202,
2.156,0.3104,0.09935,0.08284,0.06438,0.1048,0.0871,0.02257,0.05069,0.02498,0.02905,0.2138,0.2204,
2.154,0.3705,0.09924,0.0829,0.06461,0.1041,0.08658,0.02204,0.05073,0.025,0.02907,0.214,0.2217,
2.154,0.3549,0.09674,0.08282,0.06477,0.1056,0.0867,0.02207,0.0508,0.02558,0.02856,0.2143,0.2221,
2.154,0.3522,0.0977,0.08286,0.06486,0.1062,0.08447,0.02209,0.05084,0.0256,0.02858,0.2155,0.2213,
2.153,0.3496,0.09911,0.08272,0.06483,0.106,0.08369,0.02206,0.05078,0.02557,0.02855,0.2164,0.2203,
2.152,0.3483,0.09872,0.08303,0.06506,0.1053,0.08239,0.02208,0.05083,0.0256,0.02857,0.2166,0.2218,
2.152,0.3499,0.09829,0.08341,0.06522,0.1049,0.08242,0.02209,0.05085,0.02561,0.02859,0.2167,0.2219,
2.151,0.3539,0.09825,0.08328,0.06538,0.1049,0.08105,0.02245,0.0505,0.02561,0.02859,0.2167,0.2233,
2.148,0.3366,0.09957,0.08315,0.06537,0.1041,0.07785,0.02245,0.05106,0.02798,0.02567,0.2178,0.225,
2.147,0.3346,0.1004,0.08305,0.0655,0.104,0.07661,0.02243,0.051,0.02795,0.02565,0.2187,0.2247,
2.147,0.3472,0.1003,0.08306,0.06565,0.104,0.07661,0.02243,0.051,0.03026,0.02333,0.2187,0.2247,
2.144,0.3456,0.1002,0.08288,0.06587,0.104,0.07432,0.02243,0.051,0.03026,0.02333,0.2187,0.227,
2.141,0.3464,0.1002,0.08287,0.066,0.1036,0.0728,0.02247,0.0514,0.02936,0.02334,0.2188,0.2292,
2.141,0.3561,0.09678,0.08282,0.06611,0.1069,0.0728,0.02247,0.0514,0.02936,0.02334,0.2188,0.2292,
2.141,0.3553,0.09675,0.08278,0.06618,0.1069,0.0728,0.02247,0.0514,0.0305,0.0222,0.2188,0.2292,
2.152,0.3528,0.09755,0.0828,0.06629,0.1064,0.07275,0.02245,0.05136,0.03413,0.02417,0.2141,0.228,
2.149,0.3697,0.09588,0.08249,0.06654,0.1079,0.07117,0.02191,0.05138,0.03512,0.0232,0.2142,0.2303,
2.149,0.3788,0.09571,0.08235,0.06662,0.1087,0.07115,0.02302,0.05082,0.03574,0.02202,0.2152,0.2287,
2.148,0.3848,0.09556,0.08249,0.06662,0.1087,0.07162,0.02255,0.05082,0.03666,0.0211,0.2152,0.2287,
2.146,0.3822,0.09556,0.08249,0.06662,0.1087,0.0699,0.02255,0.05082,0.03666,0.0211,0.2152,0.2304,
2.143,0.3859,0.09552,0.08232,0.06615,0.1087,0.06875,0.02255,0.05209,0.03593,0.02055,0.2152,0.2322,
2.143,0.3813,0.09538,0.08195,0.06632,0.1088,0.06879,0.02256,0.05212,0.0365,0.02001,0.2153,0.2323,
2.144,0.3819,0.1001,0.08214,0.06621,0.1085,0.0672,0.02223,0.052,0.03642,0.01997,0.217,0.2283,
2.146,0.3861,0.1042,0.08193,0.06644,0.108,0.06715,0.02221,0.05197,0.0364,0.01995,0.218,0.2238,
2.152,0.4312,0.1061,0.08176,0.06653,0.1079,0.06708,0.02218,0.05191,0.03636,0.02207,0.2167,0.2214,
2.157,0.3737,0.11,0.08152,0.06645,0.1077,0.0668,0.02159,0.0518,0.03628,0.02408,0.2163,0.2175,
2.154,0.3798,0.1093,0.08149,0.06649,0.1077,0.06528,0.02103,0.05176,0.03626,0.02407,0.2172,0.2194,
2.154,0.3766,0.1078,0.0816,0.06655,0.1084,0.06534,0.02105,0.05181,0.03629,0.02409,0.2174,0.2196,
2.153,0.3666,0.1079,0.08156,0.06678,0.1076,0.0654,0.02107,0.05186,0.03632,0.02411,0.2176,0.2198,
2.162,0.3636,0.1086,0.08159,0.0668,0.1082,0.0659,0.05582,0.0165,0.0363,0.03016,0.2125,0.2176,
2.162,0.3677,0.1083,0.08172,0.06702,0.1082,0.06644,0.05527,0.0165,0.03743,0.02903,0.2125,0.2176,
2.16,0.3705,0.108,0.08163,0.06604,0.1082,0.06644,0.05527,0.0165,0.03798,0.02848,0.2125,0.2189,
2.163,0.3853,0.1125,0.0818,0.06621,0.1081,0.06637,0.05521,0.01648,0.03794,0.02845,0.2134,0.2136,
2.163,0.3701,0.1117,0.08225,0.06624,0.1081,0.0664,0.0559,0.01656,0.03723,0.02846,0.2135,0.2137,
2.162,0.3508,0.1118,0.08198,0.06656,0.1077,0.06575,0.05637,0.01613,0.03724,0.02847,0.2135,0.2144,
2.155,0.3412,0.1111,0.08189,0.06451,0.1083,0.06313,0.05582,0.01613,0.03724,0.02847,0.2135,0.2198,
2.155,0.3564,0.1109,0.08211,0.06455,0.1083,0.06313,0.05582,0.01613,0.03724,0.02847,0.2135,0.2198,
2.155,0.3625,0.1108,0.08225,0.06469,0.1076,0.06317,0.05586,0.01613,0.03727,0.02849,0.2137,0.22,
2.155,0.3426,0.1107,0.08228,0.06481,0.1076,0.06317,0.05586,0.01613,0.03727,0.02849,0.2137,0.22,
2.154,0.3458,0.1134,0.08222,0.0628,0.1068,0.06316,0.05586,0.01668,0.03946,0.02574,0.2148,0.2191,
2.154,0.3479,0.1134,0.082,0.06302,0.1068,0.06316,0.05586,0.01668,0.03946,0.02574,0.2148,0.2191,
2.153,0.3468,0.1177,0.08214,0.06305,0.1059,0.06158,0.05513,0.01668,0.03945,0.02574,0.2158,0.2169,
2.152,0.3491,0.1169,0.08177,0.06318,0.1058,0.06148,0.05504,0.01665,0.03939,0.02569,0.2176,0.2165,
2.151,0.3477,0.1167,0.08191,0.06335,0.1054,0.06151,0.05576,0.01596,0.0394,0.0257,0.2177,0.2166,
2.179,0.3397,0.1163,0.08173,0.06349,0.1039,0.06168,0.05539,0.01593,0.03934,0.04214,0.204,0.2162,
2.179,0.3407,0.1161,0.08181,0.06356,0.103,0.06166,0.05538,0.01592,0.03933,0.04212,0.205,0.2162,
2.179,0.3547,0.1158,0.08195,0.0637,0.103,0.06166,0.05538,0.01592,0.03933,0.04212,0.205,0.2162,
2.179,0.3456,0.1154,0.08218,0.06394,0.1026,0.06169,0.0554,0.01593,0.03934,0.04214,0.2051,0.2163,
2.179,0.3415,0.1154,0.08199,0.06417,0.1026,0.06169,0.0554,0.01593,0.03934,0.04214,0.2051,0.2163,
2.179,0.3427,0.1153,0.08183,0.06436,0.1026,0.06169,0.0554,0.01593,0.03934,0.04214,0.2051,0.2163,
2.177,0.3431,0.1151,0.08184,0.06459,0.1026,0.06087,0.05485,0.01593,0.03934,0.04214,0.2051,0.2177,
2.177,0.3453,0.114,0.08196,0.06465,0.1023,0.06088,0.05487,0.01593,0.03935,0.04215,0.2062,0.2177,
2.176,0.3628,0.1116,0.08218,0.06475,0.1038,0.06084,0.05484,0.01592,0.03933,0.04212,0.2071,0.2176,
2.175,0.3413,0.1113,0.08227,0.06415,0.103,0.06093,0.05491,0.01594,0.03938,0.04218,0.2073,0.2186,
2.172,0.3439,0.111,0.08262,0.06356,0.1022,0.05947,0.05441,0.01595,0.03942,0.04221,0.2075,0.2216,
2.17,0.352,0.1106,0.08263,0.06358,0.1023,0.05813,0.05444,0.0164,0.03955,0.04169,0.2076,0.2231,
2.14,0.3357,0.112,0.08251,0.06352,0.1015,0.09273,0.01837,0.01586,0.04011,0.04115,0.2087,0.2235,
2.14,0.3358,0.1119,0.08242,0.06382,0.1011,0.09277,0.01838,0.01586,0.04013,0.04117,0.2088,0.2236,
2.138,0.3461,0.1102,0.08247,0.06402,0.102,0.09055,0.01839,0.01587,0.04117,0.04019,0.209,0.2261,
2.139,0.3462,0.1125,0.08243,0.06403,0.1015,0.08981,0.01897,0.01528,0.04114,0.04016,0.2099,0.2243,
2.139,0.3685,0.1123,0.08267,0.0641,0.1011,0.08985,0.01898,0.01528,0.04217,0.03918,0.21,0.2244,
2.139,0.3324,0.1118,0.08259,0.06429,0.1011,0.0899,0.01898,0.01529,0.04219,0.03919,0.2101,0.2245,
2.139,0.3467,0.1154,0.0824,0.06449,0.1007,0.09075,0.01805,0.01527,0.04216,0.03916,0.2111,0.2206,
2.137,0.348,0.1152,0.08254,0.06461,0.1007,0.08892,0.01805,0.01527,0.04216,0.03916,0.2111,0.2224,
2.137,0.3472,0.1148,0.08247,0.0648,0.1003,0.08785,0.01807,0.01607,0.04142,0.0392,0.2113,0.2238,
2.137,0.3529,0.1146,0.08263,0.0648,0.1003,0.08785,0.01807,0.01607,0.04234,0.03828,0.2113,0.2238,
2.136,0.3482,0.1133,0.08296,0.06363,0.1038,0.08616,0.0186,0.0155,0.04229,0.03824,0.2121,0.2235,
2.136,0.3346,0.1132,0.08297,0.06382,0.1033,0.0862,0.01861,0.01551,0.04231,0.03826,0.2122,0.2236,
2.136,0.331,0.1159,0.083,0.06394,0.1025,0.08589,0.01897,0.01497,0.04219,0.03811,0.2132,0.2213,
2.134,0.3335,0.116,0.08323,0.06419,0.1005,0.08485,0.01888,0.01501,0.04229,0.03819,0.2137,0.2232,
2.134,0.3376,0.1154,0.08286,0.06444,0.1006,0.08355,0.01889,0.0159,0.04144,0.03823,0.2139,0.2248,
2.133,0.3404,0.1154,0.08263,0.06448,0.1002,0.08294,0.01891,0.01647,0.04093,0.03826,0.2141,0.2257,
2.133,0.3491,0.1148,0.08281,0.06451,0.1003,0.08298,0.01892,0.01647,0.04283,0.03639,0.2142,0.2258,
2.133,0.3409,0.1139,0.08284,0.06461,0.1005,0.08304,0.01893,0.01649,0.04287,0.03642,0.2144,0.226,
2.132,0.3388,0.1136,0.08269,0.06473,0.1006,0.08239,0.01894,0.01649,0.04289,0.03644,0.2145,0.2268,
2.132,0.3465,0.1135,0.08257,0.06489,0.1006,0.08239,0.01894,0.01649,0.0439,0.03542,0.2145,0.2268,
2.132,0.334,0.12,0.08276,0.06415,0.1003,0.08017,0.01862,0.01646,0.04473,0.03443,0.2162,0.2222,
2.134,0.3321,0.1243,0.08298,0.06413,0.1014,0.08067,0.01806,0.01645,0.04624,0.03287,0.2171,0.2157,
2.133,0.34,0.123,0.08316,0.0641,0.1009,0.08061,0.01804,0.01643,0.0462,0.03284,0.2191,0.2156,
2.143,0.3395,0.1225,0.08298,0.06419,0.1008,0.08056,0.01803,0.01642,0.04617,0.03904,0.2139,0.2154,
2.143,0.3371,0.1223,0.08307,0.0642,0.09996,0.08054,0.01802,0.01641,0.04616,0.03903,0.2149,0.2154,
2.142,0.3474,0.122,0.08294,0.06429,0.1,0.0812,0.0174,0.01642,0.04618,0.03904,0.215,0.2155,
2.14,0.3451,0.1216,0.08333,0.06283,0.1,0.0812,0.0174,0.01642,0.04618,0.03904,0.215,0.217,
2.14,0.323,0.1213,0.08314,0.06305,0.09964,0.08128,0.01742,0.01644,0.04622,0.03908,0.2152,0.2172,
2.145,0.3383,0.1184,0.08306,0.06321,0.1025,0.08128,0.01742,0.04027,0.02239,0.03908,0.2152,0.2172,
2.147,0.3421,0.1169,0.08318,0.06324,0.1035,0.08131,0.01805,0.03967,0.02526,0.03623,0.2153,0.2173,
2.147,0.3482,0.1129,0.08325,0.06328,0.107,0.08123,0.01803,0.04007,0.02479,0.03619,0.2161,0.2171,
2.145,0.3431,0.1128,0.08307,0.06361,0.107,0.08146,0.01711,0.04007,0.02535,0.03564,0.2161,0.2178,
2.152,0.3362,0.1121,0.0828,0.06354,0.106,0.08136,0.01633,0.04127,0.02401,0.04213,0.2124,0.2181,
2.15,0.3331,0.1106,0.08243,0.0636,0.1071,0.08122,0.01578,0.04127,0.02401,0.04213,0.2124,0.2194,
2.148,0.3385,0.1093,0.08252,0.06368,0.1082,0.07962,0.01578,0.04127,0.02401,0.04213,0.2124,0.221,
2.143,0.3509,0.1089,0.08239,0.06383,0.1083,0.0824,0.01304,0.04129,0.02402,0.04215,0.2125,0.2211,
2.143,0.3319,0.1089,0.08239,0.06389,0.1083,0.08172,0.01304,0.04129,0.02402,0.04215,0.2125,0.2218,
2.143,0.333,0.1088,0.08238,0.06411,0.1079,0.08175,0.01304,0.04131,0.02403,0.04217,0.2126,0.2219,
2.141,0.3609,0.1049,0.08244,0.06416,0.1114,0.08314,0.01169,0.04132,0.02581,0.04041,0.2127,0.222,
2.141,0.3405,0.1049,0.08247,0.06428,0.111,0.08318,0.01169,0.04189,0.02527,0.04043,0.2128,0.2221,
2.141,0.4031,0.1047,0.08253,0.06436,0.111,0.08318,0.01169,0.04189,0.02527,0.04043,0.2128,0.2221,
2.142,0.4063,0.1032,0.0827,0.06459,0.1107,0.08192,0.01725,0.03923,0.02216,0.04045,0.2129,0.2249,
2.141,0.4097,0.1029,0.08295,0.06476,0.1103,0.08027,0.01726,0.03925,0.02217,0.04046,0.213,0.2267,
2.145,0.4084,0.1093,0.08274,0.06486,0.1115,0.0801,0.01722,0.03916,0.02212,0.04038,0.2147,0.218,
2.141,0.4022,0.1093,0.08274,0.06509,0.1107,0.07617,0.0176,0.03828,0.02214,0.04041,0.2149,0.2227,
2.143,0.3501,0.1124,0.08265,0.06512,0.1106,0.07608,0.01813,0.03769,0.02266,0.03981,0.2157,0.2191,
2.144,0.3491,0.117,0.08269,0.0651,0.1105,0.07447,0.01811,0.03765,0.02264,0.03977,0.2166,0.2156,
2.144,0.3483,0.1166,0.08296,0.06517,0.1105,0.07447,0.01811,0.03765,0.02264,0.03977,0.2166,0.2156,
2.144,0.3509,0.116,0.08372,0.06522,0.1098,0.07453,0.01812,0.03767,0.02265,0.0398,0.2168,0.2158,
2.144,0.3345,0.1159,0.08346,0.06531,0.1096,0.07445,0.0181,0.03763,0.02263,0.03975,0.2176,0.2155,
2.153,0.3239,0.1155,0.0835,0.06533,0.1095,0.07437,0.01809,0.03759,0.0226,0.04587,0.2123,0.2153,
2.152,0.3412,0.1152,0.08401,0.06537,0.1088,0.07498,0.01755,0.03763,0.02263,0.04591,0.2125,0.2155,
2.152,0.332,0.1149,0.08419,0.06544,0.1088,0.07498,0.01755,0.03763,0.02263,0.04591,0.2125,0.2155,
2.151,0.3285,0.1138,0.0842,0.06549,0.1089,0.07348,0.01758,0.03768,0.02266,0.04597,0.2128,0.2174,
2.149,0.3287,0.1137,0.08432,0.06554,0.1089,0.07195,0.01802,0.03768,0.02222,0.04597,0.2128,0.2189,
2.149,0.3205,0.1136,0.08447,0.06558,0.1082,0.07201,0.01803,0.03771,0.02224,0.04601,0.213,0.2191,
2.147,0.3223,0.1134,0.08456,0.06419,0.1078,0.07204,0.01804,0.03773,0.02224,0.04603,0.2131,0.2209,
2.147,0.3249,0.1132,0.08464,0.0643,0.1078,0.07204,0.01839,0.03737,0.02224,0.04603,0.2131,0.2209,
2.147,0.3242,0.113,0.08471,0.06437,0.1078,0.07204,0.01839,0.03737,0.02224,0.04603,0.2131,0.2209,
2.149,0.3185,0.1166,0.08465,0.06432,0.1082,0.07074,0.0189,0.03674,0.02275,0.04538,0.2148,0.217,
2.148,0.3205,0.1149,0.08415,0.06453,0.1096,0.07005,0.0189,0.03674,0.02275,0.04538,0.2148,0.2182,
2.148,0.3326,0.1131,0.08453,0.06465,0.1109,0.07005,0.0189,0.03674,0.02275,0.04538,0.2148,0.2182,
2.149,0.3293,0.1127,0.08497,0.06474,0.1105,0.07008,0.01891,0.03676,0.0239,0.04425,0.2149,0.2183,
2.147,0.3318,0.1123,0.08493,0.06478,0.1096,0.06999,0.01888,0.03671,0.02387,0.04419,0.2167,0.218,
2.147,0.3478,0.1122,0.08485,0.06494,0.1096,0.06999,0.01947,0.03708,0.02292,0.04419,0.2167,0.218,
2.147,0.3169,0.1121,0.08476,0.06487,0.1094,0.07046,0.01925,0.03668,0.02398,0.04306,0.2176,0.2178,
2.149,0.3272,0.1117,0.08472,0.06514,0.1087,0.07055,0.02037,0.03563,0.02626,0.04086,0.2179,0.2181,
2.149,0.3364,0.1116,0.08477,0.06527,0.1087,0.07099,0.01993,0.03563,0.02809,0.03903,0.2179,0.2181,
2.159,0.3367,0.1119,0.08437,0.06502,0.1087,0.07028,0.01992,0.03617,0.02844,0.04495,0.2131,0.2171,
2.159,0.3717,0.1101,0.08468,0.06508,0.1102,0.07028,0.01992,0.03617,0.02899,0.0444,0.2131,0.2171,
2.161,0.3388,0.1101,0.08443,0.06524,0.1099,0.07031,0.01993,0.03619,0.0326,0.04082,0.2132,0.2172,
2.161,0.3433,0.1097,0.08459,0.06544,0.1099,0.07031,0.01993,0.03619,0.0326,0.04082,0.2132,0.2172,
2.161,0.3436,0.1094,0.08472,0.06577,0.1092,0.07036,0.01995,0.03621,0.03263,0.04085,0.2134,0.2174,
2.159,0.3461,0.1093,0.08508,0.06586,0.1081,0.07174,0.01869,0.03626,0.03267,0.0409,0.2137,0.2177,
2.155,0.3674,0.1092,0.08491,0.06587,0.108,0.07167,0.04069,0.0142,0.03264,0.04086,0.2145,0.2175,
2.155,0.3814,0.1126,0.08481,0.06603,0.107,0.06998,0.04064,0.01418,0.03443,0.03898,0.2164,0.2149,
2.153,0.3728,0.112,0.08516,0.06615,0.1062,0.07026,0.03982,0.0142,0.03558,0.03792,0.2167,0.2159,
2.149,0.3852,0.1124,0.0854,0.06637,0.1034,0.06606,0.03995,0.01514,0.0358,0.03705,0.2174,0.221,
2.147,0.3947,0.1123,0.08565,0.06648,0.1026,0.06667,0.03943,0.01515,0.04336,0.02955,0.2176,0.2213,
2.144,0.3969,0.112,0.08595,0.06523,0.1021,0.06626,0.03934,0.01502,0.04338,0.02957,0.2177,0.2234,
2.142,0.4025,0.112,0.08597,0.06546,0.101,0.06473,0.03939,0.01504,0.04344,0.02961,0.218,0.2253,
2.158,0.3842,0.1157,0.08596,0.06537,0.1004,0.07159,0.0324,0.01502,0.0444,0.03879,0.2097,0.2207,
2.154,0.3799,0.1154,0.086,0.06544,0.1,0.0688,0.03243,0.01503,0.04579,0.03747,0.2099,0.2237,
2.154,0.3916,0.1152,0.08622,0.06554,0.09962,0.06884,0.03245,0.01504,0.04581,0.03749,0.21,0.2238,
2.153,0.3818,0.1151,0.08612,0.06573,0.09962,0.06759,0.03202,0.01548,0.04537,0.03749,0.21,0.2255,
2.152,0.3855,0.1129,0.08608,0.06598,0.101,0.06854,0.03117,0.0155,0.04541,0.03752,0.2102,0.2257,
2.152,0.3827,0.1152,0.08616,0.06613,0.1005,0.0685,0.0315,0.01513,0.04798,0.0349,0.2111,0.2229,
2.151,0.3858,0.1149,0.08596,0.06554,0.09998,0.0679,0.03155,0.01515,0.04805,0.03495,0.2114,0.2246,
2.148,0.3874,0.1144,0.08594,0.06591,0.09961,0.06588,0.03158,0.01517,0.04809,0.03498,0.2116,0.2269,
2.15,0.3884,0.1144,0.08613,0.06607,0.09839,0.06597,0.03162,0.01672,0.04662,0.03503,0.2119,0.2272,
2.148,0.3849,0.1136,0.08623,0.06613,0.09883,0.06413,0.03161,0.01728,0.04606,0.03502,0.2129,0.2281,
2.149,0.3857,0.1136,0.08633,0.06618,0.09847,0.06416,0.03163,0.01825,0.04512,0.03504,0.213,0.2282,
2.149,0.3878,0.113,0.08639,0.0663,0.09851,0.06419,0.03164,0.0187,0.04469,0.03505,0.2131,0.2283,
2.151,0.3876,0.1148,0.08623,0.06612,0.09964,0.06409,0.03159,0.01867,0.04462,0.035,0.2149,0.2243,
2.151,0.3877,0.1152,0.08643,0.06622,0.09953,0.06402,0.03156,0.01939,0.04383,0.03496,0.2157,0.2232,
2.151,0.3876,0.1174,0.0864,0.06617,0.1003,0.06232,0.03152,0.01937,0.04378,0.03492,0.2176,0.2202,
2.15,0.3883,0.1159,0.08659,0.06619,0.101,0.06228,0.0315,0.01935,0.04375,0.03489,0.2186,0.22,
2.149,0.3865,0.1149,0.08603,0.06644,0.1009,0.0623,0.03206,0.0188,0.04376,0.0349,0.2197,0.2201,
2.145,0.3804,0.1142,0.08653,0.06631,0.1009,0.06162,0.03185,0.01816,0.04443,0.03384,0.2197,0.2224,
2.17,0.3722,0.1162,0.08641,0.06633,0.1008,0.06155,0.03181,0.01961,0.04383,0.04659,0.2069,0.2199,
2.171,0.375,0.1148,0.08656,0.06648,0.1016,0.06158,0.03183,0.01962,0.04385,0.04661,0.207,0.22,
2.171,0.3789,0.1146,0.08631,0.06667,0.1015,0.06151,0.0318,0.02034,0.04427,0.04537,0.2078,0.2198,
2.171,0.3691,0.1138,0.08632,0.06684,0.1022,0.06151,0.0318,0.02034,0.04427,0.04537,0.2078,0.2198,
2.144,0.3823,0.1133,0.08618,0.06667,0.1061,0.07983,0.01093,0.02029,0.04507,0.04433,0.2104,0.217,
2.144,0.3813,0.1129,0.08647,0.06677,0.1061,0.07983,0.01093,0.02029,0.04507,0.04433,0.2104,0.217,
2.143,0.3952,0.1123,0.08647,0.06692,0.1052,0.07916,0.01093,0.02029,0.04508,0.04434,0.2115,0.2177,
2.144,0.3604,0.1121,0.08636,0.06714,0.1045,0.07927,0.01308,0.01819,0.04514,0.0444,0.2118,0.218,
2.142,0.3627,0.1114,0.08627,0.0671,0.1039,0.07946,0.01349,0.01746,0.04601,0.04342,0.2137,0.2178,
2.142,0.3629,0.1114,0.08635,0.0671,0.1039,0.07946,0.01349,0.01746,0.04601,0.04342,0.2137,0.2178,
2.142,0.3658,0.1114,0.08633,0.0672,0.1035,0.0795,0.01349,0.01747,0.04603,0.04344,0.2138,0.2179,
2.141,0.3708,0.1112,0.08622,0.06715,0.1036,0.07981,0.01322,0.01747,0.04757,0.04195,0.2139,0.218,
2.14,0.3701,0.1101,0.08659,0.06728,0.1037,0.08044,0.01268,0.01749,0.04761,0.04198,0.214,0.2182,
2.141,0.3693,0.1096,0.08689,0.06723,0.1032,0.08039,0.01267,0.0184,0.04666,0.04195,0.215,0.218,
2.144,0.3785,0.1093,0.08677,0.06733,0.1032,0.07882,0.01211,0.03099,0.03736,0.0387,0.2151,0.2203,
2.144,0.3814,0.109,0.08701,0.06741,0.1032,0.07882,0.01211,0.03155,0.03681,0.0387,0.2151,0.2203,
2.144,0.3811,0.109,0.08701,0.06753,0.1028,0.07886,0.01211,0.03235,0.03603,0.03872,0.2152,0.2204,
2.146,0.3959,0.1111,0.0869,0.06757,0.1027,0.07877,0.01265,0.03177,0.03599,0.03868,0.216,0.2178,
2.143,0.385,0.1097,0.08673,0.06716,0.1037,0.07752,0.01234,0.03178,0.03601,0.0387,0.2161,0.2202,
