entropy,entropyInd,RabA,RabB,RabC,RabD,RabE,RabF,RabG,RabH,RabI,xER,xPM,
2.178,0.3355,0.106,0.09074,0.06853,0.1248,0.05451,0.0394,0.03063,0.03408,0.03504,0.2067,0.2095,
2.178,0.3365,0.106,0.09074,0.06853,0.1248,0.05451,0.0394,0.03063,0.03408,0.03504,0.2067,0.2095,
2.175,0.3522,0.1057,0.09053,0.06631,0.1247,0.05448,0.03937,0.03061,0.03406,0.03501,0.2077,0.2115,
2.171,0.3497,0.1042,0.09058,0.06636,0.124,0.05299,0.0394,0.03063,0.03408,0.03504,0.2078,0.2149,
2.167,0.3517,0.1036,0.09065,0.06458,0.1233,0.05192,0.03943,0.03065,0.0341,0.03505,0.208,0.2186,
2.166,0.3415,0.1036,0.09065,0.06458,0.1233,0.05082,0.03943,0.03065,0.0341,0.03505,0.208,0.2197,
2.165,0.3441,0.103,0.09069,0.06461,0.123,0.05084,0.03945,0.03066,0.03412,0.03507,0.2081,0.2205,
2.164,0.3871,0.1024,0.09073,0.06464,0.1226,0.05019,0.03946,0.03067,0.03413,0.03508,0.2082,0.2219,
2.163,0.3349,0.1024,0.09085,0.06473,0.1215,0.05027,0.03952,0.03071,0.03418,0.03499,0.2086,0.2223,
2.164,0.2983,0.1036,0.09092,0.06477,0.1198,0.0503,0.03955,0.03073,0.0342,0.03501,0.2098,0.2214,
2.164,0.3017,0.1036,0.09096,0.0648,0.1194,0.05032,0.03956,0.03074,0.03421,0.03503,0.2099,0.2215,
2.164,0.3028,0.1064,0.09086,0.06473,0.1193,0.0496,0.03952,0.03071,0.03418,0.03499,0.2107,0.219,
2.164,0.3056,0.1064,0.0909,0.06475,0.119,0.04962,0.03954,0.03072,0.03419,0.03501,0.2108,0.2191,
2.164,0.3123,0.1064,0.0909,0.06475,0.119,0.04962,0.03954,0.03072,0.03419,0.03501,0.2108,0.2191,
2.164,0.3163,0.1064,0.0909,0.06475,0.119,0.04962,0.03954,0.03072,0.03419,0.03501,0.2108,0.2191,
2.164,0.3118,0.1061,0.09094,0.06481,0.1186,0.04966,0.03957,0.03074,0.03421,0.03503,0.211,0.2193,
2.164,0.3064,0.1062,0.09098,0.06483,0.1183,0.04967,0.03958,0.03075,0.03422,0.03505,0.2111,0.2194,
2.164,0.3068,0.1062,0.09098,0.06483,0.1183,0.04967,0.03958,0.03075,0.03422,0.03505,0.2111,0.2194,
2.164,0.3102,0.1062,0.09106,0.06488,0.1176,0.04971,0.03961,0.03077,0.03425,0.03507,0.2112,0.2196,
2.163,0.3045,0.1056,0.09106,0.06488,0.1176,0.04905,0.03961,0.03077,0.03425,0.03507,0.2112,0.2209,
2.163,0.3021,0.1056,0.09106,0.06488,0.1176,0.04905,0.03961,0.03077,0.03425,0.03507,0.2112,0.2209,
2.183,0.294,0.106,0.09097,0.06481,0.1174,0.04585,0.03957,0.03074,0.03421,0.05112,0.196,0.2234,
2.183,0.2975,0.106,0.09097,0.06481,0.1174,0.04585,0.03957,0.03074,0.03421,0.05112,0.196,0.2234,
2.182,0.2977,0.1074,0.09092,0.06477,0.117,0.04516,0.03955,0.03072,0.03419,0.05109,0.1969,0.2224,
2.182,0.2986,0.1074,0.09092,0.06477,0.117,0.04516,0.03955,0.03072,0.03419,0.05109,0.1969,0.2224,
2.183,0.2893,0.1099,0.09086,0.06473,0.1165,0.04512,0.03952,0.0307,0.03417,0.05106,0.1977,0.2197,
2.182,0.2989,0.1126,0.09077,0.06467,0.1164,0.04385,0.03918,0.03067,0.03413,0.05101,0.1985,0.2182,
2.185,0.2898,0.1183,0.09063,0.06457,0.1158,0.04377,0.03911,0.03061,0.03408,0.05093,0.2002,0.212,
2.186,0.2915,0.1227,0.09049,0.06446,0.1156,0.04371,0.03905,0.03057,0.03403,0.05085,0.2019,0.2066,
2.186,0.2851,0.1226,0.09044,0.06442,0.1151,0.04367,0.03903,0.03054,0.034,0.05082,0.2028,0.2065,
2.183,0.2818,0.1212,0.08992,0.06418,0.115,0.04312,0.03886,0.03035,0.03397,0.05076,0.2036,0.209,
2.183,0.2775,0.1212,0.08981,0.06429,0.115,0.04312,0.0392,0.03002,0.03397,0.05076,0.2036,0.209,
2.183,0.2817,0.1209,0.08984,0.06427,0.1149,0.04308,0.03916,0.03179,0.03335,0.04949,0.2044,0.2088,
2.183,0.2907,0.1203,0.08984,0.06457,0.115,0.04363,0.03899,0.03147,0.03438,0.0485,0.2045,0.2089,
2.182,0.2878,0.1206,0.08982,0.06479,0.1148,0.04292,0.03895,0.03144,0.03434,0.04845,0.2053,0.2086,
2.181,0.2829,0.1202,0.08955,0.06489,0.1146,0.04284,0.03887,0.03137,0.03427,0.04835,0.207,0.2081,
2.159,0.2728,0.12,0.08975,0.06496,0.1143,0.06945,0.01227,0.03138,0.03428,0.04837,0.207,0.2082,
2.159,0.2659,0.1198,0.08948,0.0652,0.1139,0.06951,0.01228,0.03246,0.03326,0.04841,0.2072,0.2084,
2.159,0.2704,0.1187,0.08928,0.06545,0.115,0.06885,0.01262,0.03264,0.03273,0.04841,0.2072,0.2091,
2.159,0.2908,0.1185,0.08934,0.06563,0.115,0.06957,0.0133,0.03444,0.02953,0.04841,0.2072,0.2091,
2.159,0.2717,0.1166,0.08943,0.06587,0.1158,0.06965,0.01331,0.03448,0.03061,0.04741,0.2075,0.2093,
2.159,0.2901,0.1156,0.0896,0.06624,0.1136,0.06829,0.01387,0.03404,0.03656,0.04166,0.208,0.2125,
2.16,0.2991,0.1172,0.08963,0.06637,0.1131,0.06825,0.01386,0.03401,0.03812,0.04005,0.209,0.2105,
2.159,0.2889,0.1165,0.08952,0.06647,0.1132,0.06876,0.01343,0.03404,0.03816,0.04009,0.2091,0.2107,
2.157,0.2918,0.1166,0.08952,0.06655,0.1128,0.06681,0.01343,0.03406,0.0387,0.03958,0.2092,0.2127,
2.158,0.2915,0.1215,0.08918,0.06665,0.1122,0.06498,0.01313,0.034,0.03916,0.04043,0.2095,0.2092,
2.168,0.292,0.12,0.0893,0.06683,0.113,0.06491,0.01312,0.03396,0.03912,0.04642,0.2043,0.209,
2.167,0.3015,0.1191,0.0891,0.06704,0.113,0.06424,0.01364,0.03467,0.03786,0.04641,0.2053,0.2096,
2.164,0.3025,0.1189,0.08929,0.06519,0.113,0.06358,0.01364,0.03467,0.03786,0.04641,0.2053,0.2122,
2.165,0.3032,0.1202,0.08951,0.06519,0.1139,0.06345,0.01361,0.0346,0.03936,0.04473,0.2069,0.2085,
2.164,0.3048,0.1197,0.08967,0.06529,0.1136,0.06241,0.01362,0.03462,0.03939,0.04477,0.2071,0.2098,
2.162,0.3103,0.1195,0.08982,0.06406,0.1133,0.06243,0.01363,0.03463,0.0394,0.04479,0.2072,0.2113,
2.163,0.3114,0.1215,0.08997,0.06417,0.1129,0.06175,0.01362,0.03462,0.03939,0.04477,0.2082,0.2091,
2.16,0.3128,0.1201,0.08961,0.06442,0.1137,0.05996,0.01361,0.0346,0.03937,0.04475,0.2091,0.2108,
2.16,0.3092,0.119,0.08939,0.06427,0.1149,0.05999,0.01362,0.03461,0.03938,0.04477,0.2092,0.2108,
2.16,0.3156,0.1176,0.08931,0.06444,0.116,0.06001,0.01362,0.03462,0.0394,0.04478,0.2093,0.2109,
2.168,0.3127,0.12,0.08922,0.06441,0.1189,0.05995,0.0136,0.03459,0.03988,0.04773,0.2066,0.2051,
2.167,0.3131,0.1198,0.08928,0.06448,0.1189,0.05929,0.0136,0.03557,0.0389,0.04773,0.2066,0.2058,
2.168,0.3195,0.1194,0.08921,0.06464,0.119,0.05931,0.01414,0.03506,0.03892,0.04775,0.2067,0.2059,
2.168,0.3223,0.1186,0.08969,0.06489,0.1183,0.05938,0.01415,0.0351,0.03896,0.04781,0.207,0.2061,
2.166,0.3342,0.1203,0.08945,0.06497,0.1172,0.05515,0.01412,0.03502,0.04039,0.04871,0.2071,0.2076,
2.178,0.3378,0.1195,0.08911,0.06493,0.1171,0.05508,0.0141,0.03498,0.04209,0.05593,0.1999,0.2073,
2.177,0.3418,0.1194,0.08894,0.06495,0.117,0.05371,0.01664,0.03239,0.04205,0.05587,0.2007,0.2084,
2.177,0.3459,0.119,0.08904,0.06488,0.1168,0.05366,0.01662,0.03235,0.04201,0.05582,0.2015,0.2082,
2.176,0.3406,0.1189,0.08862,0.06518,0.1158,0.05311,0.01666,0.03242,0.04332,0.05471,0.202,0.2093,
2.176,0.3469,0.1212,0.08822,0.06512,0.1171,0.0542,0.01553,0.0324,0.0433,0.05468,0.2029,0.2055,
2.176,0.3426,0.1191,0.08754,0.06521,0.1189,0.05427,0.01554,0.03244,0.04335,0.05474,0.2031,0.2057,
2.176,0.3463,0.1187,0.0879,0.06539,0.1186,0.05363,0.01555,0.03298,0.04372,0.05389,0.2032,0.2065,
2.175,0.3506,0.1179,0.08811,0.06538,0.1185,0.0536,0.01554,0.03296,0.04369,0.05386,0.2041,0.2064,
2.174,0.3536,0.1177,0.08825,0.0639,0.1185,0.0536,0.01554,0.03296,0.04468,0.05287,0.2041,0.2079,
2.173,0.3548,0.1166,0.08818,0.06377,0.119,0.05349,0.01551,0.03289,0.04573,0.05163,0.2057,0.2074,
2.171,0.3698,0.1154,0.08826,0.06184,0.1196,0.05351,0.01552,0.03378,0.04487,0.05165,0.2058,0.2097,
2.171,0.3962,0.1149,0.08838,0.06189,0.1197,0.05354,0.01552,0.03379,0.04967,0.04689,0.2059,0.2098,
2.171,0.3819,0.1148,0.08843,0.06204,0.1193,0.05356,0.03346,0.01587,0.04969,0.04691,0.206,0.2099,
2.174,0.3833,0.1167,0.08826,0.06211,0.1202,0.05351,0.03343,0.01743,0.04807,0.04686,0.2068,0.2066,
2.173,0.3933,0.1084,0.0883,0.0623,0.1283,0.05351,0.03343,0.01743,0.04807,0.04686,0.2068,0.2066,
2.172,0.3843,0.1079,0.08757,0.06236,0.1283,0.05352,0.03344,0.01743,0.05009,0.04487,0.2079,0.2067,
2.18,0.3675,0.1074,0.08751,0.06231,0.128,0.05232,0.03337,0.0174,0.04999,0.0515,0.2028,0.2073,
2.178,0.3792,0.1065,0.0875,0.06232,0.1286,0.05161,0.03333,0.01738,0.05107,0.05032,0.2036,0.2078,
2.18,0.3829,0.1061,0.08741,0.06257,0.1283,0.05165,0.03336,0.01906,0.04944,0.05036,0.2038,0.2079,
2.178,0.3699,0.1053,0.08725,0.06274,0.1276,0.05168,0.03494,0.01751,0.04947,0.05039,0.205,0.2081,
2.174,0.3659,0.1069,0.0872,0.06283,0.1266,0.04965,0.0349,0.01748,0.05814,0.04159,0.2068,0.2079,
2.172,0.3881,0.1066,0.08695,0.06299,0.126,0.04843,0.03496,0.01751,0.05939,0.04052,0.2071,0.2096,
2.169,0.3386,0.1056,0.08676,0.06317,0.126,0.04671,0.03497,0.01752,0.05941,0.04054,0.2072,0.212,
2.166,0.3399,0.1055,0.08648,0.06354,0.126,0.04561,0.03497,0.01752,0.06212,0.03783,0.2072,0.2131,
2.163,0.339,0.1052,0.08667,0.06372,0.125,0.04413,0.03461,0.01755,0.06345,0.03667,0.2076,0.2155,
2.158,0.3487,0.1052,0.08652,0.06364,0.1247,0.04176,0.03464,0.01756,0.06348,0.03669,0.2078,0.2181,
2.159,0.3501,0.104,0.08674,0.06378,0.1242,0.04184,0.03524,0.01749,0.06319,0.03676,0.2082,0.2186,
2.182,0.3286,0.1102,0.08646,0.06363,0.1237,0.04175,0.03516,0.01745,0.06305,0.05,0.1974,0.2111,
2.183,0.3301,0.1127,0.08644,0.06362,0.1229,0.04262,0.03481,0.01692,0.06305,0.04999,0.1984,0.2085,
2.18,0.3298,0.1168,0.08665,0.06369,0.1224,0.03953,0.03413,0.01744,0.06249,0.04997,0.1993,0.2076,
2.178,0.3338,0.1167,0.08672,0.06237,0.122,0.03955,0.03415,0.01744,0.06387,0.04863,0.1994,0.2092,
2.177,0.3433,0.1163,0.08665,0.06247,0.1221,0.03847,0.03416,0.01798,0.06337,0.04865,0.1995,0.2104,
2.174,0.3483,0.1158,0.08643,0.06257,0.1222,0.03785,0.03419,0.01799,0.06808,0.04405,0.1996,0.2112,
2.174,0.3438,0.1161,0.08663,0.06254,0.1221,0.03781,0.03416,0.01868,0.06818,0.04313,0.2004,0.2102,
2.174,0.3523,0.1136,0.08669,0.06264,0.1236,0.03786,0.0342,0.0187,0.06827,0.04318,0.2007,0.2105,
2.175,0.352,0.1134,0.08665,0.06287,0.1236,0.03786,0.0342,0.0194,0.06757,0.04318,0.2007,0.2105,
2.176,0.3343,0.116,0.08665,0.06231,0.1232,0.03783,0.03417,0.01938,0.06753,0.04315,0.2016,0.2083,
2.176,0.3318,0.1159,0.08657,0.06246,0.1232,0.03783,0.03417,0.01991,0.067,0.04315,0.2016,0.2083,
2.173,0.3282,0.1151,0.08705,0.06251,0.1229,0.03566,0.0342,0.02062,0.06635,0.04318,0.2018,0.2106,
2.174,0.3251,0.1172,0.08633,0.06252,0.1229,0.03567,0.03421,0.02063,0.06637,0.0432,0.2028,0.2082,
2.173,0.3474,0.1116,0.08645,0.06277,0.1268,0.03574,0.03498,0.01996,0.06739,0.0424,0.2033,0.2086,
2.173,0.3271,0.1116,0.08661,0.06283,0.1261,0.03577,0.03501,0.0204,0.06838,0.04106,0.2035,0.2088,
2.173,0.3414,0.1107,0.08683,0.063,0.1254,0.03579,0.03504,0.02132,0.06937,0.03924,0.2036,0.2096,
2.173,0.3353,0.109,0.08684,0.06306,0.1268,0.03581,0.03506,0.02133,0.0694,0.03926,0.2037,0.2097,
2.173,0.3419,0.109,0.08671,0.0633,0.1264,0.03582,0.03507,0.02134,0.06943,0.03928,0.2038,0.2098,
2.173,0.3467,0.1076,0.08659,0.0636,0.1271,0.03585,0.0351,0.02136,0.06949,0.0393,0.204,0.21,
2.173,0.3456,0.1074,0.08649,0.06388,0.1271,0.03638,0.03457,0.02136,0.06949,0.0393,0.204,0.21,
2.171,0.343,0.1073,0.08654,0.06391,0.1271,0.03638,0.03457,0.02136,0.07169,0.03711,0.204,0.21,
2.169,0.347,0.1069,0.0865,0.06376,0.127,0.03908,0.03183,0.02134,0.07367,0.03506,0.2049,0.2099,
2.17,0.3495,0.1065,0.0868,0.06385,0.127,0.03908,0.03183,0.02244,0.07258,0.03506,0.2049,0.2099,
2.171,0.3588,0.1064,0.08687,0.064,0.1266,0.03909,0.03185,0.02245,0.07261,0.03507,0.205,0.21,
2.169,0.3495,0.1046,0.08601,0.06409,0.1278,0.03912,0.03187,0.02246,0.07267,0.0351,0.2062,0.2101,
2.15,0.361,0.1046,0.08583,0.06426,0.1278,0.06234,0.01281,0.01831,0.07267,0.0351,0.2062,0.2101,
2.148,0.3565,0.1043,0.08611,0.06442,0.1271,0.06173,0.01353,0.01761,0.0737,0.03414,0.2064,0.211,
2.149,0.3588,0.1042,0.08582,0.06479,0.1271,0.06173,0.01353,0.01761,0.0737,0.03414,0.2064,0.211,
2.147,0.3778,0.1042,0.08576,0.06504,0.1265,0.06177,0.0141,0.01706,0.07548,0.03241,0.2065,0.2112,
2.148,0.3644,0.1036,0.0859,0.06519,0.1263,0.06171,0.01409,0.01803,0.07442,0.03238,0.2074,0.211,
2.148,0.3698,0.1035,0.08568,0.06525,0.1262,0.06165,0.01407,0.01801,0.07434,0.03235,0.2082,0.2107,
2.147,0.3769,0.1029,0.08559,0.06537,0.1261,0.06161,0.01406,0.018,0.07429,0.03233,0.2091,0.2106,
2.146,0.4027,0.1024,0.08503,0.06555,0.126,0.06105,0.01465,0.01838,0.075,0.03087,0.2095,0.2116,
2.146,0.4043,0.1023,0.08449,0.06585,0.126,0.06108,0.01519,0.01786,0.07504,0.03089,0.2096,0.2117,
2.159,0.3573,0.1045,0.08441,0.06563,0.1268,0.06098,0.01516,0.01783,0.07491,0.03716,0.205,0.2077,
2.155,0.3553,0.1041,0.08451,0.06445,0.1259,0.05942,0.01516,0.01782,0.0749,0.03714,0.206,0.2106,
2.153,0.3457,0.1032,0.08461,0.06469,0.1261,0.05947,0.01517,0.01893,0.07796,0.03299,0.2062,0.2108,
2.153,0.3443,0.1023,0.08475,0.06478,0.1256,0.05957,0.01554,0.01862,0.07809,0.03303,0.2065,0.2112,
2.152,0.3482,0.0984,0.08493,0.06492,0.1292,0.05957,0.01619,0.01797,0.07809,0.03303,0.2065,0.2112,
2.152,0.3505,0.09789,0.08493,0.0651,0.1292,0.0596,0.0162,0.01798,0.07866,0.03251,0.2066,0.2113,
2.152,0.3635,0.09782,0.08433,0.0651,0.1294,0.05965,0.01621,0.018,0.07873,0.03254,0.2068,0.2115,
2.147,0.3561,0.09777,0.08419,0.06419,0.1294,0.05783,0.01621,0.018,0.07961,0.03165,0.2068,0.2144,
2.148,0.3609,0.1025,0.08407,0.0643,0.1292,0.05555,0.01619,0.01798,0.07953,0.03162,0.2076,0.2114,
2.148,0.362,0.1017,0.08403,0.06456,0.1293,0.0556,0.01621,0.01853,0.07907,0.03165,0.2078,0.2115,
2.146,0.3672,0.1008,0.0848,0.0646,0.1285,0.05492,0.0162,0.01852,0.08012,0.03058,0.2088,0.2122,
2.139,0.3759,0.1006,0.08473,0.06482,0.1285,0.05381,0.0162,0.01945,0.08527,0.02449,0.2088,0.2133,
2.139,0.3714,0.1003,0.08458,0.0651,0.1278,0.05389,0.01622,0.01948,0.08539,0.02452,0.2091,0.2136,
2.14,0.4166,0.1012,0.08478,0.06514,0.1274,0.05319,0.01621,0.02024,0.08455,0.02448,0.21,0.2129,
2.139,0.3648,0.1009,0.08503,0.06514,0.1274,0.05252,0.01621,0.02024,0.08455,0.02448,0.21,0.2135,
2.142,0.3728,0.101,0.08488,0.06541,0.1266,0.05256,0.01622,0.02256,0.08233,0.0245,0.2102,0.2137,
2.142,0.3736,0.1009,0.08479,0.06569,0.1262,0.05259,0.01623,0.02257,0.08236,0.02451,0.2103,0.2138,
2.144,0.3829,0.1037,0.08477,0.06587,0.1242,0.05081,0.01667,0.02387,0.08074,0.02454,0.2116,0.2132,
2.136,0.3773,0.1023,0.08469,0.06382,0.1252,0.04851,0.01627,0.02376,0.08081,0.02456,0.2118,0.2182,
2.137,0.3204,0.1015,0.08464,0.06387,0.1261,0.04851,0.0168,0.02412,0.07992,0.02456,0.2118,0.2182,
2.137,0.3098,0.1013,0.08482,0.06395,0.1254,0.04856,0.01682,0.02414,0.08,0.02458,0.212,0.2184,
2.146,0.3103,0.1017,0.08482,0.06421,0.1253,0.0485,0.0168,0.02465,0.0816,0.02736,0.2078,0.2173,
2.146,0.3022,0.1007,0.08514,0.06432,0.1248,0.04859,0.01683,0.02469,0.08174,0.02738,0.2082,0.2177,
2.146,0.2711,0.1055,0.08477,0.06443,0.1243,0.04651,0.0168,0.02465,0.08161,0.02734,0.2099,0.2142,
2.142,0.2793,0.1071,0.08479,0.06453,0.1238,0.04303,0.01679,0.02549,0.0807,0.02732,0.2108,0.2157,
2.138,0.2672,0.1115,0.08473,0.06302,0.1237,0.04035,0.01633,0.02647,0.07966,0.0273,0.2117,0.2152,
2.144,0.2692,0.113,0.08483,0.06303,0.1232,0.03855,0.01632,0.02645,0.07961,0.03148,0.2085,0.2151,
2.147,0.2723,0.1176,0.08469,0.06318,0.122,0.03855,0.01632,0.02645,0.07963,0.03147,0.2096,0.2105,
2.147,0.2653,0.1173,0.08454,0.06308,0.1221,0.03859,0.01707,0.02573,0.0797,0.03147,0.2098,0.2107,
2.142,0.2666,0.117,0.08436,0.06295,0.1219,0.03695,0.01792,0.0248,0.0806,0.03034,0.2114,0.2118,
2.138,0.2686,0.117,0.08445,0.06313,0.1211,0.03477,0.01793,0.02482,0.08067,0.03036,0.2116,0.2142,
2.138,0.2784,0.1169,0.08455,0.06325,0.1204,0.03532,0.01742,0.02484,0.08074,0.03039,0.2118,0.2144,
2.136,0.2709,0.1168,0.08466,0.06325,0.1204,0.03398,0.01742,0.02484,0.08074,0.03039,0.2118,0.2157,
2.136,0.2676,0.1167,0.08474,0.0634,0.12,0.034,0.01743,0.02485,0.08077,0.0304,0.2119,0.2158,
2.137,0.2713,0.1164,0.0847,0.06355,0.119,0.03406,0.01799,0.02507,0.0802,0.03045,0.2123,0.2162,
2.135,0.2819,0.1156,0.08504,0.06383,0.1188,0.03409,0.01801,0.02509,0.08188,0.02886,0.2124,0.2164,
2.135,0.2844,0.1148,0.0852,0.06417,0.1172,0.03418,0.01806,0.02516,0.08213,0.02894,0.2131,0.2171,
2.133,0.2847,0.1133,0.08559,0.06432,0.117,0.0329,0.01809,0.02574,0.08228,0.02845,0.2135,0.2188,
2.142,0.2714,0.1155,0.08572,0.0644,0.1165,0.03376,0.01718,0.02572,0.08222,0.0329,0.21,0.2161,
2.142,0.2886,0.1196,0.08555,0.06458,0.1144,0.03311,0.01772,0.02519,0.08227,0.03292,0.2122,0.2125,
2.149,0.3253,0.1178,0.08601,0.06469,0.1156,0.04192,0.008913,0.05199,0.05547,0.03292,0.2122,0.2125,
2.149,0.3193,0.1177,0.08608,0.06509,0.1145,0.04197,0.008921,0.05259,0.055,0.03296,0.2125,0.2128,
2.149,0.3247,0.1173,0.0866,0.06525,0.1133,0.04203,0.008933,0.05267,0.05508,0.033,0.2128,0.2131,
2.149,0.3344,0.1173,0.08654,0.06534,0.1133,0.04203,0.008933,0.05267,0.05508,0.033,0.2128,0.2131,
2.147,0.3364,0.1169,0.0864,0.06563,0.112,0.04094,0.008939,0.0527,0.05512,0.03303,0.214,0.2143,
2.146,0.3354,0.117,0.08641,0.06573,0.1113,0.04124,0.008667,0.05275,0.05616,0.03207,0.2142,0.2145,
2.149,0.3317,0.1161,0.08655,0.06582,0.1113,0.04122,0.008662,0.05325,0.05558,0.0338,0.2133,0.2144,
2.146,0.3315,0.1158,0.08638,0.06598,0.1111,0.0396,0.008653,0.0532,0.05552,0.03377,0.2142,0.2157,
2.157,0.3286,0.1197,0.08638,0.06594,0.1108,0.03949,0.008629,0.05305,0.05537,0.03969,0.2108,0.2101,
2.157,0.3312,0.1193,0.08651,0.06609,0.1101,0.03954,0.008636,0.05312,0.05544,0.03974,0.2111,0.2104,
2.157,0.3329,0.119,0.08657,0.06608,0.11,0.0395,0.008627,0.05306,0.05592,0.03916,0.2119,0.2102,
2.156,0.3348,0.1191,0.08659,0.06607,0.1097,0.03952,0.008631,0.05308,0.05739,0.03773,0.212,0.2103,
2.154,0.3381,0.1179,0.08646,0.06625,0.1106,0.03846,0.008631,0.05396,0.05789,0.0364,0.2121,0.2114,
2.141,0.3728,0.1178,0.08648,0.06635,0.1102,0.03848,0.008635,0.08201,0.0299,0.03642,0.2122,0.2115,
2.143,0.3669,0.1178,0.08644,0.06639,0.1102,0.03848,0.009324,0.08132,0.0299,0.03642,0.2122,0.2115,
2.143,0.367,0.1175,0.0865,0.06669,0.1102,0.03848,0.009324,0.08132,0.0299,0.03642,0.2122,0.2115,
2.148,0.352,0.1164,0.08667,0.0671,0.1105,0.03849,0.01129,0.07939,0.03341,0.03293,0.2123,0.2116,
2.147,0.3577,0.116,0.08692,0.06721,0.1105,0.03849,0.01129,0.07939,0.03872,0.02761,0.2123,0.2116,
2.146,0.3897,0.1156,0.08704,0.06722,0.1103,0.03845,0.01127,0.0793,0.03868,0.02758,0.2131,0.2114,
2.164,0.346,0.1152,0.08706,0.06735,0.1102,0.03841,0.01126,0.07922,0.03864,0.0375,0.204,0.2112,
2.164,0.3382,0.1151,0.08687,0.06754,0.1097,0.03828,0.01127,0.07931,0.03866,0.03751,0.2043,0.2114,
2.162,0.3382,0.1148,0.08661,0.06773,0.1088,0.03823,0.01126,0.08022,0.03761,0.03746,0.2061,0.2112,
2.16,0.3401,0.1134,0.08644,0.06622,0.1096,0.03821,0.01125,0.08018,0.03759,0.03744,0.207,0.2126,
2.16,0.3424,0.1134,0.08623,0.06643,0.1096,0.03821,0.01125,0.08018,0.04063,0.03439,0.207,0.2126,
2.159,0.3346,0.113,0.08627,0.06652,0.1095,0.03817,0.01124,0.08052,0.04016,0.03436,0.2078,0.2124,
2.158,0.3377,0.1124,0.08626,0.06665,0.1092,0.03799,0.01124,0.08051,0.04015,0.03434,0.2088,0.2124,
2.158,0.3377,0.1121,0.08627,0.06673,0.1089,0.03802,0.01125,0.08112,0.03964,0.03438,0.209,0.2126,
2.157,0.3624,0.1118,0.08636,0.06697,0.1089,0.03735,0.01125,0.08112,0.03964,0.03438,0.209,0.2133,
2.157,0.342,0.1117,0.08611,0.067,0.1089,0.03737,0.01179,0.08061,0.03966,0.03439,0.2091,0.2134,
2.156,0.3447,0.1111,0.0863,0.06709,0.1077,0.03672,0.01179,0.08067,0.03969,0.03441,0.2103,0.2142,
2.154,0.3473,0.1102,0.08633,0.06621,0.1078,0.03658,0.0118,0.08077,0.03973,0.03444,0.2106,0.2156,
2.154,0.3427,0.1146,0.08599,0.06632,0.1075,0.03538,0.01178,0.0806,0.03964,0.03437,0.2123,0.2115,
2.183,0.386,0.1145,0.08607,0.06654,0.1068,0.03541,0.04671,0.04573,0.03968,0.0344,0.2124,0.2117,
2.181,0.4018,0.1144,0.08619,0.06659,0.1068,0.03429,0.04671,0.04573,0.03968,0.0344,0.2124,0.2128,
2.176,0.396,0.114,0.08625,0.06661,0.1067,0.03267,0.04623,0.04612,0.04298,0.03059,0.2133,0.2146,
2.175,0.4026,0.1137,0.08613,0.06672,0.1067,0.03323,0.0457,0.04614,0.04463,0.02897,0.2134,0.2147,
2.173,0.4094,0.1131,0.08625,0.06683,0.1067,0.03384,0.04567,0.05463,0.03564,0.02898,0.2135,0.2148,
2.177,0.4148,0.114,0.08598,0.06695,0.1071,0.0338,0.04561,0.05455,0.03685,0.0297,0.2133,0.2121,
2.176,0.4113,0.1079,0.08611,0.06712,0.1123,0.03339,0.0456,0.05507,0.03624,0.0296,0.2136,0.213,
2.18,0.4058,0.1074,0.08597,0.06706,0.1115,0.03341,0.04563,0.05565,0.03573,0.0325,0.212,0.2132,
2.18,0.4017,0.1067,0.08612,0.06706,0.1112,0.03346,0.04569,0.05645,0.03503,0.03251,0.2122,0.2135,
2.18,0.397,0.1064,0.08649,0.06715,0.1109,0.03401,0.04517,0.05647,0.03504,0.03252,0.2123,0.2136,
2.18,0.399,0.1043,0.08694,0.06727,0.1121,0.03402,0.04519,0.0565,0.03506,0.03254,0.2124,0.2137,
2.18,0.3965,0.1035,0.08728,0.06734,0.1122,0.03404,0.04521,0.05652,0.03508,0.03255,0.2125,0.2138,
2.179,0.4194,0.1008,0.08717,0.06739,0.1145,0.03454,0.04462,0.05646,0.03558,0.03198,0.2134,0.2135,
2.178,0.3992,0.09905,0.08673,0.0672,0.1158,0.03424,0.04519,0.05596,0.03559,0.03199,0.2146,0.2137,
2.174,0.3936,0.09897,0.08679,0.0673,0.1154,0.03284,0.0446,0.05598,0.03561,0.032,0.2147,0.2158,
2.174,0.4034,0.09883,0.08687,0.06737,0.1154,0.03327,0.04417,0.05598,0.03615,0.03146,0.2147,0.2158,
2.174,0.3991,0.0985,0.08695,0.06739,0.1155,0.03318,0.04419,0.05673,0.03544,0.03147,0.2148,0.2159,
2.191,0.3965,0.1019,0.08675,0.06758,0.1146,0.03317,0.04418,0.05671,0.03543,0.03998,0.2073,0.2125,
2.19,0.4051,0.1017,0.08667,0.06771,0.1143,0.03297,0.04469,0.05613,0.0354,0.03995,0.2082,0.2123,
2.19,0.3699,0.09981,0.08682,0.06777,0.1159,0.03297,0.04469,0.05613,0.0354,0.03995,0.2082,0.2123,
2.19,0.3736,0.09978,0.08683,0.06787,0.1156,0.03298,0.0454,0.05547,0.03681,0.03857,0.2083,0.2124,
2.189,0.3801,0.09936,0.08683,0.06802,0.1154,0.03295,0.04536,0.05541,0.04188,0.03342,0.2091,0.2122,
2.189,0.3813,0.09882,0.08676,0.06805,0.1154,0.03346,0.04479,0.05537,0.04239,0.03286,0.2101,0.2121,
2.17,0.3801,0.09677,0.08686,0.06812,0.1172,0.0651,0.01316,0.05537,0.0441,0.03115,0.2101,0.2121,
2.163,0.3856,0.09612,0.08688,0.06814,0.1169,0.0685,0.009738,0.05536,0.04409,0.03115,0.2111,0.212,
2.18,0.3949,0.09608,0.08647,0.06825,0.117,0.06785,0.0292,0.03593,0.04411,0.03116,0.2112,0.2128,
2.176,0.408,0.09299,0.08612,0.06828,0.1201,0.06883,0.0276,0.03594,0.04467,0.03064,0.2113,0.2136,
2.175,0.4001,0.09276,0.08603,0.06728,0.12,0.06871,0.02762,0.03597,0.0447,0.03065,0.2114,0.2149,
2.176,0.3826,0.09503,0.08552,0.06725,0.119,0.06866,0.0276,0.03594,0.04466,0.03063,0.2134,0.2123,
2.176,0.3854,0.09503,0.08526,0.06751,0.119,0.06866,0.0276,0.03648,0.04412,0.03063,0.2134,0.2123,
2.176,0.415,0.09477,0.0855,0.06763,0.1184,0.06926,0.03405,0.02955,0.04416,0.03065,0.2136,0.2125,
2.175,0.408,0.09455,0.08561,0.06769,0.1175,0.06924,0.03404,0.02997,0.04372,0.03065,0.2146,0.2124,
2.175,0.4155,0.09457,0.08539,0.06808,0.1169,0.07003,0.03351,0.02965,0.04375,0.03066,0.2148,0.2126,
2.178,0.4224,0.09415,0.08562,0.06801,0.1168,0.06928,0.03401,0.02908,0.04424,0.03246,0.2133,0.2131,
2.174,0.4169,0.09397,0.0855,0.06805,0.1167,0.06651,0.03452,0.02851,0.04419,0.03242,0.2141,0.2155,
2.171,0.4306,0.09299,0.08557,0.06811,0.1172,0.06451,0.03453,0.02852,0.04421,0.03244,0.2142,0.2177,
2.18,0.4142,0.09696,0.08565,0.0681,0.1163,0.06293,0.03453,0.02851,0.04421,0.03702,0.2107,0.2151,
2.178,0.409,0.09696,0.08565,0.0681,0.1163,0.06136,0.03453,0.02905,0.04367,0.03702,0.2107,0.2167,
2.178,0.4104,0.09689,0.0854,0.06853,0.1155,0.06069,0.03457,0.02908,0.04371,0.03706,0.211,0.2177,
2.179,0.41,0.1016,0.08478,0.06898,0.115,0.05952,0.03455,0.02907,0.0453,0.03541,0.2119,0.2138,
2.179,0.4168,0.1001,0.085,0.06903,0.1163,0.05952,0.03455,0.02907,0.0453,0.03541,0.2119,0.2138,
2.18,0.4159,0.09964,0.08471,0.06923,0.1162,0.05949,0.03453,0.03863,0.0357,0.03539,0.2128,0.2137,
2.18,0.4182,0.09952,0.08447,0.06959,0.1162,0.05949,0.0351,0.03805,0.0357,0.03539,0.2128,0.2137,
2.18,0.4215,0.09929,0.0847,0.06959,0.1162,0.05949,0.03564,0.03751,0.0357,0.03539,0.2128,0.2137,
2.18,0.4185,0.09925,0.08469,0.06973,0.1159,0.05944,0.03566,0.03752,0.0357,0.0354,0.2129,0.2138,
2.179,0.4191,0.09886,0.08484,0.06969,0.1158,0.06006,0.03494,0.03748,0.03695,0.03408,0.2138,0.2136,
2.176,0.4805,0.09874,0.08483,0.06986,0.1155,0.0581,0.03495,0.0375,0.03813,0.03293,0.2139,0.2156,
2.194,0.4595,0.09983,0.08473,0.07002,0.115,0.05801,0.03494,0.03749,0.03812,0.04275,0.205,0.214,
2.193,0.4,0.09965,0.08428,0.07015,0.115,0.05738,0.03497,0.03752,0.03816,0.04279,0.2052,0.2149,
2.187,0.4004,0.1019,0.08463,0.07046,0.1142,0.05154,0.03497,0.03794,0.03825,0.04224,0.2062,0.2177,
2.183,0.4033,0.1014,0.08432,0.07056,0.1143,0.04923,0.035,0.03798,0.03828,0.04227,0.2064,0.2202,
2.182,0.4011,0.1011,0.08403,0.07065,0.1144,0.05038,0.03376,0.03801,0.04138,0.03923,0.2066,0.2204,
2.18,0.4031,0.1012,0.08388,0.07087,0.1138,0.0488,0.03379,0.03803,0.04195,0.03871,0.2068,0.2222,
2.181,0.3858,0.1027,0.08409,0.07102,0.1126,0.04882,0.0338,0.03805,0.04196,0.03872,0.2079,0.2204,
2.181,0.3861,0.1025,0.08431,0.07102,0.1126,0.04882,0.0338,0.03805,0.04336,0.03732,0.2079,0.2204,
2.181,0.3958,0.1023,0.08425,0.07126,0.1126,0.04882,0.0347,0.03714,0.04336,0.03732,0.2079,0.2204,
2.181,0.3927,0.1022,0.08441,0.07126,0.1126,0.04882,0.0347,0.03714,0.04479,0.03589,0.2079,0.2204,
2.162,0.4182,0.1022,0.08417,0.07166,0.1118,0.06982,0.01411,0.03786,0.04434,0.03538,0.2081,0.2206,
2.161,0.3985,0.09986,0.08389,0.07183,0.1134,0.07019,0.01385,0.03791,0.0444,0.03543,0.2084,0.2209,
2.16,0.3953,0.09969,0.08364,0.07177,0.1131,0.07077,0.01333,0.03797,0.04447,0.03548,0.2098,0.22,
2.16,0.388,0.09935,0.08356,0.07184,0.1132,0.0708,0.01334,0.03798,0.04449,0.03549,0.2098,0.2201,
2.166,0.3975,0.1037,0.08353,0.07202,0.1119,0.07014,0.0335,0.01827,0.04406,0.0355,0.211,0.2164,
2.164,0.3997,0.1052,0.08347,0.07204,0.1118,0.06803,0.03346,0.01825,0.04492,0.03456,0.2118,0.2164,
2.163,0.3851,0.1052,0.08334,0.07222,0.1118,0.0669,0.03346,0.01937,0.0447,0.03365,0.2118,0.2176,
2.166,0.387,0.1098,0.08331,0.07231,0.1117,0.06683,0.03343,0.01935,0.04466,0.03362,0.2126,0.2124,
2.163,0.3872,0.1097,0.08289,0.07234,0.1116,0.06475,0.03341,0.01934,0.04517,0.03306,0.2136,0.2143,
2.163,0.365,0.1094,0.08288,0.0724,0.1115,0.06478,0.03342,0.01935,0.04519,0.03307,0.2137,0.2144,
2.16,0.3535,0.1091,0.08298,0.07244,0.1112,0.06343,0.03313,0.01936,0.04613,0.03219,0.2139,0.2161,
2.16,0.3697,0.1089,0.08313,0.07255,0.1112,0.06343,0.03313,0.01936,0.04613,0.03219,0.2139,0.2161,
2.161,0.3557,0.1087,0.08333,0.07261,0.1109,0.06345,0.03315,0.01991,0.0456,0.0322,0.2139,0.2162,
2.16,0.3601,0.1066,0.08328,0.07266,0.113,0.06277,0.03315,0.01991,0.0456,0.0322,0.2139,0.2169,
2.157,0.3585,0.1064,0.08347,0.07281,0.1126,0.0606,0.03316,0.01992,0.04617,0.03167,0.214,0.2192,
2.155,0.3712,0.1062,0.08277,0.07171,0.1121,0.06062,0.03362,0.01993,0.04577,0.0317,0.2142,0.2213,
2.151,0.3816,0.1056,0.08298,0.07206,0.1114,0.06062,0.03253,0.01996,0.04891,0.0282,0.2145,0.2232,
2.147,0.3853,0.1088,0.0827,0.07096,0.1109,0.059,0.03252,0.01995,0.05225,0.02486,0.2156,0.2225,
2.155,0.3826,0.1166,0.08243,0.07105,0.1102,0.05732,0.03284,0.01934,0.05218,0.02833,0.2139,0.2158,
2.156,0.3813,0.1165,0.08236,0.07123,0.1102,0.05732,0.03284,0.01988,0.05164,0.02833,0.2139,0.2158,
2.156,0.3958,0.1136,0.08273,0.0713,0.1126,0.05786,0.03229,0.01988,0.05164,0.02833,0.2139,0.2158,
2.155,0.3935,0.1132,0.0829,0.07127,0.1125,0.0578,0.03226,0.02041,0.0524,0.02694,0.2148,0.2156,
2.161,0.3917,0.113,0.0829,0.07123,0.1121,0.05769,0.03258,0.04101,0.03138,0.02691,0.2157,0.2154,
2.168,0.4007,0.1114,0.083,0.07124,0.1129,0.05765,0.03256,0.04098,0.03137,0.03095,0.2126,0.2153,
2.166,0.4025,0.1108,0.08289,0.07067,0.113,0.05661,0.03231,0.04101,0.03227,0.03006,0.2128,0.2175,
2.168,0.3795,0.1151,0.08298,0.07069,0.1128,0.05651,0.03225,0.04095,0.03222,0.03001,0.2146,0.2119,
2.168,0.3804,0.1143,0.083,0.07078,0.1128,0.05655,0.03229,0.04099,0.03224,0.03005,0.2149,0.2122,
2.162,0.3898,0.1142,0.08276,0.06909,0.1128,0.05425,0.03212,0.04172,0.03151,0.03005,0.2149,0.2166,
2.163,0.3939,0.1171,0.08264,0.06916,0.1127,0.0542,0.03209,0.04167,0.03148,0.03002,0.2157,0.2132,
2.177,0.3953,0.1169,0.08264,0.06911,0.1126,0.05414,0.03205,0.04163,0.03298,0.03615,0.2089,0.213,
2.175,0.3966,0.1128,0.08238,0.06873,0.1159,0.0541,0.03203,0.04275,0.03649,0.03145,0.2098,0.2136,
2.175,0.3996,0.1128,0.08218,0.06884,0.1151,0.05418,0.03208,0.04335,0.036,0.03149,0.2101,0.2139,
2.174,0.3965,0.1126,0.08213,0.06876,0.1144,0.05411,0.03208,0.04335,0.036,0.03149,0.2112,0.2139,
2.174,0.4017,0.1116,0.08221,0.06887,0.1149,0.05338,0.03299,0.04248,0.03601,0.03151,0.2113,0.2147,
2.173,0.4096,0.1114,0.08242,0.06887,0.1149,0.05338,0.03299,0.0432,0.03618,0.03062,0.2113,0.2147,
2.155,0.4008,0.1109,0.08195,0.06875,0.1144,0.07025,0.01575,0.04302,0.03603,0.03049,0.2146,0.2138,
2.154,0.3601,0.109,0.08191,0.0689,0.1157,0.06962,0.01577,0.04306,0.03606,0.03052,0.2148,0.2147,
2.151,0.3649,0.1088,0.08204,0.06891,0.1155,0.06691,0.01577,0.04351,0.03564,0.03053,0.2149,0.2175,
2.15,0.4022,0.1087,0.08207,0.06921,0.1146,0.06745,0.01525,0.04357,0.03659,0.02967,0.2152,0.2178,
2.164,0.3519,0.1078,0.08198,0.06822,0.1159,0.06725,0.01478,0.04357,0.03659,0.03903,0.207,0.2179,
2.162,0.3492,0.1039,0.08207,0.06844,0.1183,0.06623,0.01481,0.04365,0.03665,0.03909,0.2074,0.2195,
2.162,0.3541,0.1037,0.08205,0.06881,0.1175,0.06629,0.01483,0.04369,0.03723,0.03859,0.2076,0.2197,
2.16,0.3521,0.1037,0.08185,0.06888,0.1168,0.06478,0.01484,0.04375,0.03726,0.03862,0.2079,0.2216,
2.158,0.3364,0.1038,0.08189,0.06906,0.1157,0.06307,0.01486,0.0438,0.0373,0.03866,0.2082,0.2237,
2.158,0.3414,0.1037,0.08182,0.06927,0.1153,0.0631,0.01486,0.04468,0.03646,0.03867,0.2083,0.2238,
2.158,0.3468,0.1033,0.08188,0.06946,0.1152,0.06311,0.01487,0.0447,0.03808,0.03709,0.2084,0.2239,
2.158,0.3231,0.1021,0.0821,0.06954,0.1153,0.06317,0.01488,0.04475,0.03811,0.03713,0.2087,0.2242,
2.158,0.3276,0.1019,0.08195,0.06958,0.1154,0.06316,0.01533,0.04433,0.03977,0.03551,0.2088,0.2243,
2.158,0.3341,0.1064,0.08193,0.06954,0.1151,0.06132,0.0153,0.04468,0.03925,0.03543,0.2104,0.2206,
2.16,0.3349,0.1094,0.08198,0.06947,0.115,0.06126,0.01528,0.04463,0.03921,0.03539,0.2112,0.2171,
2.161,0.33,0.1104,0.0819,0.06959,0.1142,0.06124,0.01562,0.04427,0.04064,0.03393,0.2123,0.2159,
2.159,0.3356,0.1126,0.08196,0.06899,0.1134,0.06009,0.01561,0.04425,0.04061,0.0339,0.2133,0.2152,
2.159,0.3276,0.1127,0.08196,0.06911,0.1127,0.06014,0.01563,0.04428,0.04065,0.03393,0.2135,0.2154,
2.158,0.3296,0.1125,0.08205,0.06921,0.1122,0.05949,0.01564,0.04432,0.04067,0.03395,0.2137,0.2163,
2.158,0.3331,0.1121,0.08213,0.06926,0.1121,0.05942,0.01562,0.04427,0.04063,0.03392,0.2145,0.2161,
2.158,0.3311,0.1118,0.08193,0.06971,0.1121,0.05942,0.01562,0.04427,0.04063,0.03392,0.2145,0.2161,
2.154,0.3692,0.1117,0.0819,0.06981,0.1121,0.05658,0.01562,0.04427,0.04118,0.03337,0.2145,0.2189,
2.154,0.363,0.1111,0.08269,0.06986,0.1113,0.05663,0.01563,0.04475,0.04078,0.0334,0.2147,0.2191,
2.154,0.3559,0.1124,0.08277,0.06992,0.1108,0.05662,0.01563,0.04474,0.04313,0.03103,0.2158,0.2171,
2.155,0.3584,0.1142,0.08288,0.06989,0.1107,0.05656,0.01561,0.04469,0.04363,0.03045,0.2166,0.2148,
2.158,0.3606,0.1129,0.08246,0.07018,0.1097,0.05726,0.0149,0.04471,0.0442,0.03319,0.2156,0.2149,
2.163,0.3603,0.1125,0.0823,0.07027,0.1085,0.05719,0.01488,0.04467,0.04505,0.03563,0.2142,0.2147,
2.162,0.3579,0.1124,0.08194,0.07052,0.1084,0.05713,0.01487,0.04462,0.04555,0.03504,0.2151,0.2145,
2.163,0.3585,0.1125,0.082,0.07074,0.1068,0.05723,0.0158,0.04434,0.04509,0.03511,0.2155,0.2149,
2.163,0.3685,0.1074,0.08274,0.07082,0.1111,0.05723,0.0158,0.04507,0.04536,0.0341,0.2155,0.2149,
2.163,0.3684,0.1075,0.08272,0.07089,0.1107,0.05726,0.01581,0.04509,0.04538,0.03412,0.2156,0.215,
2.163,0.3709,0.107,0.08318,0.071,0.1103,0.05728,0.01581,0.04511,0.0454,0.03413,0.2157,0.2151,
2.163,0.377,0.1069,0.08305,0.07129,0.1103,0.05728,0.01581,0.04511,0.04652,0.03301,0.2157,0.2151,
2.155,0.3801,0.1067,0.08303,0.07122,0.1102,0.05461,0.01545,0.04497,0.05099,0.02821,0.2165,0.2181,
2.155,0.3814,0.1066,0.08302,0.07131,0.1102,0.05496,0.0151,0.04541,0.05056,0.02821,0.2165,0.2181,
2.155,0.3813,0.1065,0.08297,0.07141,0.1102,0.05496,0.0151,0.04584,0.05012,0.02821,0.2165,0.2181,
2.179,0.3725,0.1096,0.08299,0.07143,0.1097,0.05492,0.01509,0.04581,0.05009,0.04063,0.205,0.2147,
2.178,0.3714,0.1075,0.08283,0.07141,0.1108,0.05475,0.01539,0.04605,0.04921,0.04051,0.2075,0.2141,
2.177,0.3691,0.1071,0.08286,0.07141,0.1106,0.0547,0.01538,0.04602,0.04918,0.04048,0.2084,0.2139,
2.175,0.3699,0.1067,0.08277,0.07156,0.1105,0.05431,0.01502,0.04597,0.04913,0.04044,0.2092,0.2144,
2.174,0.3745,0.1063,0.08296,0.07156,0.11,0.05428,0.01501,0.04595,0.0516,0.03792,0.2101,0.2143,
2.174,0.4135,0.1059,0.08291,0.07175,0.1097,0.05433,0.01502,0.04599,0.05164,0.03795,0.2103,0.2145,
2.174,0.3673,0.1057,0.08281,0.07199,0.1097,0.05433,0.01502,0.04599,0.05164,0.03795,0.2103,0.2145,
2.173,0.3626,0.1017,0.08284,0.07201,0.1134,0.05427,0.01501,0.04594,0.05159,0.03791,0.2111,0.2142,
2.175,0.3707,0.09856,0.0829,0.07203,0.1157,0.05424,0.04274,0.01817,0.05156,0.03789,0.2121,0.2141,
2.175,0.3785,0.09574,0.08318,0.07213,0.1182,0.05489,0.04266,0.01813,0.05102,0.03789,0.2121,0.2141,
2.174,0.3821,0.09528,0.08341,0.0721,0.1175,0.05486,0.04265,0.01812,0.05198,0.03688,0.2131,0.2141,
2.173,0.3876,0.09477,0.08326,0.07222,0.1171,0.05485,0.04265,0.01812,0.05197,0.03688,0.2141,0.214,
2.171,0.3851,0.09411,0.0835,0.07224,0.1169,0.0548,0.04262,0.01811,0.05463,0.03416,0.2151,0.2139,
2.168,0.3865,0.09411,0.08344,0.0723,0.1169,0.05277,0.04262,0.01811,0.05463,0.03416,0.2151,0.2159,
2.169,0.3882,0.09411,0.08331,0.07243,0.1169,0.05277,0.04262,0.0189,0.05384,0.03416,0.2151,0.2159,
2.169,0.3853,0.09404,0.08318,0.07261,0.1166,0.05333,0.04244,0.01856,0.05476,0.03328,0.2152,0.216,
2.168,0.3827,0.09199,0.08329,0.07279,0.1178,0.05338,0.04248,0.01858,0.05481,0.0333,0.2154,0.2162,
2.168,0.3857,0.09199,0.08335,0.07307,0.1166,0.05399,0.042,0.0186,0.05489,0.03335,0.2156,0.2165,
2.163,0.3883,0.09195,0.08331,0.07324,0.1163,0.05043,0.04201,0.01861,0.05491,0.03336,0.2157,0.2201,
2.177,0.3854,0.09617,0.08313,0.07317,0.1156,0.0509,0.04141,0.01931,0.05496,0.03877,0.2113,0.2153,
2.176,0.3747,0.09601,0.08329,0.07317,0.1156,0.0509,0.04141,0.01931,0.05659,0.03715,0.2113,0.2153,
2.174,0.368,0.0949,0.08328,0.07317,0.116,0.05087,0.04208,0.0186,0.05872,0.03496,0.2122,0.2152,
2.173,0.3692,0.09495,0.08335,0.07344,0.1147,0.05018,0.04214,0.01862,0.05881,0.03501,0.2126,0.2162,
2.149,0.3682,0.09778,0.0833,0.07342,0.1145,0.079,0.01323,0.01904,0.05831,0.03497,0.2134,0.213,
2.149,0.3336,0.09763,0.08331,0.07365,0.1136,0.07749,0.01325,0.01986,0.05758,0.03502,0.2137,0.2148,
2.148,0.3346,0.09751,0.08321,0.07378,0.1128,0.07748,0.01324,0.01986,0.05757,0.03501,0.2148,0.2148,
2.147,0.3313,0.09709,0.08334,0.07381,0.1126,0.07768,0.01295,0.02056,0.05796,0.0338,0.2156,0.2146,
2.146,0.345,0.09716,0.08314,0.07412,0.1119,0.07775,0.01296,0.02058,0.0593,0.03254,0.2158,0.2148,
2.149,0.3467,0.09683,0.0829,0.07414,0.1116,0.07577,0.01351,0.01996,0.05917,0.03571,0.2142,0.2161,
2.152,0.338,0.1008,0.08232,0.07424,0.1116,0.07573,0.01408,0.01937,0.05914,0.03569,0.2152,0.2119,
2.152,0.346,0.1008,0.08241,0.07426,0.1107,0.07575,0.01444,0.01904,0.05921,0.03573,0.2155,0.2122,
2.152,0.3412,0.09963,0.08256,0.07443,0.1113,0.07577,0.01445,0.01905,0.05923,0.03575,0.2156,0.2123,
2.152,0.3396,0.09947,0.08263,0.07453,0.111,0.07581,0.01445,0.01906,0.05925,0.03576,0.2157,0.2124,
2.175,0.3466,0.09919,0.08245,0.07446,0.1107,0.07497,0.01442,0.01902,0.05913,0.05138,0.2016,0.2126,
2.174,0.3285,0.09861,0.0819,0.07463,0.1102,0.075,0.01443,0.01903,0.05917,0.05141,0.2028,0.2128,
2.172,0.3223,0.09745,0.08225,0.0749,0.1102,0.07394,0.01444,0.01905,0.05922,0.05146,0.203,0.2141,
2.171,0.3287,0.09718,0.08215,0.07486,0.1097,0.07307,0.01442,0.01901,0.05912,0.05138,0.2047,0.2145,
2.167,0.3365,0.09702,0.0818,0.07496,0.1091,0.07295,0.01439,0.01898,0.06656,0.04376,0.2064,0.2141,
2.167,0.3385,0.09668,0.08187,0.07523,0.1091,0.07295,0.01493,0.01844,0.06656,0.04376,0.2064,0.2141,
2.154,0.3387,0.09616,0.08205,0.07531,0.1089,0.07873,0.008392,0.01842,0.0665,0.04371,0.2072,0.2146,
2.153,0.3508,0.09515,0.08179,0.07553,0.1093,0.07868,0.008387,0.01841,0.06646,0.04369,0.2081,0.2145,
2.152,0.3409,0.09519,0.08165,0.07574,0.1089,0.07804,0.008391,0.01842,0.06649,0.04371,0.2082,0.2152,
2.151,0.3408,0.09478,0.08203,0.07477,0.1085,0.07808,0.008395,0.01843,0.06751,0.04274,0.2083,0.2165,
2.153,0.34,0.09772,0.08195,0.07483,0.1081,0.07795,0.008924,0.01788,0.06746,0.04271,0.2092,0.2132,
2.157,0.3722,0.0975,0.08205,0.07495,0.1081,0.07838,0.008492,0.0649,0.02221,0.04093,0.2092,0.2132,
2.155,0.367,0.09598,0.08184,0.07514,0.1094,0.07842,0.008496,0.06682,0.02088,0.04041,0.2093,0.2133,
2.152,0.3643,0.09531,0.08158,0.07521,0.1092,0.07829,0.008482,0.06743,0.02012,0.04035,0.2111,0.213,
2.152,0.372,0.09504,0.0818,0.07544,0.1085,0.07828,0.008484,0.06748,0.02014,0.04038,0.2113,0.2132,
2.153,0.3701,0.09484,0.08171,0.07548,0.1084,0.0782,0.008475,0.06741,0.02191,0.03854,0.2121,0.213,
2.153,0.3712,0.09434,0.08185,0.07561,0.108,0.07815,0.00847,0.06737,0.02244,0.03798,0.213,0.2128,
2.154,0.3823,0.09398,0.0815,0.07592,0.1077,0.07808,0.009671,0.06612,0.02243,0.03796,0.214,0.2127,
2.163,0.3705,0.09334,0.08161,0.076,0.1069,0.07855,0.00921,0.06614,0.02368,0.04247,0.2093,0.2127,
2.163,0.3633,0.09258,0.08166,0.07619,0.1073,0.07851,0.009209,0.06617,0.02368,0.04249,0.2094,0.2128,
2.166,0.3716,0.08842,0.08171,0.0763,0.111,0.07853,0.01119,0.06421,0.02368,0.04251,0.2095,0.2129,
2.166,0.3678,0.08819,0.08176,0.07622,0.1109,0.07845,0.01171,0.06361,0.0242,0.04192,0.2103,0.2127,
2.166,0.3706,0.08774,0.08213,0.07631,0.1109,0.07778,0.01171,0.06361,0.0242,0.04192,0.2103,0.2134,
2.164,0.3727,0.08707,0.08209,0.07635,0.1109,0.07778,0.01171,0.06415,0.02366,0.04192,0.2103,0.2141,
2.163,0.3091,0.08707,0.08205,0.07639,0.1109,0.07666,0.01171,0.06484,0.02297,0.04192,0.2103,0.2152,
2.164,0.3082,0.08953,0.08206,0.07655,0.1101,0.07664,0.01169,0.06482,0.02296,0.04192,0.2113,0.2124,
2.164,0.2975,0.08955,0.08186,0.07682,0.1097,0.07666,0.01169,0.06485,0.02296,0.04193,0.2114,0.2125,
2.164,0.2986,0.08944,0.08201,0.07689,0.1093,0.07669,0.01169,0.06487,0.02296,0.04195,0.2115,0.2126,
2.162,0.3062,0.08939,0.08202,0.077,0.109,0.07673,0.0117,0.06652,0.02136,0.04197,0.2116,0.2127,
2.161,0.314,0.08914,0.08176,0.07635,0.1084,0.0766,0.01168,0.06641,0.02249,0.04073,0.2134,0.213,
2.168,0.2992,0.08883,0.08151,0.07665,0.1083,0.07652,0.01167,0.06634,0.02246,0.04567,0.2093,0.2128,
2.167,0.3514,0.08807,0.0818,0.07673,0.1075,0.07586,0.01166,0.06635,0.02245,0.04567,0.2104,0.2135,
2.167,0.3071,0.0881,0.08182,0.0766,0.1073,0.07589,0.01166,0.06638,0.02246,0.04569,0.2105,0.2136,
2.165,0.3149,0.08435,0.08181,0.07666,0.1107,0.07285,0.01113,0.06641,0.03003,0.03816,0.2106,0.2173,
2.166,0.3321,0.08604,0.0818,0.07656,0.1118,0.0727,0.01111,0.06627,0.02997,0.03808,0.2122,0.2134,
2.165,0.3243,0.08594,0.08155,0.07664,0.1117,0.07195,0.0111,0.0662,0.03093,0.03705,0.2131,0.2139,
2.161,0.3271,0.08582,0.08169,0.07672,0.1114,0.06916,0.0111,0.06622,0.03093,0.03652,0.2131,0.2173,
2.173,0.3267,0.09217,0.08142,0.0767,0.1111,0.06789,0.01161,0.06555,0.03086,0.04103,0.2102,0.2114,
2.173,0.3212,0.09221,0.08129,0.0769,0.1107,0.06792,0.01161,0.06557,0.03087,0.04104,0.2103,0.2115,
2.172,0.3218,0.09224,0.08117,0.07693,0.1105,0.06795,0.01161,0.06603,0.03046,0.04106,0.2104,0.2116,
2.171,0.3222,0.09202,0.08087,0.07718,0.1104,0.06834,0.01114,0.06596,0.03163,0.03981,0.2112,0.2114,
2.172,0.3284,0.09173,0.08108,0.07727,0.1104,0.06834,0.01114,0.06596,0.03409,0.03736,0.2112,0.2114,
2.179,0.3313,0.08762,0.08098,0.0773,0.1133,0.06825,0.01112,0.06587,0.03404,0.04289,0.2075,0.2111,
2.178,0.3313,0.08755,0.08085,0.07734,0.1128,0.0682,0.01111,0.06583,0.03401,0.04286,0.2084,0.211,
2.177,0.3327,0.0874,0.08077,0.07731,0.1127,0.06813,0.0111,0.06576,0.03397,0.04281,0.2093,0.2108,
2.173,0.3181,0.08695,0.08068,0.07756,0.1135,0.06517,0.01067,0.06571,0.03555,0.04118,0.2112,0.2118,
2.171,0.3148,0.08693,0.08059,0.07782,0.1128,0.06321,0.01067,0.06577,0.03557,0.04121,0.2114,0.214,
2.172,0.3125,0.087,0.08055,0.07798,0.1118,0.06329,0.01156,0.06498,0.03855,0.03833,0.2117,0.2143,
2.171,0.3183,0.08639,0.08058,0.07812,0.1117,0.0639,0.01103,0.06503,0.04102,0.03593,0.2119,0.2145,
2.171,0.3221,0.08602,0.08105,0.07823,0.1109,0.06395,0.01103,0.06509,0.04105,0.03596,0.2121,0.2147,
2.168,0.3197,0.08592,0.08109,0.07842,0.1102,0.06142,0.01104,0.06514,0.04198,0.0351,0.2122,0.2174,
2.165,0.3261,0.0829,0.08112,0.07643,0.1129,0.06142,0.01104,0.06514,0.04198,0.0351,0.2122,0.2197,
2.184,0.303,0.0898,0.0812,0.07655,0.1119,0.05956,0.01102,0.06506,0.04193,0.04484,0.2043,0.2138,
2.184,0.3066,0.08975,0.08128,0.07673,0.1111,0.05961,0.01103,0.06512,0.04196,0.04488,0.2045,0.214,
2.184,0.2991,0.08979,0.08127,0.07681,0.1108,0.05852,0.0116,0.06457,0.04252,0.04436,0.2046,0.2152,
2.183,0.2998,0.08986,0.08109,0.07707,0.1101,0.05855,0.01161,0.06505,0.04211,0.04439,0.2048,0.2154,
