entropy,entropyInd,RabA,RabB,RabC,RabD,RabE,RabF,RabG,RabH,RabI,xER,xPM,
2.178,0.3355,0.106,0.0907,0.0685,0.1252,0.05449,0.03938,0.03062,0.03407,0.03502,0.2066,0.2094,
2.177,0.3339,0.1074,0.09065,0.06845,0.1247,0.05395,0.03923,0.03044,0.03404,0.035,0.2076,0.2086,
2.175,0.3408,0.1073,0.09055,0.06838,0.1246,0.05324,0.03918,0.03041,0.03401,0.03496,0.2084,0.2091,
2.185,0.3332,0.1068,0.08967,0.06831,0.1241,0.05321,0.03917,0.03039,0.03399,0.0418,0.2035,0.209,
2.183,0.3293,0.1067,0.08951,0.06827,0.1241,0.052,0.03888,0.03041,0.03401,0.04182,0.2036,0.2106,
2.183,0.3276,0.1067,0.08951,0.06827,0.1241,0.052,0.03888,0.03041,0.03401,0.04182,0.2036,0.2106,
2.181,0.329,0.1089,0.0894,0.06636,0.1231,0.05194,0.03883,0.03036,0.03396,0.04176,0.2054,0.2099,
2.181,0.3088,0.109,0.08944,0.06638,0.1228,0.05196,0.03884,0.03037,0.03397,0.04177,0.2055,0.21,
2.183,0.3277,0.1128,0.08905,0.06624,0.1225,0.05185,0.03876,0.03031,0.0339,0.04168,0.2072,0.2057,
2.177,0.3225,0.1127,0.08902,0.0662,0.1218,0.04868,0.03862,0.0303,0.03389,0.04167,0.2082,0.209,
2.188,0.3128,0.1144,0.08857,0.06459,0.1217,0.04865,0.0386,0.03028,0.03387,0.04982,0.2009,0.2086,
2.185,0.3141,0.1143,0.08852,0.06277,0.1212,0.04863,0.03858,0.03026,0.03385,0.04979,0.2018,0.2103,
2.186,0.3263,0.1186,0.08843,0.0627,0.1211,0.04816,0.03843,0.0301,0.03382,0.04974,0.2026,0.2064,
2.183,0.3237,0.1182,0.08849,0.06274,0.1206,0.04625,0.03848,0.03013,0.03385,0.04979,0.2029,0.2086,
2.178,0.3054,0.1182,0.08853,0.06131,0.1202,0.04387,0.03849,0.03015,0.03387,0.04981,0.203,0.2126,
2.177,0.3052,0.1199,0.08848,0.06062,0.1197,0.04383,0.03847,0.03013,0.03384,0.04978,0.2039,0.2114,
2.178,0.3215,0.12,0.08851,0.06064,0.1194,0.04385,0.03848,0.03014,0.03386,0.0498,0.2039,0.2115,
2.176,0.3156,0.1226,0.08833,0.05935,0.1191,0.04376,0.03841,0.03008,0.03379,0.04969,0.2056,0.2093,
2.176,0.3088,0.1223,0.08836,0.0594,0.1188,0.0438,0.03844,0.0301,0.03382,0.04974,0.2057,0.2095,
2.176,0.3104,0.1231,0.08827,0.05934,0.1187,0.04375,0.0384,0.03007,0.03378,0.04969,0.2066,0.2083,
2.176,0.3057,0.1234,0.08801,0.05936,0.1171,0.04385,0.0385,0.03015,0.03385,0.04981,0.2071,0.2089,
2.176,0.3072,0.1234,0.08801,0.05936,0.1171,0.04385,0.0385,0.03015,0.03385,0.04981,0.2071,0.2089,
2.179,0.3039,0.1266,0.08769,0.05921,0.1168,0.04374,0.03839,0.03007,0.03376,0.05169,0.2076,0.2044,
2.176,0.3057,0.1253,0.08773,0.05923,0.1164,0.04223,0.03841,0.03008,0.03378,0.05171,0.2077,0.2074,
2.176,0.303,0.1236,0.08771,0.05928,0.1165,0.04227,0.03844,0.03011,0.0338,0.05176,0.2079,0.2086,
2.175,0.3225,0.1222,0.08779,0.05935,0.116,0.04232,0.03849,0.03014,0.03384,0.05182,0.2082,0.2099,
2.175,0.2798,0.1223,0.08788,0.05938,0.1149,0.04236,0.03853,0.03018,0.03386,0.05187,0.2085,0.2102,
2.174,0.278,0.1213,0.08799,0.05947,0.1135,0.04243,0.0386,0.03022,0.03392,0.05196,0.2088,0.2117,
2.174,0.2651,0.1216,0.08818,0.05959,0.1117,0.04251,0.03867,0.03027,0.03399,0.05205,0.2093,0.2122,
2.174,0.2609,0.1217,0.08826,0.05964,0.1109,0.04254,0.0387,0.0303,0.03402,0.05209,0.2095,0.2124,
2.182,0.2636,0.1244,0.08817,0.05958,0.1108,0.0425,0.03866,0.03027,0.03398,0.05754,0.2048,0.2093,
2.184,0.2723,0.1243,0.08783,0.05977,0.1107,0.04246,0.0395,0.02936,0.03893,0.0525,0.2056,0.2091,
2.184,0.2783,0.1228,0.08768,0.06004,0.1117,0.04247,0.03986,0.02903,0.04155,0.04992,0.2057,0.2092,
2.184,0.2834,0.1226,0.0873,0.06011,0.1116,0.04245,0.03983,0.02954,0.04196,0.04893,0.2066,0.2091,
2.184,0.2863,0.1222,0.08711,0.0602,0.1112,0.04243,0.03982,0.02953,0.04195,0.04891,0.2076,0.209,
2.184,0.2875,0.1215,0.08693,0.06017,0.111,0.04236,0.03976,0.02949,0.04346,0.04855,0.208,0.2087,
2.17,0.3247,0.1214,0.08693,0.06041,0.1107,0.04237,0.05726,0.01277,0.04428,0.04698,0.2081,0.2088,
2.17,0.3093,0.1208,0.08713,0.06055,0.1104,0.04241,0.05731,0.01278,0.04529,0.04605,0.2083,0.209,
2.169,0.3217,0.1206,0.08721,0.05968,0.11,0.04242,0.05733,0.01321,0.04917,0.04179,0.2084,0.2102,
2.17,0.3033,0.1222,0.08701,0.05984,0.1099,0.04238,0.05727,0.01319,0.04912,0.04175,0.2092,0.2081,
2.176,0.2984,0.122,0.0866,0.05994,0.1097,0.04229,0.05715,0.01316,0.04954,0.04559,0.2064,0.2077,
2.175,0.3074,0.1216,0.08638,0.06032,0.1095,0.04225,0.0571,0.01315,0.04949,0.04554,0.2072,0.2074,
2.174,0.3068,0.1205,0.08661,0.06062,0.1091,0.04158,0.05708,0.01314,0.05097,0.04404,0.2082,0.2081,
2.174,0.312,0.1202,0.08657,0.06098,0.1091,0.04158,0.05708,0.01314,0.05263,0.04238,0.2082,0.2081,
2.173,0.3195,0.1198,0.08697,0.06116,0.1084,0.0416,0.05712,0.01314,0.05433,0.04074,0.2084,0.2082,
2.174,0.3214,0.1197,0.08701,0.06127,0.1084,0.0416,0.05712,0.01356,0.05391,0.04074,0.2084,0.2082,
2.178,0.3484,0.1195,0.08676,0.06145,0.1083,0.06755,0.03107,0.01355,0.05864,0.043,0.2022,0.208,
2.177,0.3093,0.1176,0.08672,0.06155,0.1101,0.06645,0.03107,0.01407,0.05812,0.043,0.2022,0.2091,
2.177,0.3617,0.1175,0.08684,0.06057,0.1097,0.06648,0.03109,0.01461,0.05762,0.04302,0.2022,0.2103,
2.175,0.3671,0.1171,0.0868,0.0608,0.1094,0.06544,0.03177,0.01395,0.05767,0.04304,0.2024,0.2116,
2.177,0.3656,0.1205,0.08665,0.06089,0.1093,0.06538,0.03173,0.01394,0.05761,0.043,0.2032,0.2078,
2.176,0.3702,0.1204,0.0865,0.06107,0.1093,0.0659,0.03121,0.01394,0.05813,0.04248,0.2032,0.2078,
2.175,0.3716,0.1186,0.0866,0.06124,0.1102,0.06519,0.03119,0.01393,0.0581,0.04244,0.2041,0.2084,
2.175,0.361,0.1184,0.08639,0.06135,0.1101,0.06513,0.03116,0.01391,0.05804,0.0424,0.2049,0.2081,
2.173,0.3639,0.1201,0.08629,0.06027,0.1097,0.06511,0.03115,0.01391,0.05908,0.04134,0.2059,0.2071,
2.173,0.3309,0.1199,0.0861,0.06037,0.1098,0.06514,0.03116,0.01391,0.0591,0.04135,0.206,0.2072,
2.173,0.3116,0.1199,0.08598,0.06055,0.1094,0.06516,0.03117,0.01391,0.05913,0.04136,0.2061,0.2073,
2.173,0.3072,0.1192,0.08616,0.06052,0.1093,0.06513,0.03115,0.0139,0.05909,0.04134,0.207,0.2071,
2.172,0.3078,0.119,0.08602,0.06054,0.1085,0.06514,0.03116,0.01391,0.05911,0.04135,0.2081,0.2072,
2.18,0.3114,0.1188,0.08592,0.06067,0.108,0.06357,0.03113,0.01389,0.05907,0.04817,0.2022,0.2086,
2.18,0.329,0.1186,0.08594,0.06072,0.1078,0.0636,0.03167,0.01337,0.0591,0.0482,0.2023,0.2087,
2.18,0.2975,0.1167,0.08596,0.06079,0.1094,0.06361,0.03168,0.01338,0.05999,0.04734,0.2023,0.2088,
2.178,0.3024,0.115,0.08608,0.05929,0.1102,0.06366,0.03171,0.01338,0.06005,0.04737,0.2025,0.2108,
2.177,0.3035,0.1154,0.08605,0.05935,0.1102,0.06297,0.03169,0.01337,0.06001,0.04734,0.2034,0.2102,
2.178,0.3086,0.1153,0.08607,0.05942,0.1102,0.06297,0.03169,0.01419,0.05919,0.04734,0.2034,0.2102,
2.178,0.3015,0.1151,0.08624,0.05951,0.1102,0.06367,0.03099,0.01419,0.05919,0.04734,0.2034,0.2102,
2.18,0.3003,0.12,0.08615,0.05962,0.1097,0.06363,0.03097,0.01419,0.05916,0.04731,0.2043,0.205,
2.18,0.3021,0.1196,0.08611,0.05978,0.1094,0.06368,0.03099,0.01419,0.06024,0.04631,0.2045,0.2052,
2.178,0.3072,0.1151,0.08618,0.05982,0.1119,0.06353,0.03046,0.01419,0.06022,0.0463,0.2065,0.2058,
2.177,0.3058,0.1133,0.08614,0.05999,0.1129,0.06402,0.02992,0.01418,0.06071,0.04575,0.2074,0.2057,
2.176,0.3209,0.1128,0.08673,0.05999,0.1129,0.06402,0.02992,0.01418,0.06436,0.04209,0.2074,0.2057,
2.176,0.3242,0.1125,0.08691,0.06009,0.1126,0.06404,0.03045,0.01408,0.06397,0.04211,0.2075,0.2058,
2.192,0.3561,0.1123,0.08698,0.06018,0.1117,0.06401,0.03096,0.04704,0.0315,0.04104,0.2085,0.2057,
2.167,0.3565,0.1123,0.08688,0.06028,0.1117,0.08384,0.01167,0.04652,0.0315,0.04104,0.2085,0.2057,
2.167,0.3486,0.1114,0.08681,0.0604,0.1126,0.08384,0.01167,0.04652,0.03202,0.04052,0.2085,0.2057,
2.181,0.3236,0.1113,0.08654,0.06052,0.1125,0.08375,0.01166,0.04647,0.03199,0.05033,0.1995,0.2055,
2.181,0.3443,0.1108,0.08636,0.06066,0.111,0.08192,0.01337,0.0456,0.03214,0.04953,0.2008,0.2078,
2.18,0.3199,0.1088,0.08658,0.06076,0.1125,0.0813,0.01338,0.04604,0.03174,0.04956,0.2009,0.2086,
2.178,0.3222,0.1107,0.08623,0.06065,0.1122,0.07943,0.01308,0.04594,0.03167,0.04945,0.2035,0.2072,
2.178,0.2882,0.1106,0.08611,0.06068,0.1117,0.07938,0.01307,0.04591,0.0327,0.04837,0.2044,0.2071,
2.178,0.2943,0.1104,0.08628,0.06068,0.1117,0.07938,0.01307,0.04591,0.03437,0.0467,0.2044,0.2071,
2.178,0.2913,0.1127,0.08659,0.05924,0.1116,0.0793,0.01305,0.04705,0.03367,0.04613,0.2052,0.2055,
2.177,0.3009,0.1073,0.08674,0.05935,0.1162,0.07872,0.01306,0.04708,0.03422,0.04564,0.2053,0.2063,
2.177,0.3028,0.1068,0.08676,0.05948,0.1163,0.07927,0.01254,0.0471,0.03804,0.04186,0.2054,0.2064,
2.175,0.3039,0.1064,0.08686,0.05962,0.1158,0.0777,0.01253,0.04707,0.03802,0.04183,0.2063,0.2078,
2.175,0.3048,0.1062,0.08687,0.05977,0.1158,0.0777,0.01253,0.04749,0.0376,0.04183,0.2063,0.2078,
2.178,0.3028,0.106,0.08669,0.05972,0.1156,0.07754,0.0125,0.04739,0.03752,0.04425,0.2055,0.2074,
2.175,0.3114,0.1031,0.08705,0.05978,0.1177,0.07549,0.01233,0.04718,0.03806,0.04374,0.2056,0.21,
2.173,0.3103,0.1046,0.08716,0.05992,0.1176,0.07263,0.01232,0.04714,0.03802,0.0437,0.2064,0.2105,
2.178,0.3233,0.1071,0.08699,0.0599,0.1187,0.07186,0.0123,0.04706,0.04082,0.04354,0.2053,0.2064,
2.188,0.3127,0.107,0.08625,0.0601,0.1164,0.07196,0.01231,0.04712,0.04192,0.05022,0.2,0.2067,
2.186,0.335,0.1061,0.08672,0.06018,0.1154,0.07016,0.01234,0.04722,0.04201,0.05033,0.2005,0.2091,
2.186,0.3279,0.1044,0.08706,0.06034,0.1146,0.07037,0.01237,0.04736,0.04214,0.05048,0.2011,0.2097,
2.187,0.3095,0.1068,0.08701,0.0604,0.1137,0.07036,0.01237,0.04777,0.04235,0.04984,0.2021,0.2073,
2.187,0.2957,0.1063,0.08692,0.06049,0.1143,0.07036,0.01237,0.04777,0.04235,0.04984,0.2021,0.2073,
2.182,0.3007,0.1059,0.08714,0.06062,0.1143,0.06583,0.01237,0.04777,0.04235,0.04984,0.2021,0.2118,
2.181,0.3047,0.1059,0.0871,0.06025,0.1139,0.06532,0.01224,0.04779,0.04236,0.04987,0.2021,0.2131,
2.179,0.3206,0.1058,0.08695,0.06048,0.1139,0.06362,0.01224,0.04779,0.04236,0.04987,0.2021,0.2148,
2.178,0.2831,0.1056,0.08695,0.0607,0.1139,0.06309,0.0121,0.04779,0.04372,0.04851,0.2021,0.2155,
2.178,0.2851,0.1055,0.08708,0.06089,0.1132,0.06315,0.01211,0.04824,0.04333,0.04855,0.2023,0.2157,
2.178,0.2873,0.1053,0.08712,0.06103,0.1129,0.06317,0.01212,0.04826,0.04469,0.04724,0.2024,0.2158,
2.179,0.2928,0.1048,0.08754,0.06119,0.1129,0.06359,0.01292,0.04774,0.04399,0.04724,0.2024,0.2158,
2.181,0.2969,0.1015,0.08789,0.06127,0.1203,0.06216,0.01353,0.0471,0.04396,0.04721,0.2033,0.2118,
2.18,0.2987,0.1014,0.08798,0.06133,0.1203,0.0615,0.01353,0.0471,0.04449,0.04669,0.2033,0.2124,
2.181,0.2913,0.1031,0.08735,0.0614,0.1198,0.06083,0.01438,0.04622,0.04535,0.0458,0.2043,0.2115,
2.177,0.2862,0.1024,0.08779,0.06154,0.1191,0.0584,0.01429,0.04614,0.04593,0.04533,0.2046,0.2145,
2.176,0.2934,0.09875,0.08784,0.06169,0.1223,0.05843,0.0143,0.04616,0.05178,0.03952,0.2046,0.2146,
2.175,0.2951,0.09945,0.08745,0.06184,0.1219,0.05845,0.0143,0.04618,0.05539,0.03593,0.2057,0.2134,
2.171,0.3006,0.0992,0.08744,0.06199,0.1212,0.05701,0.01379,0.04623,0.05547,0.03598,0.206,0.2157,
2.171,0.3007,0.09825,0.08748,0.06217,0.1214,0.05706,0.0138,0.04627,0.05604,0.03548,0.2062,0.2159,
2.171,0.3049,0.09818,0.08739,0.06233,0.1214,0.05706,0.01414,0.04594,0.05753,0.03399,0.2062,0.2159,
2.17,0.3078,0.09714,0.08734,0.06249,0.1223,0.05706,0.01414,0.04594,0.05894,0.03259,0.2062,0.2159,
2.17,0.3186,0.09696,0.08748,0.06253,0.122,0.05709,0.01414,0.04678,0.05814,0.0326,0.2063,0.216,
2.17,0.3052,0.09894,0.08734,0.06263,0.1212,0.05708,0.01414,0.04677,0.05971,0.03101,0.2073,0.2139,
2.172,0.3074,0.1009,0.08706,0.06303,0.1211,0.05709,0.01413,0.04678,0.05972,0.03102,0.2084,0.2108,
2.169,0.3187,0.1008,0.0871,0.06166,0.1207,0.05602,0.01467,0.04627,0.05975,0.03103,0.2085,0.2135,
2.174,0.3049,0.1053,0.08712,0.06163,0.1197,0.05595,0.01465,0.04621,0.05968,0.03246,0.2088,0.2085,
2.17,0.3085,0.1048,0.08739,0.06188,0.1193,0.05334,0.01465,0.04665,0.06058,0.03116,0.2089,0.2113,
2.169,0.316,0.1048,0.08731,0.06202,0.1193,0.05334,0.01465,0.04665,0.06212,0.02963,0.2089,0.2113,
2.171,0.318,0.1067,0.08728,0.06201,0.1192,0.05329,0.01464,0.04744,0.06209,0.02969,0.2088,0.2089,
2.189,0.3539,0.1064,0.08713,0.06208,0.1185,0.05373,0.04163,0.01982,0.06374,0.03589,0.2025,0.2085,
2.188,0.3415,0.1055,0.08705,0.06209,0.1204,0.05304,0.04161,0.02107,0.06514,0.03317,0.2034,0.2076,
2.185,0.3399,0.1051,0.08714,0.06224,0.1197,0.05107,0.04166,0.0211,0.06523,0.03322,0.2037,0.2099,
2.184,0.3389,0.1052,0.08705,0.06243,0.1193,0.05044,0.04168,0.02111,0.06526,0.03323,0.2037,0.2106,
2.184,0.3276,0.1049,0.08723,0.06257,0.1189,0.05046,0.0417,0.02111,0.06528,0.03324,0.2038,0.2107,
2.18,0.3341,0.1045,0.08753,0.06276,0.1185,0.0486,0.04171,0.02112,0.06747,0.0311,0.2039,0.2127,
2.182,0.3373,0.1067,0.08751,0.06295,0.1176,0.04859,0.04171,0.02277,0.06701,0.0299,0.2049,0.2103,
2.183,0.3422,0.1061,0.08797,0.06318,0.1172,0.04861,0.04173,0.02366,0.06616,0.02991,0.205,0.2104,
2.18,0.3483,0.1044,0.08801,0.06326,0.1189,0.04664,0.04173,0.02366,0.06616,0.02991,0.205,0.2124,
2.175,0.3575,0.1038,0.08808,0.06332,0.1191,0.04358,0.04174,0.02367,0.06619,0.02993,0.2051,0.2155,
2.174,0.3546,0.1035,0.08822,0.06339,0.1191,0.04358,0.04231,0.02311,0.06705,0.02906,0.2051,0.2155,
2.176,0.3489,0.1058,0.08804,0.06352,0.1186,0.04356,0.04228,0.02309,0.06701,0.02904,0.206,0.213,
2.173,0.349,0.1058,0.08831,0.06359,0.1175,0.04295,0.04267,0.02278,0.06868,0.0275,0.2063,0.214,
2.169,0.3618,0.1083,0.08812,0.06364,0.117,0.04227,0.04265,0.02277,0.07249,0.02363,0.2072,0.2119,
2.166,0.3636,0.11,0.08779,0.06381,0.1177,0.03959,0.0426,0.02274,0.07242,0.02361,0.208,0.2117,
2.166,0.3525,0.11,0.08789,0.06386,0.1174,0.03961,0.04262,0.02275,0.07245,0.02362,0.2081,0.2118,
2.166,0.358,0.1099,0.08771,0.06407,0.1174,0.03961,0.04262,0.02275,0.07245,0.02362,0.2081,0.2118,
2.166,0.3539,0.1098,0.08779,0.06415,0.1174,0.03961,0.04262,0.02275,0.07245,0.02362,0.2081,0.2118,
2.166,0.3513,0.1097,0.08788,0.06422,0.117,0.0399,0.04237,0.02276,0.07248,0.02363,0.2082,0.2119,
2.172,0.3428,0.1135,0.08774,0.06413,0.1168,0.04078,0.04135,0.02272,0.07236,0.02578,0.2077,0.2071,
2.172,0.3411,0.1133,0.08782,0.06427,0.1168,0.04065,0.04082,0.02272,0.07236,0.02578,0.2077,0.2078,
2.17,0.337,0.1129,0.08791,0.06427,0.1164,0.04062,0.0408,0.02271,0.07284,0.02523,0.2087,0.2076,
2.17,0.3243,0.1116,0.08821,0.06429,0.1164,0.04064,0.04082,0.02272,0.07287,0.02525,0.2087,0.2084,
2.17,0.3145,0.1114,0.08775,0.06457,0.1157,0.04071,0.04088,0.02275,0.073,0.02529,0.2091,0.2088,
2.17,0.3162,0.1113,0.08764,0.06475,0.1147,0.04078,0.04129,0.02245,0.07313,0.02533,0.2095,0.2091,
2.17,0.3176,0.1108,0.0878,0.06497,0.114,0.04126,0.04125,0.02213,0.07322,0.02537,0.2098,0.2094,
2.186,0.3113,0.1102,0.08798,0.06511,0.1139,0.04056,0.04121,0.02211,0.07314,0.03436,0.2016,0.2098,
2.187,0.3121,0.1095,0.08827,0.06518,0.114,0.0411,0.0407,0.02321,0.07208,0.03438,0.2016,0.2099,
2.173,0.2762,0.1092,0.0881,0.06536,0.114,0.0642,0.01763,0.02322,0.07212,0.03439,0.2017,0.21,
2.172,0.2787,0.1112,0.08773,0.06551,0.1143,0.06297,0.0176,0.02317,0.07197,0.03432,0.2033,0.2078,
2.172,0.2764,0.1113,0.0877,0.06578,0.1132,0.06359,0.01709,0.02373,0.07153,0.03437,0.2036,0.2081,
2.171,0.2818,0.1107,0.0873,0.06474,0.1132,0.06358,0.01709,0.02442,0.07083,0.03436,0.2046,0.2092,
2.171,0.2802,0.1094,0.0873,0.06478,0.1141,0.06351,0.01707,0.02492,0.07023,0.03433,0.2054,0.209,
2.171,0.2812,0.1093,0.08735,0.06481,0.1141,0.06351,0.01741,0.02458,0.07023,0.03433,0.2054,0.209,
2.169,0.2836,0.1084,0.08743,0.06355,0.1146,0.06354,0.01741,0.02459,0.07079,0.03382,0.2055,0.2104,
2.169,0.2865,0.1066,0.08699,0.06386,0.1162,0.06357,0.01742,0.02529,0.07093,0.03303,0.2056,0.2105,
2.164,0.2846,0.106,0.08641,0.06322,0.116,0.06141,0.01788,0.02468,0.07161,0.03257,0.2061,0.2141,
2.163,0.2911,0.1029,0.08618,0.06355,0.1187,0.0625,0.01769,0.02435,0.07217,0.03153,0.2061,0.2142,
2.162,0.2929,0.1036,0.0865,0.06351,0.1182,0.0618,0.01768,0.02487,0.07213,0.03098,0.2071,0.2136,
2.16,0.3027,0.1026,0.08638,0.06373,0.1189,0.0608,0.01716,0.02488,0.07216,0.03099,0.2071,0.2153,
2.16,0.2988,0.1025,0.08622,0.06397,0.1189,0.0608,0.01801,0.02455,0.07299,0.02964,0.2071,0.2153,
2.162,0.3007,0.1071,0.0861,0.064,0.1188,0.06074,0.01799,0.02453,0.07379,0.02873,0.208,0.2103,
2.16,0.3224,0.1069,0.08581,0.06435,0.1183,0.06176,0.01791,0.02352,0.07375,0.02871,0.2089,0.2102,
2.158,0.3153,0.1068,0.0858,0.06446,0.1183,0.0632,0.01647,0.02352,0.07375,0.02871,0.2089,0.2102,
2.158,0.2941,0.1054,0.08587,0.06441,0.119,0.06316,0.01646,0.02455,0.07372,0.02764,0.2098,0.2101,
2.153,0.298,0.1054,0.08515,0.06446,0.1191,0.06374,0.01629,0.02423,0.07769,0.02376,0.21,0.2102,
2.152,0.3,0.1052,0.08469,0.06485,0.1187,0.06314,0.0163,0.02425,0.07775,0.02378,0.2102,0.2111,
2.148,0.2992,0.1052,0.08468,0.06489,0.1187,0.06093,0.017,0.02354,0.07881,0.02272,0.2102,0.2133,
2.146,0.3049,0.1045,0.08525,0.06505,0.1187,0.06093,0.01753,0.02301,0.08074,0.02079,0.2102,0.2133,
2.145,0.3082,0.104,0.08527,0.06519,0.1188,0.0603,0.01822,0.02234,0.08131,0.02027,0.2103,0.2141,
2.143,0.3162,0.1026,0.08522,0.06535,0.1186,0.06043,0.01826,0.02239,0.08237,0.01943,0.2107,0.2145,
2.136,0.3268,0.1018,0.08544,0.06536,0.1184,0.06611,0.01269,0.02295,0.08195,0.01946,0.211,0.2148,
2.136,0.3149,0.1016,0.08564,0.06541,0.1184,0.06611,0.01269,0.02349,0.08142,0.01946,0.211,0.2148,
2.148,0.3104,0.1053,0.08581,0.06414,0.1179,0.06496,0.01323,0.02291,0.08137,0.0245,0.2069,0.213,
2.146,0.3258,0.1055,0.08559,0.0643,0.1196,0.06209,0.02173,0.01439,0.08132,0.02449,0.2078,0.2133,
2.143,0.3194,0.1053,0.08555,0.06446,0.1188,0.0604,0.02243,0.01373,0.08143,0.02452,0.2081,0.2153,
2.143,0.3324,0.1062,0.08598,0.06483,0.118,0.05973,0.02243,0.01372,0.08141,0.02452,0.2091,0.2141,
2.143,0.3178,0.1043,0.08606,0.06494,0.1194,0.05975,0.02244,0.01373,0.08145,0.02453,0.2092,0.2142,
2.141,0.3211,0.1032,0.08615,0.06504,0.12,0.05911,0.02245,0.01374,0.08272,0.0233,0.2093,0.215,
2.14,0.3246,0.1031,0.08626,0.06512,0.12,0.05911,0.02245,0.01459,0.08364,0.02153,0.2093,0.215,
2.138,0.3367,0.1031,0.08619,0.06519,0.12,0.05699,0.02191,0.01565,0.08258,0.02153,0.2093,0.2176,
2.137,0.3352,0.1013,0.08639,0.06529,0.1201,0.05711,0.02196,0.01653,0.08297,0.02051,0.2097,0.2181,
2.136,0.3264,0.1013,0.08634,0.06537,0.1198,0.05603,0.02197,0.01654,0.08301,0.02052,0.2098,0.2193,
2.136,0.3444,0.1025,0.08636,0.06553,0.1189,0.05553,0.02185,0.01655,0.08307,0.02054,0.211,0.2181,
2.135,0.346,0.1025,0.08615,0.06587,0.1186,0.05599,0.02143,0.01656,0.08311,0.02055,0.2111,0.2182,
2.135,0.3485,0.1022,0.0862,0.06619,0.1182,0.05601,0.022,0.01601,0.08314,0.02056,0.2112,0.2183,
2.136,0.3495,0.1034,0.0859,0.06615,0.1182,0.05598,0.02199,0.016,0.08309,0.02054,0.2121,0.2166,
2.147,0.3456,0.1062,0.08555,0.06623,0.1181,0.05594,0.02198,0.01652,0.08251,0.02447,0.2091,0.2134,
2.148,0.3563,0.1041,0.08558,0.0663,0.1198,0.05597,0.02199,0.01706,0.08201,0.02448,0.2092,0.2135,
2.144,0.3582,0.1041,0.08551,0.06645,0.1194,0.05335,0.022,0.01707,0.08205,0.02449,0.2093,0.2163,
2.144,0.3645,0.1036,0.08591,0.06654,0.1194,0.05335,0.02242,0.01664,0.08205,0.02449,0.2093,0.2163,
2.146,0.351,0.106,0.08603,0.0666,0.1194,0.05337,0.02243,0.01664,0.08207,0.0245,0.2104,0.2126,
2.145,0.3516,0.1059,0.08608,0.06594,0.1194,0.05337,0.02243,0.01664,0.08207,0.0245,0.2104,0.2132,
2.145,0.3572,0.1055,0.08653,0.06596,0.1191,0.05408,0.02174,0.01664,0.0821,0.02451,0.2105,0.2133,
2.143,0.3294,0.1075,0.0868,0.06391,0.1186,0.05404,0.02173,0.01663,0.08205,0.02449,0.2114,0.2127,
2.149,0.3276,0.1095,0.08665,0.06378,0.1184,0.05475,0.02087,0.0166,0.08241,0.02718,0.2098,0.2101,
2.149,0.3287,0.1093,0.08646,0.06387,0.1183,0.05469,0.02084,0.01658,0.08233,0.02715,0.2106,0.2099,
2.161,0.3244,0.109,0.08616,0.06391,0.118,0.05458,0.0208,0.01655,0.08269,0.03372,0.2051,0.2094,
2.16,0.3276,0.1089,0.08625,0.06402,0.1177,0.0546,0.02205,0.01531,0.08272,0.03373,0.2052,0.2095,
2.159,0.3491,0.1088,0.08603,0.06412,0.1172,0.05404,0.0219,0.0153,0.08267,0.03372,0.2061,0.2101,
2.16,0.3672,0.1082,0.08633,0.06424,0.1169,0.05409,0.02192,0.01594,0.08211,0.03374,0.2063,0.2103,
2.158,0.3544,0.1081,0.08624,0.06422,0.1164,0.05494,0.02144,0.0155,0.08207,0.03372,0.2072,0.2101,
2.157,0.3309,0.108,0.08621,0.06432,0.1164,0.05441,0.02131,0.0155,0.08207,0.03372,0.2072,0.2108,
2.156,0.3285,0.108,0.08596,0.06442,0.1155,0.05485,0.02089,0.0155,0.08209,0.03365,0.2083,0.2109,
2.154,0.3124,0.1078,0.08554,0.06459,0.1155,0.05543,0.02037,0.01551,0.08358,0.03218,0.2085,0.211,
2.154,0.3147,0.1074,0.08588,0.06465,0.1155,0.05543,0.02037,0.01551,0.08411,0.03165,0.2085,0.211,
2.155,0.3169,0.1071,0.08577,0.06475,0.1153,0.05537,0.02035,0.01635,0.08317,0.03162,0.2093,0.2108,
2.152,0.327,0.107,0.08543,0.06503,0.115,0.05542,0.02133,0.01541,0.08591,0.02896,0.2095,0.211,
2.152,0.3224,0.1068,0.08519,0.06526,0.1148,0.05536,0.0213,0.01592,0.08528,0.02893,0.2104,0.2108,
2.157,0.3168,0.11,0.08526,0.06335,0.1144,0.05535,0.0213,0.01592,0.08527,0.03159,0.2087,0.2089,
2.156,0.319,0.1101,0.08545,0.06343,0.1123,0.05542,0.02132,0.01594,0.08537,0.03163,0.21,0.2091,
2.155,0.3215,0.11,0.08528,0.06355,0.1116,0.05549,0.02135,0.01596,0.08602,0.03114,0.2103,0.2094,
2.155,0.3424,0.1096,0.08534,0.06359,0.1116,0.05596,0.02092,0.0165,0.08676,0.02991,0.2104,0.2095,
2.155,0.3298,0.1097,0.08552,0.06372,0.1101,0.05606,0.02095,0.01652,0.08692,0.02996,0.2107,0.2098,
2.181,0.3693,0.1081,0.08537,0.06398,0.1107,0.05614,0.02151,0.04745,0.05559,0.03,0.211,0.2101,
2.179,0.3679,0.108,0.08521,0.06412,0.1105,0.05559,0.02097,0.04901,0.05408,0.03001,0.2111,0.2113,
2.178,0.3686,0.1055,0.08599,0.06412,0.1123,0.05613,0.02097,0.04901,0.05497,0.02859,0.2111,0.2113,
2.177,0.3843,0.1047,0.08557,0.06425,0.1121,0.05621,0.02101,0.0491,0.05597,0.02772,0.2116,0.2118,
2.178,0.3648,0.1039,0.0862,0.06436,0.1121,0.05621,0.02101,0.04964,0.05544,0.02772,0.2116,0.2118,
2.176,0.366,0.1034,0.0862,0.06435,0.1117,0.0562,0.021,0.04963,0.05708,0.02606,0.2126,0.2118,
2.176,0.3715,0.1031,0.08633,0.06449,0.1117,0.0562,0.021,0.04963,0.05708,0.02606,0.2126,0.2118,
2.174,0.3436,0.103,0.08612,0.06449,0.1117,0.05614,0.02043,0.04965,0.0571,0.02608,0.2127,0.2125,
2.167,0.3775,0.1029,0.0861,0.06464,0.1117,0.05614,0.02129,0.07406,0.03183,0.02608,0.2127,0.2125,
2.166,0.3782,0.09755,0.08611,0.06468,0.1163,0.05614,0.0218,0.07355,0.03294,0.02496,0.2127,0.2132,
2.163,0.3796,0.09717,0.08651,0.06471,0.116,0.05404,0.02181,0.07359,0.03421,0.02372,0.2128,0.2154,
2.163,0.3834,0.09717,0.08654,0.06485,0.1153,0.05409,0.02182,0.07365,0.03424,0.02374,0.213,0.2156,
2.163,0.3839,0.09607,0.08676,0.06495,0.1158,0.05454,0.02209,0.07342,0.03382,0.02375,0.2131,0.2157,
2.162,0.3843,0.09606,0.0867,0.06508,0.1155,0.05457,0.0221,0.07346,0.03473,0.02285,0.2132,0.2158,
2.168,0.3806,0.09902,0.08648,0.06522,0.1153,0.05451,0.02208,0.07338,0.03528,0.02411,0.2122,0.2124,
2.166,0.3851,0.1013,0.08634,0.06531,0.1152,0.05233,0.02205,0.07384,0.0347,0.02408,0.213,0.2119,
2.166,0.3846,0.101,0.08654,0.06539,0.1152,0.05233,0.02205,0.07384,0.0347,0.02408,0.213,0.2119,
2.167,0.3838,0.102,0.08641,0.06333,0.1148,0.0523,0.02204,0.07379,0.03468,0.02549,0.2125,0.2126,
2.174,0.3737,0.1044,0.08651,0.06327,0.1147,0.04973,0.02188,0.07371,0.03465,0.03006,0.2087,0.2123,
2.174,0.3693,0.1043,0.08656,0.06329,0.1147,0.04973,0.02188,0.07371,0.03465,0.03006,0.2087,0.2123,
2.171,0.3764,0.1052,0.08702,0.06109,0.1146,0.04968,0.02229,0.0742,0.03361,0.03003,0.2096,0.2127,
2.18,0.375,0.1065,0.08688,0.06097,0.1139,0.04845,0.02359,0.07268,0.03354,0.03489,0.2073,0.2113,
2.18,0.379,0.1095,0.08692,0.05952,0.1138,0.04843,0.02411,0.07264,0.03767,0.03018,0.2082,0.209,
2.18,0.3845,0.1082,0.08694,0.05974,0.1138,0.04851,0.02415,0.07277,0.03774,0.03023,0.2086,0.2094,
2.178,0.3978,0.1081,0.08664,0.0584,0.1137,0.04846,0.02466,0.07216,0.0377,0.0302,0.2094,0.2106,
2.178,0.3905,0.1074,0.0863,0.0584,0.1138,0.04852,0.02512,0.07183,0.03775,0.03024,0.2097,0.2109,
2.176,0.3762,0.1071,0.08634,0.05838,0.1136,0.04788,0.02471,0.07189,0.03778,0.03027,0.2099,0.2122,
2.175,0.3745,0.1068,0.08656,0.05838,0.1136,0.04721,0.02471,0.07189,0.03832,0.02974,0.2099,0.2129,
2.173,0.3803,0.1028,0.08632,0.05866,0.1168,0.04616,0.02474,0.07252,0.03783,0.02978,0.2102,0.2143,
2.172,0.3981,0.1025,0.08653,0.0588,0.1165,0.04617,0.02473,0.07308,0.03731,0.02979,0.2103,0.2144,
2.174,0.3787,0.1058,0.08642,0.05832,0.1165,0.04614,0.02551,0.07224,0.03869,0.02837,0.2112,0.2109,
2.16,0.4023,0.1046,0.08631,0.05867,0.1161,0.05569,0.01445,0.0723,0.0403,0.02638,0.2114,0.2137,
2.161,0.3728,0.1073,0.08634,0.05868,0.1169,0.05563,0.01444,0.07312,0.03937,0.02636,0.2122,0.2097,
2.19,0.3643,0.107,0.08643,0.05865,0.1167,0.05612,0.01387,0.07304,0.03933,0.04313,0.1962,0.2095,
2.189,0.3747,0.1064,0.08687,0.05859,0.1166,0.05606,0.01386,0.07297,0.03929,0.04308,0.197,0.2093,
2.188,0.3774,0.1062,0.08681,0.05859,0.1165,0.05654,0.01331,0.0729,0.03925,0.04304,0.1978,0.2091,
2.188,0.3733,0.1061,0.08682,0.05863,0.1165,0.05654,0.01331,0.0729,0.03925,0.04304,0.1978,0.2091,
2.185,0.3759,0.1061,0.08673,0.05881,0.1162,0.05492,0.01332,0.07399,0.03821,0.04304,0.1979,0.2108,
2.186,0.3801,0.1058,0.08662,0.059,0.1157,0.05497,0.01404,0.07336,0.03824,0.04303,0.1982,0.2111,
2.187,0.3814,0.1057,0.0865,0.05915,0.1157,0.05537,0.01432,0.07268,0.03824,0.04303,0.1982,0.2111,
2.188,0.3834,0.1043,0.08653,0.05906,0.1166,0.05534,0.0152,0.07175,0.03822,0.043,0.1991,0.211,
2.183,0.3895,0.0993,0.08678,0.05753,0.1204,0.05568,0.01475,0.07235,0.03745,0.04294,0.2007,0.212,
2.183,0.3904,0.09898,0.08667,0.05772,0.1203,0.05563,0.01474,0.07228,0.03742,0.0429,0.2015,0.2118,
2.18,0.4004,0.09883,0.08664,0.0566,0.1193,0.05615,0.01431,0.0724,0.038,0.04244,0.2019,0.2134,
2.179,0.3959,0.09735,0.0867,0.05564,0.1204,0.05617,0.01432,0.07243,0.03802,0.04246,0.202,0.2146,
2.179,0.3968,0.09703,0.08699,0.05572,0.12,0.0562,0.01433,0.07246,0.03804,0.04248,0.2021,0.2147,
2.18,0.4107,0.09684,0.08713,0.05583,0.1197,0.05622,0.01468,0.07215,0.03805,0.0425,0.2022,0.2148,
2.18,0.4304,0.09803,0.08764,0.05585,0.1195,0.05619,0.01467,0.07264,0.0375,0.04247,0.2031,0.2125,
2.18,0.3999,0.09775,0.08731,0.05617,0.1193,0.05613,0.01465,0.07259,0.03871,0.04113,0.204,0.2123,
2.179,0.4136,0.09739,0.08753,0.05612,0.1188,0.0561,0.01464,0.07255,0.03869,0.04111,0.2049,0.2122,
2.179,0.4029,0.09732,0.0877,0.05615,0.1181,0.05614,0.01464,0.07303,0.03829,0.04114,0.2051,0.2124,
2.178,0.4081,0.09664,0.08764,0.05621,0.1179,0.05613,0.01462,0.07301,0.03828,0.04114,0.206,0.2124,
2.178,0.3939,0.09637,0.08749,0.0564,0.1178,0.05608,0.01461,0.07347,0.03892,0.03988,0.2069,0.2122,
2.177,0.384,0.09628,0.08759,0.05659,0.117,0.05612,0.01462,0.07407,0.03984,0.03849,0.2071,0.2123,
2.176,0.3913,0.09614,0.08738,0.05686,0.1165,0.05742,0.01392,0.0736,0.04077,0.03762,0.2072,0.2125,
2.177,0.383,0.09577,0.08667,0.05692,0.1167,0.0575,0.01501,0.07388,0.03957,0.03767,0.2075,0.2128,
2.175,0.3838,0.09494,0.08648,0.05711,0.1171,0.05677,0.01553,0.07523,0.03757,0.03764,0.2083,0.2133,
2.176,0.3921,0.0948,0.08654,0.0572,0.1171,0.05677,0.01606,0.07469,0.03917,0.03603,0.2083,0.2133,
2.17,0.3895,0.09516,0.08651,0.05707,0.1161,0.05957,0.01296,0.07399,0.03908,0.03594,0.211,0.2126,
2.17,0.3996,0.09439,0.08657,0.05718,0.1167,0.05957,0.01349,0.07388,0.03866,0.03594,0.211,0.2126,
2.169,0.3837,0.09441,0.08648,0.05729,0.1164,0.05848,0.0135,0.07391,0.03867,0.03595,0.2111,0.2139,
2.169,0.3834,0.0942,0.0865,0.05748,0.1164,0.05848,0.0135,0.07391,0.03963,0.035,0.2111,0.2139,
2.168,0.3677,0.09404,0.08642,0.05778,0.1158,0.05902,0.01298,0.07451,0.03913,0.03503,0.2113,0.214,
2.17,0.3493,0.09401,0.08633,0.05731,0.1201,0.05896,0.0135,0.0739,0.03909,0.03499,0.2121,0.2097,
2.17,0.3497,0.09397,0.08643,0.05744,0.1194,0.05955,0.01354,0.0734,0.03912,0.03501,0.2123,0.2099,
2.167,0.3824,0.09304,0.08667,0.05758,0.1194,0.0576,0.01355,0.07471,0.03791,0.03504,0.2125,0.2121,
2.19,0.3407,0.09246,0.08715,0.05763,0.1185,0.05732,0.01314,0.07523,0.03861,0.04956,0.1977,0.2127,
2.209,0.371,0.09493,0.08679,0.0576,0.1181,0.05721,0.05918,0.02904,0.03855,0.04946,0.1994,0.2097,
2.209,0.3715,0.09481,0.08698,0.05762,0.1177,0.05766,0.05931,0.02905,0.03804,0.04948,0.1995,0.2098,
2.209,0.3771,0.09474,0.08696,0.05774,0.1174,0.05702,0.05934,0.0296,0.03858,0.04845,0.1996,0.2106,
2.208,0.3737,0.09352,0.0865,0.05779,0.1184,0.0575,0.05896,0.02963,0.03861,0.04849,0.1998,0.2108,
2.206,0.3718,0.09313,0.08663,0.05781,0.1183,0.05589,0.0589,0.0296,0.03857,0.04844,0.2006,0.2121,
2.206,0.3745,0.09273,0.08645,0.05805,0.1184,0.05591,0.05893,0.02961,0.04017,0.04688,0.2007,0.2122,
2.204,0.379,0.09255,0.08649,0.05802,0.1177,0.05487,0.05943,0.02922,0.04111,0.04604,0.2009,0.2136,
2.207,0.375,0.09588,0.08641,0.05798,0.1175,0.05484,0.0594,0.02921,0.04228,0.04481,0.2018,0.2099,
2.206,0.3391,0.09577,0.0864,0.0581,0.1175,0.05484,0.05993,0.02867,0.04228,0.04481,0.2018,0.2099,
2.206,0.3374,0.09341,0.08609,0.05841,0.1199,0.05484,0.05993,0.02938,0.04157,0.04481,0.2018,0.2099,
2.206,0.3476,0.09242,0.0857,0.05883,0.1208,0.05484,0.05993,0.02938,0.04157,0.04481,0.2018,0.2099,
2.204,0.3439,0.0924,0.08572,0.05899,0.1201,0.05288,0.05999,0.02941,0.04161,0.04485,0.202,0.2121,
2.199,0.3528,0.09198,0.08613,0.05843,0.1197,0.05089,0.06112,0.02832,0.04163,0.04487,0.2021,0.2148,
2.196,0.3735,0.09202,0.08614,0.05849,0.1193,0.04914,0.06083,0.02833,0.04263,0.04391,0.2022,0.217,
2.196,0.3662,0.09185,0.08626,0.05862,0.119,0.04916,0.06086,0.02834,0.04933,0.03725,0.2023,0.2171,
2.195,0.3629,0.09166,0.08617,0.05886,0.1184,0.0492,0.06134,0.02794,0.04936,0.03727,0.2025,0.2173,
2.195,0.3624,0.09166,0.08612,0.05892,0.1184,0.0492,0.06134,0.02794,0.04936,0.03727,0.2025,0.2173,
2.194,0.363,0.09157,0.08624,0.05898,0.1178,0.04964,0.06086,0.02743,0.04994,0.03677,0.2026,0.2182,
2.197,0.3808,0.09863,0.08602,0.05927,0.1169,0.05003,0.06091,0.02687,0.05381,0.03282,0.2045,0.2102,
2.195,0.3804,0.0985,0.08609,0.05945,0.1165,0.04804,0.06094,0.02742,0.05329,0.03284,0.2046,0.2123,
2.176,0.4,0.09818,0.08598,0.05962,0.1164,0.08556,0.02384,0.02685,0.05324,0.0328,0.2054,0.2121,
2.175,0.3852,0.09804,0.08593,0.05964,0.1159,0.08551,0.02436,0.0263,0.05443,0.03156,0.2063,0.212,
2.173,0.3909,0.09788,0.08606,0.05778,0.1155,0.08555,0.02438,0.02725,0.05352,0.03158,0.2064,0.2141,
2.172,0.3953,0.0977,0.08622,0.05729,0.1148,0.08563,0.0244,0.02728,0.05356,0.0316,0.2066,0.2149,
2.174,0.4135,0.1002,0.08595,0.0574,0.1144,0.08557,0.02438,0.02726,0.05353,0.03158,0.2075,0.2122,
2.174,0.3956,0.1026,0.08559,0.05753,0.1137,0.08367,0.02531,0.0278,0.05193,0.03153,0.2094,0.2111,
2.173,0.3777,0.1023,0.08561,0.05772,0.1122,0.08372,0.02532,0.02782,0.05196,0.03154,0.2106,0.2112,
2.172,0.378,0.1005,0.08555,0.05795,0.1136,0.08429,0.0248,0.02783,0.05252,0.03101,0.2107,0.2113,
2.172,0.3759,0.1005,0.08537,0.05813,0.1136,0.08362,0.02514,0.02748,0.05252,0.03101,0.2107,0.212,
2.172,0.3933,0.1004,0.08533,0.05824,0.1136,0.08362,0.02514,0.02852,0.05147,0.03101,0.2107,0.212,
2.17,0.3772,0.09939,0.08616,0.05833,0.1128,0.08225,0.0257,0.03054,0.05202,0.02783,0.2117,0.2133,
2.17,0.3688,0.09943,0.08618,0.05835,0.1121,0.08232,0.02572,0.03057,0.05207,0.02785,0.2119,0.2135,
2.168,0.3704,0.09531,0.0862,0.05855,0.116,0.08232,0.03487,0.02142,0.05207,0.02785,0.2119,0.2135,
2.168,0.3783,0.09509,0.08628,0.05879,0.1157,0.08235,0.03488,0.02185,0.05317,0.02634,0.212,0.2136,
2.165,0.3777,0.09503,0.08627,0.05782,0.1157,0.08169,0.03442,0.02185,0.05317,0.02634,0.212,0.2157,
2.165,0.3815,0.09475,0.08643,0.05802,0.1153,0.08227,0.0339,0.02186,0.0532,0.02635,0.2121,0.2158,
2.165,0.3803,0.09474,0.08652,0.05826,0.1141,0.08238,0.03395,0.02189,0.05327,0.02638,0.2123,0.2161,
2.165,0.383,0.09667,0.08643,0.05829,0.1134,0.08235,0.03394,0.02189,0.05415,0.02547,0.2134,0.2141,
2.165,0.3842,0.09649,0.0866,0.05829,0.1134,0.08235,0.03394,0.02189,0.05415,0.02547,0.2134,0.2141,
2.165,0.3885,0.09593,0.08632,0.05867,0.1133,0.08242,0.03397,0.0219,0.0542,0.02549,0.2136,0.2143,
2.165,0.3922,0.09539,0.08651,0.05877,0.113,0.08292,0.03356,0.02192,0.05424,0.0255,0.2137,0.2144,
2.163,0.3889,0.09399,0.08639,0.05897,0.114,0.0835,0.03304,0.02193,0.05516,0.02461,0.2138,0.2145,
2.162,0.4011,0.09377,0.08616,0.05908,0.1141,0.08286,0.03305,0.02194,0.05573,0.02409,0.2139,0.2153,
2.162,0.3977,0.09351,0.08642,0.05908,0.1141,0.08329,0.03262,0.02194,0.05573,0.02409,0.2139,0.2153,
2.16,0.3986,0.09078,0.08629,0.05916,0.1163,0.08337,0.03308,0.02196,0.05624,0.02321,0.2141,0.2155,
2.161,0.3895,0.09056,0.08641,0.05926,0.1163,0.08337,0.03362,0.0225,0.05517,0.02321,0.2141,0.2155,
2.16,0.4025,0.08966,0.08671,0.05967,0.1156,0.084,0.03373,0.02191,0.05523,0.02323,0.2144,0.2158,
2.159,0.4016,0.08926,0.08662,0.05981,0.1157,0.08556,0.03223,0.02246,0.05472,0.02324,0.2145,0.2159,
2.157,0.4064,0.08844,0.08672,0.05986,0.1157,0.08583,0.03373,0.02068,0.05526,0.0227,0.2145,0.2166,
2.17,0.4197,0.09112,0.08684,0.05984,0.1155,0.08565,0.0342,0.0201,0.05514,0.02779,0.211,0.2128,
2.168,0.3949,0.09087,0.08661,0.05982,0.1152,0.08547,0.03413,0.02006,0.05556,0.02719,0.2127,0.2124,
2.194,0.3906,0.09039,0.0862,0.05996,0.1148,0.08488,0.03402,0.02044,0.05594,0.04155,0.1994,0.2124,
2.193,0.387,0.09011,0.08612,0.06009,0.1147,0.08522,0.03356,0.02042,0.05588,0.04151,0.2002,0.2122,
2.192,0.3881,0.0899,0.08579,0.06022,0.1142,0.08508,0.0335,0.02038,0.05579,0.04144,0.2019,0.2118,
2.189,0.3934,0.08954,0.08567,0.06046,0.1141,0.08686,0.0316,0.02036,0.05574,0.0414,0.2027,0.2116,
2.189,0.3884,0.08947,0.0856,0.06048,0.1139,0.08666,0.03187,0.02042,0.05503,0.04141,0.2028,0.2124,
2.189,0.3924,0.08927,0.0853,0.06073,0.1138,0.08657,0.03183,0.02094,0.05444,0.04137,0.2036,0.2122,
2.187,0.3739,0.08892,0.08478,0.06047,0.1133,0.08638,0.03176,0.02088,0.05431,0.04127,0.2062,0.2117,
2.186,0.3606,0.08885,0.0847,0.06063,0.1125,0.08648,0.03179,0.02089,0.05631,0.03936,0.2065,0.212,
2.166,0.3344,0.08866,0.08458,0.06074,0.1121,0.1007,0.01753,0.02088,0.05628,0.03934,0.2074,0.2119,
2.166,0.3371,0.09122,0.08459,0.05955,0.1118,0.1005,0.01749,0.02084,0.0567,0.03873,0.209,0.2096,
2.164,0.3332,0.09106,0.08468,0.05961,0.1115,0.09792,0.0175,0.02085,0.05672,0.03874,0.2091,0.2123,
2.158,0.3357,0.09099,0.08449,0.05886,0.1103,0.1008,0.01487,0.02142,0.05744,0.03766,0.2095,0.2137,
2.158,0.3383,0.09253,0.08427,0.05902,0.1102,0.1012,0.01432,0.0214,0.05738,0.03762,0.2103,0.2118,
2.155,0.346,0.09249,0.08426,0.05915,0.1098,0.1012,0.01432,0.02194,0.0622,0.0323,0.2104,0.2119,
2.156,0.3406,0.09227,0.08436,0.05927,0.1098,0.1012,0.01432,0.02237,0.06177,0.0323,0.2104,0.2119,
2.172,0.3398,0.09193,0.08381,0.05942,0.1095,0.1009,0.01551,0.02159,0.06105,0.04221,0.2028,0.2112,
2.172,0.3513,0.09153,0.08406,0.05962,0.1092,0.1003,0.01552,0.0216,0.06107,0.04223,0.2029,0.212,
2.171,0.3591,0.09138,0.08416,0.05967,0.1092,0.09963,0.01552,0.0216,0.06107,0.04223,0.2029,0.2126,
2.17,0.3414,0.09124,0.08407,0.0599,0.1092,0.09763,0.01552,0.0216,0.06107,0.04223,0.2029,0.2146,
2.172,0.3382,0.09361,0.08372,0.06011,0.1092,0.09766,0.01552,0.02159,0.06108,0.04224,0.204,0.2113,
2.174,0.3373,0.09329,0.08401,0.06019,0.1089,0.0977,0.02002,0.01806,0.06015,0.04225,0.2041,0.2113,
2.173,0.3462,0.0943,0.08376,0.0602,0.1083,0.09598,0.01998,0.01845,0.05962,0.04217,0.2058,0.2114,
2.171,0.3383,0.09302,0.0837,0.06025,0.1092,0.09636,0.01948,0.01844,0.05956,0.04213,0.2066,0.2112,
2.169,0.3341,0.09251,0.08395,0.06029,0.1086,0.09537,0.0194,0.01832,0.05946,0.04197,0.2069,0.2132,
2.169,0.3191,0.09224,0.08383,0.06034,0.1086,0.09541,0.0194,0.01833,0.05948,0.04198,0.207,0.2133,
2.171,0.3233,0.09437,0.08425,0.06064,0.1082,0.09536,0.01939,0.01832,0.05945,0.04196,0.2079,0.2101,
2.169,0.3234,0.09415,0.08383,0.06063,0.1079,0.0952,0.01936,0.01828,0.05934,0.04189,0.2097,0.2098,
2.17,0.324,0.09236,0.08365,0.06081,0.1097,0.0952,0.01936,0.01881,0.05881,0.04189,0.2097,0.2098,
2.17,0.3304,0.09224,0.08367,0.06092,0.1097,0.0952,0.01936,0.01881,0.05881,0.04189,0.2097,0.2098,
2.171,0.3501,0.09179,0.08384,0.06096,0.1093,0.09489,0.01968,0.0568,0.02084,0.04139,0.2098,0.2107,
2.172,0.3522,0.09161,0.08385,0.06117,0.109,0.09382,0.01969,0.05735,0.02262,0.0391,0.2099,0.2119,
2.17,0.3532,0.09264,0.08377,0.06119,0.1089,0.09195,0.01967,0.05729,0.0226,0.03906,0.2108,0.2122,
2.17,0.3518,0.0925,0.08362,0.06121,0.1089,0.09081,0.01967,0.05732,0.02421,0.03747,0.2109,0.2134,
2.171,0.3644,0.09247,0.0837,0.06124,0.1086,0.09085,0.01968,0.05734,0.02563,0.03606,0.211,0.2135,
2.167,0.373,0.09068,0.08355,0.0601,0.1104,0.09209,0.01844,0.05734,0.02722,0.03447,0.211,0.2148,
2.172,0.4106,0.09344,0.08331,0.06009,0.1098,0.09207,0.01843,0.05732,0.02721,0.03638,0.21,0.2119,
2.175,0.3508,0.09435,0.08314,0.06015,0.1095,0.09174,0.01739,0.05719,0.03143,0.0345,0.2102,0.2104,
2.171,0.353,0.0941,0.08336,0.05911,0.1091,0.09231,0.01687,0.05898,0.02968,0.03451,0.2103,0.2116,
2.187,0.3414,0.09433,0.08333,0.05924,0.1087,0.09164,0.01763,0.05821,0.02967,0.04343,0.2024,0.2114,
2.187,0.3429,0.09417,0.08317,0.05955,0.1087,0.09097,0.01824,0.0576,0.02967,0.04343,0.2024,0.212,
2.186,0.3396,0.09402,0.08312,0.05956,0.1081,0.08998,0.01826,0.05768,0.0297,0.04348,0.2027,0.2134,
2.187,0.3479,0.09594,0.08306,0.05952,0.1076,0.08927,0.01881,0.05708,0.02969,0.04346,0.2036,0.212,
2.186,0.3486,0.0971,0.08306,0.05967,0.1076,0.08656,0.0188,0.05705,0.03055,0.04255,0.2045,0.2126,
2.185,0.3579,0.09924,0.08313,0.0586,0.1071,0.08585,0.01879,0.05701,0.03135,0.0417,0.2054,0.2119,
2.188,0.358,0.1022,0.08311,0.05853,0.1068,0.0858,0.01911,0.05663,0.03265,0.04035,0.2063,0.2085,
2.188,0.359,0.102,0.0832,0.05872,0.1065,0.08473,0.02035,0.05542,0.03266,0.04036,0.2064,0.2097,
2.187,0.36,0.1018,0.08332,0.05881,0.1062,0.08366,0.02036,0.05544,0.03267,0.04038,0.2065,0.2109,
2.187,0.3613,0.1018,0.08335,0.05899,0.1055,0.08306,0.02144,0.05443,0.03322,0.03987,0.2066,0.2117,
2.187,0.3589,0.1004,0.08333,0.05908,0.1062,0.08358,0.021,0.05447,0.03325,0.0399,0.2068,0.2119,
2.187,0.3718,0.09855,0.08328,0.05916,0.1078,0.08361,0.02135,0.05416,0.03459,0.03859,0.2069,0.212,
2.185,0.3632,0.09972,0.08328,0.05924,0.1073,0.08047,0.02134,0.05413,0.03457,0.03857,0.2078,0.2136,
2.183,0.3744,0.09975,0.08328,0.05929,0.1069,0.08149,0.02035,0.05415,0.03458,0.03858,0.2079,0.2137,
2.185,0.3548,0.1059,0.08322,0.05926,0.1067,0.07999,0.02031,0.05404,0.03504,0.03797,0.2096,0.208,
2.184,0.3553,0.1057,0.08291,0.05933,0.1065,0.08037,0.0204,0.05417,0.03483,0.03741,0.2105,0.2079,
2.185,0.3542,0.1053,0.0828,0.05951,0.1065,0.0804,0.02093,0.05366,0.03485,0.03743,0.2106,0.208,
2.185,0.3593,0.105,0.08278,0.05976,0.1058,0.08051,0.02096,0.05416,0.03447,0.03748,0.2109,0.2083,
2.185,0.3621,0.1048,0.08276,0.0599,0.1058,0.08051,0.02096,0.05416,0.03588,0.03606,0.2109,0.2083,
2.185,0.3814,0.1045,0.08288,0.05991,0.1054,0.08052,0.02098,0.05421,0.03689,0.03512,0.2111,0.2084,
2.185,0.3666,0.1044,0.08302,0.06004,0.1047,0.0806,0.021,0.05426,0.03825,0.03382,0.2112,0.2086,
2.173,0.3819,0.1035,0.08315,0.06015,0.1043,0.08621,0.01442,0.05392,0.03885,0.03334,0.2116,0.2106,
2.172,0.3599,0.1025,0.08328,0.06039,0.1041,0.08565,0.01497,0.05345,0.03978,0.03249,0.2119,0.2115,
2.173,0.3627,0.1025,0.08324,0.06048,0.1041,0.08565,0.0155,0.05292,0.04102,0.03125,0.2119,0.2115,
2.192,0.3536,0.1022,0.08309,0.06039,0.1039,0.08481,0.01547,0.05281,0.04094,0.04323,0.2015,0.2117,
2.191,0.352,0.1018,0.08328,0.06054,0.1039,0.08415,0.01547,0.05281,0.04094,0.04323,0.2015,0.2124,
2.191,0.3707,0.1021,0.08333,0.06055,0.1038,0.0841,0.01546,0.05331,0.04039,0.04321,0.2024,0.2114,
2.19,0.3479,0.1017,0.08346,0.06057,0.1033,0.08463,0.01505,0.05338,0.04043,0.04326,0.2026,0.2116,
2.189,0.3443,0.09853,0.08351,0.06059,0.1063,0.08352,0.01505,0.05338,0.04295,0.04074,0.2026,0.2128,
2.187,0.351,0.09851,0.0828,0.06064,0.1064,0.0816,0.01507,0.05342,0.04299,0.04078,0.2028,0.2149,
2.181,0.348,0.09833,0.08268,0.0607,0.1061,0.07714,0.0147,0.05338,0.04291,0.04068,0.203,0.2204,
2.18,0.3548,0.0966,0.0829,0.06078,0.107,0.0772,0.01471,0.05397,0.04374,0.03938,0.2032,0.2206,
2.181,0.3772,0.09664,0.08293,0.0608,0.1066,0.07724,0.01558,0.05311,0.04376,0.03939,0.2033,0.2207,
2.185,0.394,0.09556,0.0828,0.06081,0.1076,0.07808,0.04774,0.02018,0.04467,0.03843,0.2034,0.2208,
2.183,0.3852,0.09552,0.08291,0.06083,0.1073,0.07677,0.04829,0.01965,0.04468,0.03844,0.2034,0.2222,
2.184,0.3935,0.09543,0.08286,0.06097,0.1073,0.07677,0.04829,0.02019,0.04616,0.03643,0.2034,0.2222,
2.182,0.3976,0.09374,0.08277,0.0611,0.1086,0.07613,0.04885,0.01966,0.04618,0.03643,0.2035,0.223,
2.181,0.3973,0.09372,0.08263,0.06123,0.1084,0.07697,0.04806,0.02037,0.04876,0.03317,0.2036,0.2231,
2.182,0.3977,0.09499,0.08264,0.06128,0.1083,0.07689,0.04801,0.02035,0.04871,0.03313,0.2044,0.2213,
2.181,0.4022,0.09387,0.0826,0.06141,0.1087,0.07629,0.04858,0.01983,0.04875,0.03316,0.2046,0.2221,
2.183,0.4096,0.0946,0.08172,0.06159,0.1109,0.07672,0.0483,0.01986,0.04881,0.0332,0.2059,0.2184,
