entropy,entropyInd,RabA,RabB,RabC,RabD,RabE,RabF,RabG,RabH,RabI,xER,xPM,
2.178,0.3355,0.106,0.0907,0.0685,0.1252,0.05449,0.03938,0.03062,0.03407,0.03502,0.2066,0.2094,
2.175,0.3378,0.1047,0.09067,0.06852,0.1248,0.05298,0.03939,0.03063,0.03408,0.03503,0.2067,0.2125,
2.174,0.3495,0.1047,0.09071,0.06855,0.1245,0.05233,0.03941,0.03064,0.03409,0.03504,0.2068,0.2132,
2.171,0.3531,0.1047,0.09071,0.06855,0.1245,0.05035,0.03941,0.03064,0.03409,0.03504,0.2068,0.2152,
2.169,0.3513,0.1036,0.09071,0.06745,0.1245,0.05035,0.03941,0.03064,0.03409,0.03504,0.2068,0.2174,
2.17,0.3345,0.1061,0.09063,0.0673,0.1244,0.05032,0.03938,0.03062,0.03407,0.03502,0.2077,0.2144,
2.169,0.3297,0.1062,0.09071,0.06735,0.1237,0.0497,0.03941,0.03064,0.03409,0.03504,0.2079,0.2153,
2.17,0.3268,0.1099,0.09056,0.06724,0.1231,0.04908,0.03922,0.03059,0.03403,0.03498,0.2097,0.2117,
2.17,0.3342,0.11,0.09064,0.0673,0.1223,0.04912,0.03925,0.03061,0.03406,0.03501,0.2098,0.2119,
2.18,0.3278,0.1113,0.09059,0.0673,0.1215,0.04913,0.03925,0.03061,0.03406,0.04068,0.2053,0.2103,
2.181,0.3265,0.1132,0.09054,0.06726,0.1215,0.0491,0.03923,0.03059,0.03404,0.04066,0.2062,0.2077,
2.18,0.3237,0.1131,0.09039,0.06721,0.1211,0.04907,0.03921,0.03057,0.03402,0.04063,0.2071,0.2076,
2.178,0.3291,0.1131,0.09039,0.06721,0.1211,0.04798,0.03921,0.03057,0.03402,0.04063,0.2071,0.2087,
2.177,0.3351,0.1129,0.09027,0.06723,0.1211,0.04734,0.03922,0.03058,0.03403,0.04065,0.2072,0.2094,
2.177,0.3716,0.113,0.0903,0.06725,0.1208,0.04736,0.03923,0.03059,0.03404,0.04066,0.2073,0.2095,
2.188,0.3523,0.1126,0.09002,0.06704,0.1204,0.04721,0.03911,0.0305,0.03394,0.04865,0.2016,0.2089,
2.187,0.3438,0.1127,0.09006,0.06707,0.1201,0.04656,0.03913,0.03051,0.03395,0.04867,0.2017,0.2096,
2.187,0.3421,0.1143,0.09001,0.06702,0.1196,0.04653,0.03911,0.03049,0.03393,0.04863,0.2026,0.2078,
2.186,0.3432,0.1123,0.09001,0.06702,0.1196,0.04653,0.03911,0.03049,0.03393,0.04863,0.2026,0.2097,
2.185,0.3588,0.1139,0.0899,0.06694,0.1186,0.04582,0.03905,0.03045,0.03389,0.04857,0.2044,0.2085,
2.182,0.3466,0.1139,0.0899,0.06694,0.1186,0.04385,0.03905,0.03045,0.03389,0.04857,0.2044,0.2105,
2.183,0.3396,0.1193,0.08981,0.06521,0.1185,0.04381,0.03902,0.03042,0.03385,0.04852,0.2052,0.2064,
2.182,0.3389,0.1178,0.08981,0.06521,0.1185,0.04381,0.03902,0.03042,0.03385,0.04852,0.2052,0.2079,
2.179,0.3405,0.1178,0.08976,0.06522,0.1182,0.04181,0.03903,0.03042,0.03386,0.04854,0.2053,0.21,
2.179,0.3416,0.1179,0.0898,0.06524,0.1179,0.04183,0.03904,0.03043,0.03387,0.04855,0.2054,0.2101,
2.179,0.3408,0.1179,0.0898,0.06527,0.1176,0.04185,0.03906,0.03045,0.03389,0.04857,0.2055,0.2102,
2.176,0.3407,0.1179,0.08962,0.06509,0.1177,0.04011,0.03908,0.03046,0.0339,0.0486,0.2056,0.212,
2.17,0.3426,0.1135,0.08966,0.06511,0.1173,0.03889,0.03878,0.03047,0.03391,0.04861,0.2057,0.218,
2.17,0.3281,0.1135,0.08966,0.06511,0.1173,0.03889,0.03878,0.03047,0.03391,0.04861,0.2057,0.218,
2.17,0.3267,0.1136,0.08969,0.06516,0.1167,0.03892,0.03881,0.03049,0.03394,0.04865,0.2058,0.2182,
2.172,0.3199,0.1177,0.08957,0.06507,0.1157,0.03887,0.03877,0.03045,0.0339,0.04859,0.2077,0.2138,
2.169,0.3248,0.1175,0.0898,0.06513,0.1153,0.03746,0.03878,0.03124,0.03314,0.04861,0.2078,0.2153,
2.17,0.3289,0.1167,0.08976,0.06523,0.116,0.03798,0.03859,0.03178,0.03279,0.04808,0.2078,0.2153,
2.168,0.3412,0.1161,0.08919,0.06586,0.1163,0.03735,0.03816,0.03277,0.03182,0.0481,0.2078,0.2165,
2.17,0.3361,0.1191,0.08906,0.06598,0.1158,0.03732,0.03879,0.03209,0.03346,0.04639,0.2088,0.2133,
2.182,0.3365,0.1213,0.08903,0.06591,0.1157,0.03728,0.03875,0.03205,0.04048,0.04576,0.2031,0.2106,
2.182,0.3406,0.1208,0.08898,0.06609,0.1158,0.03729,0.03877,0.03299,0.04071,0.04464,0.2032,0.2107,
2.182,0.3587,0.1169,0.08925,0.06638,0.1186,0.03759,0.03853,0.03302,0.04171,0.04371,0.2034,0.2109,
2.18,0.3491,0.1162,0.08934,0.06685,0.1177,0.0359,0.03859,0.03307,0.04177,0.04378,0.2037,0.213,
2.18,0.3519,0.1159,0.08953,0.06696,0.1177,0.03643,0.03806,0.03307,0.04177,0.04378,0.2037,0.213,
2.178,0.3519,0.1193,0.08995,0.06697,0.1179,0.03515,0.0372,0.03306,0.04176,0.04376,0.2047,0.2103,
2.175,0.3446,0.1172,0.08994,0.06711,0.1195,0.03332,0.03695,0.03307,0.04353,0.04202,0.2048,0.2125,
2.175,0.352,0.1167,0.08999,0.06729,0.1196,0.03466,0.03652,0.03221,0.04355,0.04204,0.2049,0.2126,
2.175,0.3526,0.116,0.0904,0.06767,0.1189,0.03469,0.03655,0.03224,0.04517,0.0405,0.2051,0.2128,
2.174,0.3575,0.1161,0.09017,0.06781,0.1182,0.03474,0.0366,0.03228,0.04803,0.03775,0.2054,0.213,
2.175,0.3627,0.1176,0.0902,0.06802,0.1158,0.03478,0.03665,0.03232,0.0481,0.0378,0.2067,0.212,
2.175,0.3617,0.117,0.09041,0.06843,0.1158,0.03478,0.03665,0.03232,0.0481,0.0378,0.2067,0.212,
2.175,0.3643,0.117,0.09032,0.06852,0.1158,0.03478,0.03665,0.03232,0.0481,0.0378,0.2067,0.212,
2.172,0.3692,0.117,0.09019,0.06628,0.1155,0.03479,0.03667,0.03233,0.04944,0.03649,0.2068,0.2145,
2.17,0.3705,0.1166,0.09021,0.0663,0.1155,0.03415,0.03668,0.03235,0.05,0.03597,0.2069,0.2153,
2.17,0.3733,0.1164,0.09032,0.06643,0.1155,0.03415,0.03721,0.03182,0.05053,0.03544,0.2069,0.2153,
2.17,0.3758,0.1145,0.09056,0.06664,0.1164,0.03416,0.03724,0.03184,0.05056,0.03546,0.2071,0.2155,
2.171,0.3765,0.118,0.09065,0.06559,0.116,0.03416,0.03723,0.03183,0.05144,0.03457,0.2081,0.2125,
2.171,0.3813,0.1176,0.09099,0.06571,0.1156,0.0346,0.03682,0.03237,0.05189,0.03361,0.2082,0.2126,
2.171,0.3788,0.1193,0.09072,0.06603,0.1156,0.03458,0.03733,0.03182,0.05239,0.03306,0.2091,0.2101,
2.17,0.3941,0.1191,0.09072,0.0662,0.1156,0.03392,0.03733,0.03182,0.05239,0.03306,0.2091,0.2108,
2.177,0.3835,0.1188,0.09043,0.06629,0.115,0.03385,0.03726,0.03177,0.05283,0.03735,0.206,0.2104,
2.177,0.384,0.1177,0.09041,0.06644,0.116,0.03385,0.03779,0.03124,0.05416,0.03603,0.206,0.2104,
2.177,0.3901,0.1201,0.09042,0.06662,0.1155,0.03316,0.03839,0.03059,0.05412,0.036,0.2069,0.2082,
2.163,0.4018,0.1198,0.09028,0.06688,0.1148,0.03348,0.05538,0.01342,0.05507,0.03516,0.2071,0.2085,
2.163,0.4115,0.1194,0.09069,0.06693,0.1148,0.03348,0.05538,0.01395,0.05542,0.03428,0.2071,0.2085,
2.161,0.4219,0.1193,0.09056,0.06725,0.1145,0.03238,0.0554,0.01395,0.05544,0.03428,0.2072,0.2097,
2.163,0.4065,0.1183,0.09056,0.06755,0.1146,0.05559,0.03226,0.01474,0.05472,0.03431,0.2074,0.2099,
2.162,0.4044,0.1181,0.09067,0.06751,0.1141,0.05609,0.03171,0.01472,0.05468,0.03429,0.2083,0.2098,
2.16,0.3904,0.1173,0.09074,0.06761,0.1142,0.05614,0.03174,0.01474,0.05773,0.03131,0.2085,0.21,
2.16,0.3989,0.1163,0.09077,0.06781,0.1136,0.0556,0.03181,0.01569,0.05835,0.02996,0.209,0.2111,
2.16,0.4041,0.1144,0.09076,0.06797,0.1146,0.05567,0.03185,0.01571,0.05843,0.03,0.2093,0.2114,
2.16,0.3977,0.1142,0.09081,0.0683,0.1139,0.0557,0.03188,0.01572,0.05848,0.03002,0.2094,0.2116,
2.157,0.4026,0.1139,0.09039,0.06844,0.1136,0.05559,0.03181,0.01569,0.06093,0.02738,0.2111,0.2111,
2.167,0.4054,0.1135,0.09016,0.06875,0.1135,0.05553,0.03178,0.01567,0.06087,0.03288,0.2064,0.2109,
2.164,0.4023,0.1132,0.09012,0.06898,0.1129,0.05466,0.03175,0.01559,0.06243,0.03119,0.2067,0.2125,
2.162,0.4074,0.113,0.09001,0.06914,0.1126,0.05466,0.03177,0.01561,0.06532,0.02837,0.2069,0.2127,
2.162,0.397,0.1127,0.09026,0.06919,0.1126,0.05466,0.03177,0.01561,0.06532,0.02837,0.2069,0.2127,
2.163,0.3967,0.1158,0.09013,0.06935,0.1117,0.05466,0.03177,0.0156,0.06531,0.02836,0.2079,0.2095,
2.163,0.3995,0.1155,0.09018,0.06955,0.1117,0.05466,0.03177,0.0156,0.06531,0.02836,0.2079,0.2095,
2.163,0.4078,0.1154,0.0899,0.06996,0.1117,0.05466,0.03177,0.0156,0.06531,0.02836,0.2079,0.2095,
2.163,0.394,0.1154,0.08977,0.07005,0.1108,0.05464,0.03176,0.0156,0.0653,0.02835,0.2089,0.2095,
2.163,0.3923,0.1141,0.08976,0.07018,0.112,0.05464,0.03176,0.0156,0.0653,0.02835,0.2089,0.2095,
2.16,0.3987,0.1133,0.08965,0.07024,0.1119,0.05448,0.03122,0.01559,0.06616,0.02745,0.2099,0.2101,
2.16,0.4404,0.1131,0.08954,0.07026,0.1118,0.05442,0.03118,0.016,0.06567,0.02742,0.2107,0.2099,
2.167,0.4149,0.1116,0.08897,0.07017,0.1128,0.05443,0.03119,0.01642,0.0665,0.03021,0.2078,0.2099,
2.167,0.3565,0.1112,0.08869,0.07026,0.1129,0.05444,0.03122,0.01644,0.06656,0.03023,0.208,0.2101,
2.147,0.3793,0.1102,0.08835,0.0706,0.1139,0.07278,0.01288,0.01644,0.06656,0.03023,0.208,0.2101,
2.146,0.3632,0.11,0.0884,0.07009,0.1139,0.07278,0.01288,0.01644,0.06656,0.03023,0.208,0.2108,
2.146,0.3668,0.1098,0.08806,0.07006,0.1137,0.07287,0.01289,0.01645,0.06664,0.03026,0.2083,0.2111,
2.145,0.3674,0.1084,0.08815,0.07012,0.1149,0.0733,0.01247,0.01645,0.06664,0.03026,0.2083,0.2111,
2.143,0.3724,0.1069,0.08808,0.07026,0.1163,0.07152,0.01247,0.01645,0.06717,0.02973,0.2083,0.2128,
2.143,0.3798,0.1065,0.08801,0.07052,0.1159,0.07159,0.01248,0.01647,0.06723,0.02976,0.2084,0.213,
2.141,0.3814,0.1063,0.08813,0.07061,0.1159,0.07159,0.01248,0.01647,0.06954,0.02745,0.2084,0.213,
2.139,0.4058,0.1056,0.08835,0.07072,0.1153,0.07059,0.0125,0.01649,0.06966,0.02749,0.2088,0.2145,
2.132,0.4587,0.1052,0.08871,0.07084,0.1149,0.06497,0.01251,0.01693,0.07058,0.02619,0.2089,0.2203,
2.132,0.3734,0.1051,0.08875,0.07105,0.1142,0.06369,0.01251,0.01765,0.06992,0.0262,0.2091,0.2218,
2.128,0.3789,0.1049,0.08895,0.07124,0.1135,0.06374,0.01252,0.01766,0.07346,0.02275,0.2093,0.222,
2.131,0.3569,0.1058,0.08915,0.07129,0.114,0.06371,0.01251,0.01933,0.07174,0.02273,0.2102,0.2196,
2.132,0.3584,0.1055,0.08922,0.07144,0.1133,0.06379,0.01253,0.02014,0.07105,0.02276,0.2105,0.2198,
2.132,0.3057,0.1078,0.08897,0.0716,0.1128,0.06322,0.01239,0.02013,0.07101,0.02275,0.2114,0.2179,
2.141,0.2945,0.1118,0.0889,0.07176,0.1115,0.06172,0.01185,0.02012,0.07099,0.02733,0.2089,0.2151,
2.143,0.2934,0.1147,0.08855,0.07174,0.1115,0.06169,0.01184,0.02082,0.07023,0.02731,0.2098,0.2118,
2.143,0.2948,0.1148,0.08856,0.07192,0.1108,0.06173,0.01247,0.0202,0.07028,0.02732,0.21,0.212,
2.149,0.3043,0.1168,0.08895,0.07192,0.1103,0.05946,0.01289,0.06345,0.02655,0.0273,0.2109,0.2115,
2.148,0.3184,0.1165,0.08907,0.07208,0.1101,0.05944,0.0129,0.06419,0.02585,0.02731,0.211,0.2116,
2.147,0.3095,0.1162,0.08937,0.07243,0.1089,0.05885,0.01292,0.06428,0.02588,0.02735,0.2113,0.2125,
2.147,0.3088,0.1119,0.08907,0.0726,0.1127,0.05881,0.01291,0.06423,0.02586,0.02733,0.2122,0.2124,
2.144,0.2986,0.1119,0.08887,0.07292,0.1123,0.05861,0.01202,0.06426,0.02588,0.02734,0.2123,0.2136,
2.153,0.3017,0.1141,0.08913,0.07294,0.1118,0.05858,0.01201,0.06422,0.02585,0.03128,0.2093,0.2108,
2.151,0.301,0.1139,0.08898,0.07161,0.1118,0.05791,0.01201,0.06422,0.02585,0.03128,0.2093,0.2131,
2.15,0.3013,0.1138,0.08906,0.07165,0.1118,0.05791,0.01201,0.06475,0.02532,0.03128,0.2093,0.2131,
2.15,0.3017,0.1137,0.08899,0.07186,0.1118,0.05791,0.01201,0.06475,0.02532,0.03128,0.2093,0.2131,
2.148,0.3017,0.1135,0.08898,0.07003,0.1118,0.05791,0.01201,0.06475,0.02532,0.03128,0.2093,0.2151,
2.148,0.2998,0.1134,0.08899,0.07007,0.1118,0.05791,0.01201,0.06475,0.02532,0.03128,0.2093,0.2151,
2.148,0.3029,0.1129,0.08876,0.07017,0.1119,0.05796,0.01256,0.06481,0.0248,0.03131,0.2094,0.2153,
2.147,0.3225,0.1077,0.08906,0.07027,0.1163,0.058,0.01256,0.06583,0.02385,0.03132,0.2096,0.2155,
2.146,0.3207,0.1053,0.08889,0.07029,0.1215,0.0566,0.01246,0.06571,0.02386,0.03133,0.2107,0.2133,
2.147,0.3158,0.1045,0.08882,0.07062,0.1218,0.05662,0.013,0.0652,0.02387,0.03135,0.2108,0.2134,
2.146,0.3063,0.1046,0.08883,0.07076,0.121,0.05488,0.01335,0.06492,0.02659,0.02867,0.211,0.2154,
2.146,0.3098,0.1036,0.08921,0.0709,0.1203,0.05493,0.01337,0.06497,0.02662,0.02869,0.2112,0.2162,
2.144,0.3097,0.1034,0.08911,0.07121,0.1192,0.0539,0.01373,0.06528,0.02612,0.02874,0.2116,0.2177,
2.142,0.3365,0.1033,0.08903,0.06987,0.1192,0.0539,0.01373,0.06528,0.02908,0.02577,0.2116,0.2193,
2.143,0.3246,0.1032,0.08897,0.07,0.1192,0.0539,0.01416,0.06485,0.02908,0.02577,0.2116,0.2193,
2.145,0.316,0.1062,0.0892,0.07006,0.1179,0.05445,0.0142,0.06429,0.02909,0.02578,0.2127,0.2161,
2.145,0.3217,0.1054,0.0892,0.07025,0.1177,0.05453,0.01422,0.06438,0.02913,0.02582,0.213,0.2164,
2.143,0.3199,0.1053,0.0892,0.06839,0.1177,0.05453,0.01422,0.06438,0.02913,0.02582,0.213,0.2183,
2.133,0.3194,0.105,0.08949,0.06856,0.117,0.05999,0.008798,0.06574,0.02785,0.02583,0.2132,0.2185,
2.135,0.3225,0.105,0.08925,0.0688,0.117,0.05999,0.009879,0.06466,0.02785,0.02583,0.2132,0.2185,
2.134,0.3266,0.1006,0.089,0.06906,0.1214,0.05887,0.01042,0.06412,0.02785,0.02583,0.2132,0.2197,
2.137,0.3287,0.1005,0.08879,0.06936,0.1211,0.05889,0.01243,0.06214,0.02786,0.02584,0.2133,0.2198,
2.139,0.351,0.103,0.08865,0.06938,0.121,0.05883,0.01241,0.06207,0.02783,0.02581,0.2141,0.2169,
2.153,0.3542,0.1043,0.08855,0.06963,0.1194,0.05887,0.01242,0.06211,0.02784,0.03291,0.2083,0.2157,
2.153,0.3377,0.1042,0.08846,0.06979,0.1183,0.05897,0.01244,0.06222,0.0287,0.03216,0.2086,0.2161,
2.152,0.3351,0.1048,0.08875,0.06982,0.1174,0.05831,0.01244,0.06279,0.02871,0.03163,0.2098,0.2156,
2.149,0.3305,0.1048,0.08867,0.0699,0.1174,0.05606,0.01244,0.06279,0.02871,0.03163,0.2098,0.2179,
2.148,0.3408,0.1043,0.08865,0.07004,0.1175,0.05595,0.01191,0.06281,0.02873,0.03164,0.2098,0.2186,
2.147,0.296,0.1041,0.08828,0.07011,0.1172,0.05534,0.01192,0.0629,0.02994,0.03051,0.2101,0.2196,
2.147,0.3042,0.1066,0.08815,0.07017,0.1167,0.05463,0.01192,0.06286,0.03138,0.02903,0.2111,0.2175,
2.147,0.2992,0.1066,0.08812,0.07039,0.116,0.05466,0.01192,0.06345,0.03087,0.02904,0.2112,0.2177,
2.15,0.2955,0.1101,0.08809,0.07053,0.1155,0.05463,0.0128,0.06306,0.0303,0.02902,0.2122,0.2137,
2.147,0.2871,0.1096,0.08837,0.07055,0.1154,0.0562,0.01116,0.063,0.03027,0.02899,0.213,0.2135,
2.147,0.3217,0.1091,0.08832,0.07052,0.1152,0.05608,0.01183,0.06217,0.0302,0.02893,0.2147,0.213,
2.147,0.2825,0.1085,0.08845,0.07064,0.1152,0.0561,0.01227,0.06177,0.03022,0.02894,0.2148,0.2131,
2.146,0.2696,0.1086,0.08861,0.07088,0.1136,0.05553,0.01229,0.06188,0.03171,0.02755,0.2152,0.2142,
2.151,0.2825,0.1096,0.0885,0.07096,0.1131,0.05323,0.01271,0.06883,0.02426,0.03433,0.2103,0.2141,
2.151,0.2946,0.1087,0.08836,0.07116,0.1137,0.05325,0.01272,0.06958,0.02501,0.03288,0.2104,0.2142,
2.15,0.2954,0.1071,0.08814,0.07121,0.1145,0.05378,0.01272,0.06902,0.025,0.03288,0.2114,0.2142,
2.147,0.3045,0.1065,0.08787,0.07121,0.1178,0.05199,0.01272,0.07049,0.02357,0.03289,0.2126,0.2124,
2.147,0.2958,0.1064,0.08776,0.0714,0.1178,0.05199,0.01272,0.07123,0.02283,0.03289,0.2126,0.2124,
2.146,0.2924,0.1048,0.0879,0.0715,0.1179,0.05199,0.01326,0.07114,0.0224,0.03289,0.2137,0.2125,
2.145,0.2787,0.1045,0.08789,0.07162,0.1174,0.05038,0.01369,0.07066,0.02385,0.03141,0.2146,0.214,
2.144,0.2856,0.1017,0.08784,0.07194,0.1192,0.05073,0.01342,0.07075,0.02388,0.03145,0.2149,0.2142,
2.144,0.2882,0.1012,0.08772,0.07224,0.1189,0.05123,0.01297,0.07081,0.0259,0.02946,0.2151,0.2144,
2.13,0.3064,0.1011,0.08776,0.07233,0.1189,0.04959,0.01297,0.07947,0.01724,0.02946,0.2151,0.2161,
2.13,0.2989,0.1011,0.08779,0.07241,0.1185,0.05005,0.01255,0.07951,0.01725,0.02948,0.2152,0.2162,
2.149,0.2899,0.1051,0.08792,0.0724,0.118,0.05045,0.0121,0.07945,0.0185,0.03706,0.2073,0.2118,
2.147,0.2909,0.1036,0.08764,0.07237,0.118,0.04876,0.01261,0.07874,0.02138,0.03406,0.2099,0.2129,
2.147,0.2927,0.1037,0.08748,0.07261,0.1176,0.04921,0.01219,0.07877,0.02139,0.03407,0.21,0.213,
2.148,0.2933,0.1025,0.08734,0.07285,0.1181,0.04925,0.01274,0.0783,0.02292,0.03258,0.2102,0.2132,
2.148,0.3141,0.1007,0.0875,0.07292,0.119,0.04922,0.01273,0.07825,0.02291,0.03256,0.2111,0.2131,
2.147,0.2815,0.1006,0.08745,0.07301,0.1183,0.0498,0.0122,0.07835,0.02293,0.0326,0.2114,0.2134,
2.145,0.2834,0.1003,0.08751,0.07185,0.1181,0.04975,0.01219,0.07827,0.02291,0.03257,0.2123,0.2143,
2.14,0.2911,0.1001,0.08763,0.07068,0.1181,0.04693,0.01219,0.07827,0.02574,0.02973,0.2123,0.2183,
2.14,0.3087,0.09997,0.08769,0.07089,0.1178,0.04803,0.01169,0.07773,0.02738,0.02812,0.2124,0.2184,
2.139,0.3036,0.0995,0.0881,0.07113,0.117,0.04739,0.0117,0.07779,0.0274,0.02814,0.2125,0.2193,
2.141,0.3015,0.1029,0.08763,0.07122,0.1166,0.04734,0.01169,0.07778,0.02739,0.02814,0.2136,0.2158,
2.14,0.3081,0.1004,0.08748,0.07145,0.1187,0.04791,0.01172,0.07778,0.02829,0.02673,0.2137,0.2159,
2.142,0.3029,0.1048,0.08728,0.07155,0.1186,0.0472,0.01171,0.07773,0.02881,0.02617,0.2146,0.2116,
2.143,0.3112,0.1016,0.08685,0.07203,0.1212,0.04724,0.01227,0.07725,0.02883,0.02619,0.2148,0.2117,
2.15,0.3166,0.1012,0.08649,0.07193,0.1208,0.04709,0.01223,0.07701,0.02874,0.03074,0.2127,0.2111,
2.146,0.2973,0.1012,0.08635,0.07208,0.1208,0.04563,0.01233,0.07726,0.0277,0.03074,0.2127,0.2132,
2.145,0.3025,0.1012,0.08622,0.07221,0.1208,0.04509,0.0122,0.0778,0.0277,0.0302,0.2127,0.2139,
2.145,0.296,0.101,0.08652,0.07224,0.1204,0.04509,0.0122,0.07783,0.02771,0.0302,0.2128,0.214,
2.141,0.3002,0.101,0.08655,0.07233,0.1201,0.04388,0.01186,0.07859,0.027,0.03021,0.2129,0.2157,
2.141,0.3033,0.1039,0.08576,0.07153,0.1194,0.04387,0.01186,0.07857,0.02857,0.02863,0.2139,0.214,
2.143,0.3146,0.1036,0.08571,0.07159,0.1193,0.04382,0.01311,0.07723,0.02854,0.02859,0.2147,0.2138,
2.144,0.3127,0.1031,0.08585,0.07056,0.1192,0.04377,0.01309,0.07714,0.03009,0.02862,0.214,0.2146,
2.144,0.3034,0.103,0.08579,0.07073,0.1192,0.04423,0.01263,0.07714,0.03009,0.02862,0.214,0.2146,
2.143,0.3145,0.1029,0.08479,0.07019,0.1193,0.04429,0.01265,0.07725,0.03013,0.02866,0.2142,0.2156,
2.143,0.3002,0.1029,0.08481,0.07033,0.1189,0.04431,0.01265,0.07728,0.03015,0.02867,0.2143,0.2157,
2.141,0.3235,0.1028,0.0848,0.07064,0.1181,0.0441,0.01223,0.07735,0.03017,0.02869,0.2145,0.2166,
2.14,0.3015,0.103,0.08467,0.07066,0.1177,0.04411,0.01223,0.07838,0.02916,0.02869,0.2157,0.2157,
2.143,0.3036,0.1048,0.08445,0.07084,0.1173,0.0441,0.01223,0.07836,0.02916,0.02966,0.2157,0.2134,
2.143,0.3047,0.1043,0.08432,0.07113,0.1174,0.04412,0.01223,0.07883,0.02959,0.02882,0.2158,0.2135,
2.14,0.3097,0.1042,0.08429,0.0693,0.1174,0.04412,0.01223,0.07883,0.03059,0.02782,0.2158,0.2154,
2.152,0.3074,0.104,0.08438,0.06925,0.1169,0.04443,0.01187,0.07878,0.03111,0.03368,0.2103,0.2153,
2.153,0.3122,0.1037,0.08466,0.0693,0.1169,0.04443,0.01242,0.07824,0.03111,0.03368,0.2103,0.2153,
2.153,0.3121,0.1038,0.08461,0.06948,0.1161,0.04447,0.01302,0.07826,0.03059,0.03371,0.2105,0.2155,
2.153,0.3177,0.1036,0.08487,0.06977,0.1149,0.04453,0.01303,0.07836,0.03428,0.0301,0.2108,0.2158,
2.153,0.3204,0.1035,0.08488,0.06981,0.1149,0.04453,0.01303,0.07836,0.03428,0.0301,0.2108,0.2158,
2.153,0.3235,0.1035,0.08489,0.07002,0.1141,0.04457,0.01304,0.07843,0.03432,0.03012,0.211,0.216,
2.153,0.3321,0.1033,0.08513,0.07011,0.1134,0.0446,0.01305,0.0785,0.03552,0.02896,0.2112,0.2162,
2.179,0.3693,0.1033,0.08518,0.07023,0.1127,0.04463,0.04347,0.049,0.03471,0.02899,0.2114,0.2164,
2.179,0.3779,0.1033,0.08488,0.07038,0.1126,0.04465,0.04392,0.04859,0.03473,0.029,0.2115,0.2165,
2.179,0.3815,0.1032,0.08486,0.07047,0.1126,0.04465,0.04392,0.04859,0.03591,0.02782,0.2115,0.2165,
2.178,0.3963,0.1029,0.085,0.07047,0.1121,0.04462,0.04389,0.04855,0.03588,0.02779,0.2124,0.2163,
2.178,0.3715,0.1023,0.08515,0.07069,0.1118,0.04465,0.04393,0.0486,0.03591,0.02781,0.2126,0.2165,
2.176,0.3754,0.1018,0.08476,0.07068,0.1116,0.04458,0.04386,0.04851,0.03585,0.02777,0.2144,0.2162,
2.176,0.3757,0.1014,0.0849,0.07078,0.1109,0.04464,0.04392,0.04858,0.0369,0.0268,0.2147,0.2165,
2.176,0.3783,0.1012,0.08516,0.07088,0.1105,0.04466,0.04394,0.0486,0.03746,0.02627,0.2148,0.2166,
2.176,0.3829,0.101,0.08516,0.07112,0.1102,0.04467,0.04395,0.04862,0.03748,0.02628,0.2149,0.2167,
2.176,0.3852,0.1008,0.08522,0.07132,0.1098,0.04468,0.04397,0.04864,0.03749,0.02628,0.215,0.2168,
2.176,0.3857,0.1009,0.08466,0.07169,0.1091,0.04475,0.04403,0.0487,0.03754,0.02632,0.2153,0.2171,
2.175,0.4061,0.1004,0.08492,0.07189,0.1091,0.0444,0.04394,0.04859,0.03795,0.02577,0.2153,0.2177,
2.173,0.3906,0.1021,0.08483,0.07026,0.1087,0.04437,0.04392,0.04927,0.03722,0.02576,0.2162,0.2174,
2.195,0.3902,0.1057,0.08487,0.07018,0.1092,0.04432,0.04387,0.04976,0.03718,0.03534,0.2069,0.2127,
2.193,0.3857,0.1029,0.08481,0.0688,0.1116,0.04427,0.04382,0.04971,0.03714,0.03531,0.2077,0.2139,
2.193,0.3824,0.1029,0.08452,0.06876,0.1113,0.04431,0.04386,0.04975,0.03717,0.03534,0.2079,0.2141,
2.193,0.3739,0.1028,0.08434,0.0691,0.1113,0.04431,0.04386,0.04975,0.03717,0.03534,0.2079,0.2141,
2.193,0.3845,0.1013,0.08435,0.0692,0.1127,0.04431,0.04386,0.04975,0.03717,0.03534,0.2079,0.2141,
2.192,0.3892,0.1012,0.08377,0.06933,0.1126,0.04475,0.04337,0.04973,0.03806,0.03441,0.2088,0.214,
2.191,0.3733,0.09944,0.08439,0.06956,0.1114,0.04482,0.04344,0.04981,0.03976,0.03282,0.2102,0.2144,
2.19,0.3765,0.0988,0.08457,0.06967,0.1112,0.04417,0.04348,0.05029,0.03936,0.03284,0.2104,0.2152,
2.188,0.3822,0.09859,0.08447,0.06836,0.1111,0.04412,0.04344,0.05023,0.03932,0.03281,0.2112,0.2164,
2.186,0.3825,0.09827,0.0846,0.067,0.1105,0.04409,0.04341,0.0502,0.03929,0.03279,0.2122,0.2176,
2.184,0.3853,0.1008,0.08441,0.06718,0.1105,0.04994,0.03637,0.05017,0.03927,0.03277,0.2131,0.2155,
2.181,0.3877,0.1005,0.08443,0.0672,0.1104,0.04876,0.03542,0.05012,0.03923,0.03274,0.2139,0.2173,
2.18,0.39,0.1017,0.0842,0.06723,0.1097,0.04867,0.03571,0.04968,0.0397,0.03213,0.2157,0.2155,
2.185,0.3926,0.1012,0.08371,0.06735,0.1096,0.04859,0.03565,0.0496,0.03963,0.03555,0.214,0.2152,
2.185,0.3936,0.101,0.08389,0.06741,0.1092,0.0486,0.03566,0.04962,0.04019,0.03502,0.2141,0.2153,
2.185,0.4066,0.1001,0.08367,0.06764,0.109,0.04869,0.03616,0.04928,0.04026,0.03508,0.2145,0.2157,
2.165,0.4321,0.09978,0.08341,0.06763,0.1088,0.07192,0.01275,0.04917,0.04072,0.03609,0.2146,0.2152,
2.164,0.426,0.09976,0.08314,0.06807,0.108,0.07131,0.01276,0.04921,0.04076,0.03612,0.2148,0.2161,
2.164,0.423,0.09745,0.08346,0.06818,0.1096,0.07134,0.01277,0.04923,0.04077,0.03614,0.2149,0.2162,
2.149,0.441,0.09732,0.08316,0.06844,0.1091,0.07129,0.01276,0.07017,0.02032,0.03557,0.2158,0.216,
2.15,0.445,0.09691,0.08349,0.06853,0.1091,0.07129,0.01342,0.0695,0.02032,0.03557,0.2158,0.216,
2.165,0.4731,0.09199,0.08326,0.06858,0.1137,0.07067,0.05534,0.02766,0.02034,0.0356,0.216,0.2169,
2.165,0.4802,0.0919,0.08343,0.06861,0.1133,0.07071,0.05537,0.02767,0.02034,0.03561,0.2161,0.217,
2.163,0.4674,0.09195,0.08339,0.06857,0.1126,0.06929,0.05544,0.02771,0.02037,0.03566,0.2164,0.2187,
2.163,0.4636,0.09192,0.08321,0.06878,0.1126,0.06929,0.05544,0.02771,0.02037,0.03566,0.2164,0.2187,
2.172,0.4558,0.09503,0.08243,0.06881,0.1118,0.06934,0.05604,0.02716,0.02038,0.04035,0.213,0.2157,
2.172,0.4578,0.09477,0.08226,0.06898,0.1117,0.06926,0.05598,0.02713,0.02036,0.0403,0.2138,0.2154,
2.17,0.4524,0.09382,0.08237,0.06908,0.1116,0.06867,0.05606,0.02771,0.01984,0.04036,0.2141,0.2164,
2.17,0.4525,0.0938,0.08219,0.06922,0.1107,0.06866,0.05605,0.02771,0.01983,0.04035,0.2151,0.2164,
2.169,0.4551,0.09344,0.08263,0.06935,0.1096,0.06806,0.05612,0.0289,0.01979,0.0393,0.2154,0.2174,
2.171,0.4539,0.09616,0.08252,0.0695,0.1087,0.06805,0.05611,0.0289,0.01978,0.0393,0.2165,0.2145,
2.18,0.4552,0.09444,0.0823,0.06957,0.1102,0.06729,0.05605,0.02887,0.02094,0.04415,0.2112,0.2149,
2.18,0.456,0.09424,0.08218,0.06963,0.1101,0.06722,0.05599,0.02884,0.02219,0.04284,0.2121,0.2147,
2.178,0.4578,0.09404,0.08182,0.06967,0.1099,0.06595,0.05622,0.02843,0.02346,0.04143,0.2137,0.2154,
2.178,0.4587,0.09234,0.08202,0.0697,0.1113,0.06595,0.05622,0.02843,0.02346,0.04143,0.2137,0.2154,
2.174,0.4602,0.09215,0.08202,0.06777,0.1112,0.0652,0.05616,0.0284,0.02343,0.04139,0.2146,0.2177,
2.173,0.4645,0.09183,0.0823,0.06641,0.1109,0.06522,0.05618,0.02841,0.02452,0.04032,0.2147,0.2193,
2.175,0.4665,0.09344,0.08228,0.06649,0.1113,0.06518,0.05615,0.02839,0.0245,0.0403,0.2156,0.2164,
2.173,0.4673,0.09335,0.08234,0.06668,0.1105,0.06398,0.05588,0.02842,0.02453,0.04033,0.2158,0.2182,
2.185,0.4592,0.09646,0.08216,0.06659,0.1099,0.06386,0.05676,0.02739,0.02502,0.04711,0.2102,0.2146,
2.184,0.4537,0.09615,0.08203,0.06667,0.1091,0.0632,0.05678,0.02739,0.02503,0.04712,0.2113,0.2153,
2.185,0.4526,0.09604,0.08199,0.06685,0.1087,0.06323,0.0568,0.02741,0.02766,0.04451,0.2114,0.2154,
2.183,0.4524,0.09612,0.08127,0.0664,0.1088,0.062,0.05673,0.02737,0.0287,0.04338,0.2132,0.216,
2.182,0.4645,0.0962,0.08117,0.06662,0.108,0.06259,0.05713,0.0265,0.0298,0.04233,0.2134,0.2162,
2.182,0.4525,0.09603,0.08126,0.06671,0.108,0.06192,0.05713,0.02693,0.02937,0.04233,0.2134,0.2169,
2.182,0.463,0.09707,0.08107,0.06678,0.108,0.06241,0.05656,0.02735,0.02892,0.04231,0.2144,0.2152,
2.181,0.4435,0.0969,0.081,0.06675,0.1078,0.06234,0.05731,0.02651,0.02996,0.04118,0.2152,0.215,
2.18,0.4668,0.09692,0.08091,0.06691,0.1072,0.06172,0.05735,0.02652,0.02997,0.04121,0.2154,0.2159,
2.189,0.4358,0.09765,0.08089,0.06705,0.1057,0.06175,0.05736,0.02653,0.02998,0.04661,0.2113,0.2152,
2.189,0.4383,0.09737,0.08127,0.06715,0.105,0.0618,0.05741,0.02697,0.02957,0.04663,0.2115,0.2154,
2.188,0.4272,0.09727,0.0811,0.06716,0.1049,0.06174,0.05789,0.0264,0.02954,0.04658,0.2123,0.2151,
2.162,0.4524,0.09403,0.08112,0.06727,0.1074,0.09362,0.02385,0.02642,0.03011,0.04608,0.2125,0.2176,
2.164,0.3994,0.09686,0.08115,0.06727,0.1073,0.09411,0.0233,0.02684,0.02966,0.04606,0.2134,0.214,
2.163,0.3769,0.09665,0.08114,0.06755,0.1058,0.09417,0.02388,0.02626,0.03071,0.04504,0.2146,0.2142,
2.164,0.3733,0.09631,0.08137,0.06778,0.1054,0.09421,0.02389,0.02628,0.03214,0.04365,0.2147,0.2143,
2.163,0.383,0.09625,0.08133,0.06704,0.1054,0.09421,0.02443,0.02573,0.03214,0.04365,0.2147,0.2151,
2.161,0.3819,0.09537,0.08111,0.06573,0.1062,0.09353,0.02443,0.02573,0.03214,0.04365,0.2147,0.2174,
2.162,0.3635,0.09822,0.08059,0.06583,0.1055,0.09292,0.02445,0.02573,0.03216,0.04367,0.216,0.2149,
2.16,0.3682,0.09822,0.08035,0.06607,0.1055,0.09065,0.02445,0.02573,0.03306,0.04276,0.216,0.2172,
2.166,0.3618,0.09916,0.081,0.06614,0.1054,0.08942,0.02497,0.0256,0.03647,0.04202,0.2136,0.2162,
2.154,0.3612,0.09903,0.08099,0.06629,0.1054,0.09738,0.017,0.0256,0.03647,0.04202,0.2136,0.2162,
2.155,0.3549,0.1007,0.0807,0.06655,0.1049,0.09732,0.01733,0.02566,0.036,0.04199,0.2146,0.2142,
2.151,0.3612,0.1005,0.0806,0.06504,0.1049,0.09582,0.01791,0.02541,0.03514,0.04199,0.2146,0.2181,
2.15,0.3644,0.09852,0.08058,0.06521,0.1068,0.09396,0.01791,0.02541,0.03677,0.04036,0.2146,0.22,
2.149,0.3689,0.09843,0.0806,0.06369,0.1064,0.094,0.01791,0.0269,0.03621,0.03947,0.2147,0.2217,
2.148,0.3862,0.09712,0.08026,0.06389,0.1076,0.09405,0.01792,0.02691,0.03852,0.03717,0.2148,0.2218,
2.148,0.3585,0.09686,0.07998,0.06417,0.1073,0.09345,0.01793,0.02691,0.03856,0.03719,0.215,0.2227,
2.148,0.3678,0.09698,0.08003,0.06431,0.1061,0.09357,0.01796,0.02749,0.03806,0.03725,0.2153,0.223,
2.148,0.3696,0.09674,0.08014,0.06443,0.1061,0.09357,0.01796,0.02749,0.03806,0.03725,0.2153,0.223,
2.148,0.3709,0.09668,0.08006,0.06458,0.1061,0.09357,0.01796,0.02749,0.03806,0.03725,0.2153,0.223,
2.145,0.4027,0.09636,0.08029,0.06399,0.1061,0.09153,0.0183,0.02715,0.03806,0.03725,0.2153,0.2257,
2.144,0.3767,0.09753,0.08063,0.064,0.1056,0.09307,0.0167,0.02713,0.03804,0.03722,0.2162,0.2239,
2.143,0.3764,0.09679,0.08064,0.0642,0.1056,0.09315,0.0167,0.02713,0.03807,0.03725,0.2164,0.2241,
2.138,0.3732,0.09445,0.0803,0.06461,0.1076,0.09319,0.0167,0.04644,0.01878,0.03726,0.2165,0.2242,
2.145,0.3829,0.09661,0.08069,0.06465,0.1074,0.08911,0.01724,0.04587,0.01877,0.04187,0.2128,0.225,
2.142,0.4021,0.09651,0.08092,0.06477,0.1063,0.08651,0.01726,0.04648,0.01825,0.04193,0.2131,0.228,
2.143,0.3851,0.09757,0.08103,0.06478,0.1058,0.0847,0.01725,0.04645,0.02197,0.03817,0.214,0.2283,
2.149,0.38,0.1063,0.08083,0.06498,0.1045,0.08467,0.01723,0.04641,0.02195,0.03815,0.2161,0.2189,
2.148,0.3826,0.105,0.08065,0.06523,0.1054,0.08402,0.01724,0.04643,0.02196,0.03817,0.2162,0.2197,
2.148,0.3789,0.105,0.08038,0.06557,0.105,0.08338,0.01725,0.04645,0.02352,0.03664,0.2163,0.2205,
2.147,0.3878,0.105,0.08034,0.06561,0.105,0.08224,0.01725,0.04645,0.02352,0.03664,0.2163,0.2216,
2.155,0.3606,0.1095,0.08045,0.06574,0.1038,0.08249,0.01634,0.04644,0.02352,0.04119,0.2129,0.2177,
2.154,0.3635,0.1109,0.08035,0.06577,0.1038,0.08034,0.01633,0.04641,0.02351,0.04116,0.2138,0.2176,
2.154,0.3683,0.1109,0.08017,0.06598,0.1038,0.08034,0.01633,0.04725,0.02267,0.04116,0.2138,0.2176,
2.154,0.367,0.1107,0.0803,0.06619,0.1033,0.08038,0.01634,0.04727,0.02359,0.04027,0.2139,0.2177,
2.157,0.3606,0.1159,0.07996,0.0664,0.1033,0.08061,0.01659,0.04724,0.02303,0.04025,0.2149,0.2119,
2.157,0.3711,0.1141,0.07988,0.06662,0.1044,0.08068,0.0166,0.04727,0.02304,0.04027,0.2151,0.2121,
2.155,0.3818,0.1139,0.07993,0.06683,0.1044,0.07936,0.01632,0.04727,0.02304,0.04027,0.2151,0.2137,
2.152,0.3793,0.1137,0.08011,0.06579,0.104,0.07885,0.01619,0.04841,0.02192,0.04028,0.2152,0.2156,
2.151,0.3725,0.1136,0.0801,0.06578,0.1036,0.07775,0.0162,0.04843,0.02284,0.03939,0.2153,0.217,
2.15,0.3613,0.1109,0.08012,0.06587,0.1057,0.07713,0.01621,0.04935,0.02197,0.03942,0.2155,0.2179,
2.146,0.3625,0.1091,0.08028,0.06603,0.1071,0.07372,0.01621,0.05007,0.02125,0.03942,0.2155,0.2213,
2.145,0.3619,0.1082,0.08017,0.06621,0.1068,0.07379,0.01623,0.05012,0.02126,0.03945,0.2157,0.2222,
2.14,0.3655,0.1081,0.08025,0.06628,0.1064,0.06909,0.01667,0.04969,0.02127,0.03946,0.2158,0.227,
2.148,0.3629,0.1146,0.08011,0.06618,0.1063,0.06897,0.01719,0.0496,0.02069,0.0417,0.2152,0.2195,
2.148,0.363,0.115,0.08007,0.06611,0.1074,0.06889,0.01717,0.05042,0.0198,0.04166,0.2161,0.2174,
2.148,0.3614,0.1161,0.08006,0.0661,0.1073,0.06882,0.01715,0.05036,0.01978,0.04162,0.2169,0.2158,
2.158,0.3843,0.1159,0.07986,0.06617,0.1072,0.06874,0.03288,0.03456,0.02067,0.04138,0.217,0.2156,
2.157,0.3839,0.1151,0.07965,0.06637,0.1066,0.06936,0.03249,0.03463,0.0207,0.04147,0.2175,0.2161,
2.158,0.4157,0.1144,0.07975,0.06637,0.1072,0.06936,0.03249,0.03463,0.02161,0.04056,0.2175,0.2161,
2.175,0.3666,0.118,0.07975,0.06637,0.1071,0.06821,0.03191,0.03446,0.02159,0.05259,0.2063,0.2137,
2.175,0.3587,0.1142,0.07977,0.06647,0.1107,0.06865,0.03147,0.03446,0.02159,0.05259,0.2063,0.2137,
2.171,0.3446,0.1142,0.07955,0.06672,0.1107,0.06865,0.04507,0.02086,0.02159,0.05259,0.2063,0.2137,
2.17,0.3802,0.1135,0.07952,0.06673,0.1103,0.06877,0.04585,0.0202,0.02163,0.05268,0.2067,0.2141,
2.169,0.3362,0.113,0.07985,0.06686,0.1103,0.06866,0.04527,0.0202,0.02163,0.05268,0.2067,0.2148,
2.17,0.3431,0.1124,0.08018,0.06698,0.1089,0.06793,0.04579,0.01963,0.02532,0.04892,0.2086,0.2153,
2.17,0.3501,0.112,0.08004,0.06724,0.1087,0.06842,0.04539,0.01963,0.02534,0.04895,0.2088,0.2155,
2.171,0.3532,0.1118,0.08017,0.0673,0.1078,0.0687,0.0451,0.01963,0.0297,0.04458,0.2098,0.2155,
2.172,0.358,0.1115,0.08013,0.06767,0.1069,0.06879,0.04516,0.02282,0.02658,0.04464,0.2101,0.2158,
2.173,0.3844,0.1111,0.08047,0.06771,0.1069,0.06751,0.04516,0.02282,0.03164,0.03958,0.2101,0.217,
2.172,0.385,0.1093,0.08028,0.06795,0.1079,0.06747,0.04514,0.02353,0.03089,0.03954,0.211,0.2169,
2.17,0.3857,0.109,0.07994,0.06782,0.1076,0.06726,0.04566,0.02279,0.03079,0.03941,0.2135,0.2162,
2.17,0.3913,0.1117,0.07974,0.06796,0.1075,0.06651,0.04631,0.02207,0.03203,0.0381,0.2144,0.2138,
2.168,0.3895,0.1116,0.07959,0.06795,0.1073,0.0653,0.04626,0.02204,0.03199,0.03806,0.2152,0.2147,
2.167,0.3938,0.1069,0.07974,0.06799,0.1114,0.06523,0.04748,0.02075,0.03446,0.03552,0.2161,0.2144,
2.167,0.3933,0.1067,0.07976,0.06819,0.1114,0.06523,0.04748,0.02075,0.03545,0.03452,0.2161,0.2144,
2.165,0.3366,0.1058,0.07984,0.0685,0.1108,0.0633,0.04756,0.02078,0.03551,0.03457,0.2164,0.2169,
2.173,0.3267,0.1087,0.07955,0.06869,0.1123,0.06258,0.04753,0.02077,0.03549,0.03802,0.2139,0.2125,
2.17,0.3321,0.1085,0.07963,0.06879,0.1123,0.06042,0.04797,0.02034,0.03549,0.03802,0.2139,0.2147,
2.166,0.3344,0.1085,0.07958,0.06903,0.1115,0.05934,0.05053,0.01783,0.03552,0.03805,0.2141,0.216,
2.166,0.3201,0.1073,0.07949,0.06923,0.1118,0.05942,0.0506,0.01786,0.03557,0.03811,0.2144,0.2163,
2.165,0.3288,0.107,0.07946,0.06949,0.1106,0.05953,0.05139,0.0172,0.03564,0.03818,0.2148,0.2167,
2.165,0.3198,0.107,0.07951,0.06984,0.1091,0.05991,0.0512,0.01722,0.03569,0.03823,0.2152,0.2171,
2.165,0.3216,0.1069,0.07953,0.06989,0.1091,0.05991,0.0512,0.01722,0.03569,0.03823,0.2152,0.2171,
2.162,0.3149,0.1067,0.07981,0.06963,0.1087,0.05844,0.05122,0.01722,0.03571,0.03824,0.2153,0.219,
2.163,0.3101,0.1067,0.07993,0.06965,0.1084,0.05846,0.05124,0.01849,0.03445,0.03825,0.2154,0.2191,
2.163,0.3181,0.1066,0.08005,0.06998,0.1072,0.05854,0.05131,0.01852,0.03449,0.0383,0.2157,0.2194,
2.163,0.3224,0.1034,0.08023,0.07013,0.1094,0.0586,0.05136,0.01854,0.03453,0.03834,0.2159,0.2196,
2.161,0.3186,0.102,0.0805,0.06908,0.1104,0.05723,0.05136,0.02048,0.03313,0.03779,0.2159,0.2221,
2.161,0.3096,0.102,0.08036,0.06923,0.1104,0.05723,0.05136,0.02048,0.03313,0.03779,0.2159,0.2221,
2.158,0.3103,0.1019,0.08047,0.0693,0.1101,0.05454,0.05138,0.02121,0.03241,0.03779,0.216,0.2249,
2.158,0.311,0.1054,0.08022,0.06791,0.11,0.0538,0.05132,0.02163,0.0329,0.03679,0.2168,0.2233,
2.159,0.3113,0.1085,0.07989,0.06814,0.1098,0.05374,0.05127,0.0216,0.03286,0.03675,0.2177,0.2198,
2.159,0.3149,0.1076,0.08013,0.06819,0.1104,0.05374,0.05127,0.0216,0.03472,0.03489,0.2177,0.2198,
2.16,0.3151,0.107,0.08065,0.0683,0.1104,0.05374,0.05127,0.0216,0.03472,0.03489,0.2177,0.2198,
2.16,0.3177,0.1069,0.08076,0.06845,0.1096,0.05378,0.05131,0.02162,0.03474,0.03491,0.2179,0.22,
2.175,0.3219,0.1077,0.08051,0.06875,0.111,0.05373,0.05184,0.02156,0.03507,0.04241,0.2103,0.2172,
2.174,0.3235,0.1076,0.08067,0.06878,0.1094,0.05467,0.05096,0.02156,0.03508,0.04241,0.2115,0.2173,
2.173,0.3307,0.107,0.08117,0.06876,0.1089,0.05396,0.05093,0.02155,0.03691,0.04054,0.2124,0.2179,
2.174,0.3401,0.1067,0.08148,0.06876,0.1089,0.05396,0.05093,0.02228,0.03618,0.04054,0.2124,0.2179,
2.174,0.3495,0.1047,0.08211,0.06891,0.1098,0.05398,0.05096,0.02229,0.03619,0.04056,0.2125,0.218,
2.163,0.3565,0.1045,0.08197,0.06899,0.1094,0.05394,0.05983,0.01337,0.03616,0.04052,0.2134,0.2178,
2.168,0.3446,0.1045,0.08203,0.06899,0.1094,0.05394,0.06041,0.02099,0.02944,0.03904,0.2134,0.2178,
2.153,0.3829,0.1056,0.08177,0.06766,0.1092,0.08466,0.02946,0.02095,0.03029,0.03804,0.2151,0.2173,
2.152,0.3647,0.1056,0.08158,0.06795,0.1088,0.08355,0.02947,0.02094,0.03085,0.0375,0.2152,0.2185,
2.15,0.3733,0.09623,0.08164,0.06812,0.1176,0.08394,0.02913,0.0215,0.03031,0.03752,0.2153,0.2186,
2.151,0.3707,0.09623,0.08145,0.06831,0.1176,0.08394,0.02968,0.02095,0.03275,0.03508,0.2153,0.2186,
2.152,0.374,0.09904,0.08137,0.06833,0.117,0.08396,0.02969,0.02096,0.03441,0.03345,0.2165,0.2153,
2.153,0.3705,0.09707,0.08118,0.0683,0.1178,0.08386,0.02965,0.02221,0.03309,0.03449,0.2173,0.215,
2.176,0.3642,0.09666,0.08103,0.06848,0.1172,0.0844,0.02908,0.0222,0.03397,0.04777,0.2041,0.215,
2.175,0.3666,0.09632,0.08106,0.06798,0.1167,0.08436,0.02907,0.02219,0.03505,0.04665,0.205,0.2156,
2.173,0.364,0.09633,0.08113,0.06806,0.116,0.08352,0.02886,0.02219,0.03506,0.04667,0.2052,0.2169,
2.171,0.3715,0.09628,0.08083,0.06817,0.1148,0.08292,0.02834,0.02221,0.03509,0.04671,0.2064,0.2182,
2.168,0.3718,0.0958,0.08135,0.0682,0.1144,0.08068,0.02812,0.02277,0.03456,0.04673,0.2065,0.2208,
2.167,0.3724,0.09394,0.08123,0.06694,0.1157,0.08075,0.02815,0.02334,0.03404,0.04677,0.2067,0.2225,
2.167,0.3743,0.09519,0.08105,0.06698,0.1164,0.08002,0.02848,0.02297,0.03402,0.04674,0.2076,0.2205,
2.166,0.4076,0.09503,0.08111,0.06708,0.1164,0.08104,0.02746,0.02297,0.03402,0.04674,0.2076,0.2205,
2.167,0.4015,0.09642,0.08081,0.06732,0.116,0.08099,0.02744,0.02296,0.03399,0.0467,0.2085,0.2189,
2.17,0.3964,0.1011,0.08065,0.06733,0.1158,0.08091,0.02741,0.02294,0.03485,0.04576,0.2094,0.2138,
2.17,0.3867,0.1011,0.08052,0.06759,0.1154,0.08149,0.02688,0.02295,0.03486,0.04578,0.2095,0.2139,
2.168,0.3676,0.09657,0.08043,0.06766,0.119,0.08203,0.02633,0.02426,0.03355,0.04578,0.2105,0.2139,
2.167,0.3754,0.09548,0.08033,0.06765,0.1198,0.08194,0.02685,0.02369,0.03351,0.04573,0.2113,0.2137,
2.166,0.3704,0.09409,0.08003,0.06767,0.1204,0.08181,0.0268,0.02408,0.03302,0.04565,0.2131,0.2133,
2.165,0.3703,0.0939,0.08016,0.06764,0.1196,0.08179,0.0268,0.02406,0.0343,0.04433,0.2141,0.2133,
2.164,0.3699,0.0939,0.08007,0.06773,0.1196,0.0802,0.0268,0.02406,0.0343,0.04433,0.2141,0.2149,
2.162,0.3738,0.09325,0.08067,0.06777,0.1196,0.07829,0.02666,0.02479,0.03357,0.04433,0.2141,0.2169,
2.162,0.3795,0.09283,0.0808,0.0679,0.1195,0.07832,0.02667,0.0248,0.0355,0.04244,0.2142,0.217,
2.162,0.3964,0.09262,0.0809,0.068,0.1195,0.07764,0.02667,0.0248,0.0355,0.04244,0.2142,0.2177,
2.161,0.3927,0.09337,0.08059,0.06795,0.119,0.07754,0.02664,0.02477,0.03544,0.04237,0.2161,0.2163,
2.161,0.3963,0.09337,0.08049,0.06805,0.119,0.07801,0.02617,0.02477,0.03544,0.04237,0.2161,0.2163,
2.159,0.3982,0.09332,0.08054,0.06667,0.119,0.07801,0.02617,0.02477,0.03599,0.04183,0.2161,0.2177,
2.133,0.42,0.09145,0.08059,0.06684,0.1197,0.09419,0.01013,0.02481,0.03603,0.04189,0.2164,0.218,
2.142,0.4005,0.09274,0.08031,0.06686,0.1201,0.09417,0.01013,0.02479,0.03603,0.04689,0.2124,0.2156,
2.142,0.4078,0.09269,0.08009,0.06714,0.1201,0.09349,0.01013,0.02479,0.03657,0.04635,0.2124,0.2162,
2.142,0.4088,0.0924,0.0802,0.06731,0.1201,0.0928,0.01071,0.02508,0.0357,0.04635,0.2124,0.2169,
2.141,0.4185,0.09229,0.0801,0.06759,0.1198,0.09148,0.01107,0.02474,0.03572,0.04637,0.2125,0.2184,
2.14,0.4109,0.09211,0.08035,0.06785,0.1186,0.09216,0.01053,0.02532,0.03522,0.04643,0.2128,0.2187,
2.142,0.4206,0.0946,0.0801,0.06797,0.1177,0.09219,0.01053,0.02533,0.03522,0.04643,0.2139,0.216,
2.142,0.4252,0.09705,0.08007,0.06801,0.1173,0.09058,0.01053,0.02532,0.03521,0.04642,0.2149,0.2146,
2.14,0.422,0.09673,0.07998,0.06808,0.1174,0.08816,0.01025,0.02534,0.03696,0.04471,0.215,0.2174,
2.139,0.4299,0.09648,0.07999,0.06829,0.1164,0.08815,0.01025,0.02533,0.0419,0.03976,0.2161,0.2173,
2.139,0.4383,0.1001,0.08004,0.06844,0.1147,0.08565,0.01025,0.02534,0.04193,0.03978,0.2173,0.2164,
2.138,0.4242,0.09944,0.08019,0.06865,0.1142,0.08457,0.01027,0.02537,0.04503,0.03679,0.2176,0.2179,
2.152,0.425,0.09917,0.08018,0.0687,0.1135,0.08455,0.01027,0.02537,0.04502,0.04605,0.2094,0.2178,
2.151,0.4233,0.09919,0.08002,0.06875,0.1127,0.08398,0.01028,0.02539,0.04681,0.04436,0.2097,0.2188,
2.152,0.436,0.09912,0.08003,0.0688,0.1127,0.08398,0.01028,0.02644,0.04917,0.04095,0.2097,0.2188,
2.152,0.429,0.1014,0.0798,0.06897,0.1126,0.0832,0.01027,0.02641,0.04912,0.04091,0.2105,0.2168,
2.152,0.4339,0.1009,0.08011,0.06916,0.1126,0.0832,0.01027,0.02641,0.05003,0.04,0.2105,0.2168,
2.15,0.4347,0.1031,0.08018,0.06857,0.1135,0.08012,0.0105,0.02571,0.04986,0.03997,0.2115,0.217,
2.15,0.4288,0.1031,0.0801,0.06878,0.1131,0.08016,0.01051,0.02572,0.05126,0.03862,0.2115,0.2171,
2.149,0.4328,0.1026,0.08018,0.06881,0.1131,0.08019,0.01095,0.02529,0.0527,0.03722,0.2116,0.2172,
2.148,0.4345,0.1019,0.08038,0.06881,0.113,0.07877,0.01094,0.02572,0.05278,0.03665,0.2126,0.2185,
2.147,0.4337,0.1003,0.08036,0.06888,0.1144,0.07881,0.01095,0.02573,0.05279,0.03665,0.2127,0.2186,
2.147,0.4414,0.09954,0.08054,0.069,0.1139,0.07891,0.01096,0.02575,0.05286,0.03669,0.213,0.2189,
2.148,0.4337,0.1044,0.08049,0.06885,0.1137,0.07581,0.01152,0.02555,0.05231,0.03661,0.2146,0.2162,
2.146,0.4285,0.1042,0.08048,0.06886,0.1132,0.07508,0.01151,0.02553,0.05228,0.03659,0.2156,0.2167,
2.145,0.4314,0.1027,0.08051,0.06903,0.1142,0.07443,0.01152,0.02555,0.05231,0.03661,0.2157,0.2175,
2.145,0.4142,0.1024,0.08027,0.06925,0.1128,0.07463,0.01155,0.02562,0.05244,0.0367,0.2163,0.2181,
2.145,0.4152,0.1012,0.08034,0.06929,0.1139,0.07463,0.01155,0.02562,0.05335,0.03578,0.2163,0.2181,
2.144,0.4372,0.1034,0.08042,0.06934,0.1137,0.07322,0.01154,0.0256,0.05423,0.03484,0.2172,0.2166,
2.144,0.4243,0.1029,0.08039,0.06952,0.1137,0.07325,0.01155,0.02561,0.05426,0.03486,0.2173,0.2167,
2.144,0.4305,0.1013,0.08036,0.06972,0.1148,0.07328,0.01155,0.02562,0.05428,0.03488,0.2174,0.2168,
2.144,0.4203,0.1012,0.08024,0.06981,0.1143,0.07323,0.01216,0.02499,0.05424,0.03485,0.2184,0.2166,
2.143,0.3825,0.09865,0.07989,0.06985,0.1139,0.07322,0.0126,0.02455,0.05735,0.0333,0.2178,0.2189,
2.142,0.38,0.0987,0.07948,0.06997,0.1136,0.07327,0.0126,0.02456,0.05795,0.03277,0.218,0.2191,
2.141,0.3947,0.09816,0.07869,0.07025,0.1137,0.07269,0.01262,0.02459,0.05803,0.03281,0.2183,0.2201,
2.153,0.3789,0.09822,0.07898,0.07027,0.1147,0.07267,0.0132,0.024,0.05802,0.03874,0.2134,0.2177,
2.151,0.3792,0.09774,0.07906,0.07022,0.1141,0.07187,0.01318,0.02396,0.05847,0.03812,0.2152,0.2181,
2.147,0.38,0.09774,0.07896,0.07032,0.1141,0.06947,0.01327,0.02352,0.05902,0.03757,0.2152,0.2208,
2.147,0.3666,0.09774,0.07867,0.07061,0.1141,0.06994,0.0128,0.02352,0.05902,0.03757,0.2152,0.2208,
2.147,0.3732,0.09756,0.07884,0.0708,0.1134,0.06999,0.0128,0.02353,0.05906,0.03759,0.2154,0.221,
