entropy,entropyInd,RabA,RabB,RabC,RabD,RabE,RabF,RabG,RabH,RabI,xER,xPM,
2.178,0.3355,0.106,0.0907,0.0685,0.1252,0.05449,0.03938,0.03062,0.03407,0.03502,0.2066,0.2094,
2.178,0.358,0.1061,0.09078,0.06855,0.1245,0.05453,0.03941,0.03064,0.03409,0.03504,0.2068,0.2096,
2.178,0.3481,0.1061,0.09078,0.06855,0.1245,0.05453,0.03941,0.03064,0.03409,0.03504,0.2068,0.2096,
2.176,0.3468,0.1044,0.09027,0.06846,0.124,0.0545,0.03939,0.03062,0.03407,0.03502,0.2077,0.2116,
2.175,0.3352,0.103,0.09031,0.06848,0.1236,0.05453,0.0394,0.03063,0.03408,0.03503,0.2078,0.2131,
2.176,0.3368,0.1067,0.0903,0.06846,0.1228,0.05384,0.03939,0.03061,0.03407,0.03502,0.2088,0.21,
2.176,0.333,0.1067,0.0903,0.06846,0.1228,0.05384,0.03939,0.03061,0.03407,0.03502,0.2088,0.21,
2.175,0.3372,0.1064,0.09003,0.06855,0.1222,0.05326,0.03946,0.03067,0.03412,0.03507,0.2092,0.2111,
2.177,0.3314,0.1101,0.08993,0.06847,0.1221,0.05321,0.03942,0.03063,0.03409,0.03503,0.21,0.207,
2.174,0.336,0.11,0.08996,0.06853,0.1214,0.05173,0.03946,0.03067,0.03413,0.03507,0.2103,0.2088,
2.174,0.3326,0.11,0.08959,0.06855,0.1214,0.05176,0.03948,0.03068,0.03414,0.03509,0.2104,0.2089,
2.174,0.3207,0.1101,0.08968,0.06862,0.1204,0.0518,0.03953,0.03072,0.03418,0.03512,0.2107,0.2092,
2.197,0.3118,0.1099,0.08914,0.06783,0.1202,0.05119,0.03933,0.03067,0.03413,0.05149,0.196,0.2102,
2.197,0.3116,0.11,0.08917,0.06786,0.1198,0.05121,0.03935,0.03068,0.03414,0.05151,0.196,0.2102,
2.194,0.2951,0.1097,0.08892,0.06794,0.1192,0.04931,0.03942,0.03073,0.0342,0.0516,0.1964,0.2126,
2.194,0.2959,0.1115,0.08864,0.06783,0.1184,0.04933,0.03943,0.03074,0.03421,0.05161,0.1974,0.2109,
2.193,0.2962,0.1114,0.08855,0.06776,0.1183,0.04862,0.03939,0.03071,0.03418,0.05156,0.1982,0.2113,
2.188,0.3017,0.1114,0.08855,0.06574,0.1183,0.04707,0.03939,0.03071,0.03418,0.05156,0.1982,0.2149,
2.187,0.3089,0.1111,0.08831,0.06582,0.1179,0.04647,0.03944,0.03074,0.03422,0.05162,0.1985,0.2158,
2.185,0.3073,0.1098,0.08827,0.06587,0.1176,0.04585,0.03947,0.03077,0.03424,0.05166,0.1987,0.2178,
2.184,0.314,0.1098,0.08827,0.06587,0.1176,0.04518,0.03947,0.03077,0.03424,0.05166,0.1987,0.2185,
2.185,0.3142,0.1144,0.08819,0.06581,0.1175,0.04403,0.03943,0.03073,0.03421,0.05161,0.1995,0.2147,
2.182,0.3155,0.1144,0.08826,0.06475,0.1168,0.04296,0.03947,0.03075,0.03424,0.05165,0.1996,0.2171,
2.183,0.309,0.1166,0.08824,0.06473,0.116,0.04295,0.03946,0.03074,0.03423,0.05164,0.2006,0.2149,
2.183,0.3186,0.1164,0.08804,0.06474,0.116,0.04297,0.03947,0.03076,0.03424,0.05166,0.2007,0.215,
2.182,0.3206,0.116,0.08808,0.06477,0.1161,0.04233,0.03949,0.03077,0.03426,0.05168,0.2008,0.2157,
2.182,0.298,0.1173,0.08806,0.06476,0.1154,0.04232,0.03948,0.03076,0.03424,0.05167,0.2018,0.2143,
2.182,0.302,0.1171,0.0882,0.06487,0.1143,0.04239,0.03955,0.03081,0.0343,0.05176,0.2021,0.2147,
2.181,0.2979,0.1195,0.08771,0.06419,0.1138,0.04163,0.03952,0.03079,0.03428,0.05172,0.203,0.2138,
2.181,0.2932,0.1192,0.0877,0.06422,0.1139,0.04165,0.03954,0.0308,0.03429,0.05174,0.2031,0.2139,
2.179,0.2906,0.1222,0.08768,0.06421,0.1139,0.04026,0.03887,0.0308,0.03429,0.05173,0.2041,0.212,
2.176,0.2955,0.1205,0.08787,0.06277,0.1148,0.03985,0.03913,0.03839,0.02744,0.05059,0.2043,0.2144,
2.176,0.2994,0.1204,0.08783,0.0629,0.1148,0.03985,0.03913,0.03839,0.02877,0.04926,0.2043,0.2144,
2.173,0.3055,0.1203,0.08767,0.06112,0.1148,0.03919,0.03913,0.03839,0.02877,0.04926,0.2043,0.2171,
2.173,0.3101,0.1193,0.08733,0.06161,0.1145,0.03922,0.03917,0.03842,0.02879,0.0493,0.2045,0.2179,
2.17,0.3169,0.1193,0.08711,0.06184,0.1145,0.03767,0.03917,0.03842,0.02879,0.0493,0.2045,0.2195,
2.17,0.326,0.1175,0.087,0.06207,0.1156,0.03769,0.03977,0.03831,0.02839,0.04934,0.2046,0.2197,
2.17,0.3242,0.1202,0.08715,0.0622,0.1165,0.03655,0.03974,0.03881,0.02784,0.0493,0.2055,0.2162,
2.171,0.3298,0.1201,0.0869,0.06235,0.1161,0.03658,0.03977,0.03885,0.02884,0.04836,0.2057,0.2164,
2.171,0.3192,0.1219,0.08645,0.06248,0.1161,0.03656,0.03975,0.03882,0.02882,0.04834,0.2066,0.2141,
2.172,0.322,0.122,0.08635,0.06267,0.1157,0.03657,0.03976,0.03967,0.02934,0.04701,0.2067,0.2142,
2.172,0.3172,0.1214,0.08606,0.06291,0.1158,0.0366,0.03979,0.03971,0.02937,0.04705,0.2069,0.2144,
2.169,0.3083,0.1214,0.0859,0.06313,0.1144,0.03468,0.03987,0.03978,0.03127,0.04531,0.2074,0.2169,
2.167,0.351,0.1213,0.08627,0.06326,0.1132,0.03361,0.03992,0.03983,0.03184,0.04483,0.2077,0.2183,
2.164,0.3121,0.127,0.08613,0.06322,0.1126,0.03138,0.03928,0.03972,0.03336,0.04311,0.2102,0.214,
2.164,0.3168,0.1289,0.08609,0.06333,0.1121,0.03071,0.03928,0.03972,0.03683,0.03963,0.2112,0.2121,
2.163,0.3232,0.1289,0.08585,0.06334,0.1121,0.0306,0.03918,0.03964,0.0368,0.03952,0.2122,0.212,
2.166,0.3253,0.1283,0.08607,0.06332,0.112,0.03041,0.03902,0.04022,0.03736,0.04009,0.2112,0.2119,
2.166,0.3287,0.128,0.08639,0.06346,0.1116,0.03042,0.03904,0.04023,0.03791,0.03957,0.2113,0.212,
2.165,0.333,0.128,0.08663,0.06299,0.1101,0.03047,0.0391,0.0403,0.03887,0.03875,0.2117,0.2131,
2.166,0.331,0.1319,0.08676,0.06295,0.1096,0.03046,0.03908,0.04027,0.03974,0.03783,0.2126,0.2089,
2.166,0.3306,0.1319,0.08669,0.06302,0.1096,0.03046,0.03908,0.04027,0.03974,0.03783,0.2126,0.2089,
2.153,0.3749,0.1296,0.08701,0.06313,0.1106,0.03066,0.06513,0.01378,0.04407,0.03648,0.2111,0.2084,
2.153,0.3657,0.1294,0.08705,0.06326,0.1106,0.03066,0.06513,0.01378,0.04407,0.03648,0.2111,0.2084,
2.15,0.3685,0.1294,0.08703,0.06329,0.1103,0.03068,0.06516,0.01378,0.05038,0.03021,0.2112,0.2085,
2.151,0.3712,0.1273,0.0873,0.06348,0.1118,0.03069,0.06519,0.01378,0.0504,0.03022,0.2113,0.2086,
2.149,0.3773,0.1249,0.08718,0.0636,0.1136,0.03125,0.06471,0.0138,0.05478,0.02591,0.2115,0.2088,
2.156,0.3819,0.1224,0.08705,0.0636,0.1154,0.03146,0.0643,0.01377,0.05573,0.02909,0.2088,0.2084,
2.156,0.3842,0.1215,0.08685,0.0638,0.1151,0.032,0.06378,0.01376,0.05574,0.0291,0.21,0.2084,
2.156,0.3836,0.1211,0.08711,0.06397,0.1151,0.032,0.06378,0.01376,0.05574,0.0291,0.21,0.2084,
2.159,0.3903,0.1206,0.08721,0.06409,0.1151,0.03201,0.06381,0.01577,0.05376,0.02911,0.21,0.2085,
2.159,0.3833,0.1203,0.08707,0.06417,0.1152,0.03203,0.06384,0.01578,0.05379,0.02912,0.2101,0.2086,
2.158,0.3934,0.1188,0.08692,0.0643,0.1159,0.03196,0.0637,0.01575,0.05367,0.02906,0.2118,0.2082,
2.159,0.3956,0.1189,0.0868,0.06447,0.1155,0.03197,0.06372,0.01653,0.05291,0.02907,0.2119,0.2082,
2.158,0.394,0.1187,0.08678,0.0647,0.1152,0.03199,0.06375,0.01654,0.05427,0.02775,0.212,0.2083,
2.157,0.3883,0.118,0.08696,0.06487,0.1152,0.03134,0.06378,0.01654,0.05429,0.02776,0.2121,0.2091,
2.157,0.3907,0.1172,0.08703,0.06493,0.116,0.03187,0.06325,0.01654,0.05429,0.02776,0.2121,0.2091,
2.165,0.3835,0.1141,0.08697,0.06498,0.1184,0.05662,0.03877,0.01619,0.05426,0.03045,0.2103,0.209,
2.164,0.4567,0.114,0.08664,0.06514,0.1182,0.05709,0.0382,0.01617,0.0542,0.03042,0.2111,0.2088,
2.174,0.3876,0.1136,0.08636,0.06505,0.1179,0.05625,0.03808,0.01612,0.05403,0.03681,0.2071,0.2088,
2.174,0.3934,0.1133,0.08624,0.06519,0.1177,0.05619,0.03804,0.01709,0.05298,0.03677,0.2079,0.2086,
2.174,0.385,0.1132,0.08634,0.0653,0.1174,0.05622,0.03805,0.01709,0.05301,0.03679,0.208,0.2086,
2.172,0.3658,0.113,0.08645,0.06352,0.1174,0.05622,0.03872,0.01643,0.05301,0.03679,0.208,0.2104,
2.172,0.3319,0.113,0.08639,0.06358,0.1174,0.05622,0.03872,0.01696,0.05248,0.03679,0.208,0.2104,
2.172,0.3339,0.1129,0.08643,0.06307,0.1174,0.05622,0.03872,0.01696,0.05248,0.03679,0.208,0.2111,
2.174,0.3308,0.1128,0.08637,0.06319,0.1174,0.05622,0.03872,0.01936,0.05008,0.03679,0.208,0.2111,
2.174,0.3367,0.1123,0.08693,0.06325,0.117,0.05624,0.03873,0.01936,0.0501,0.0368,0.2081,0.2112,
2.173,0.3297,0.1122,0.08653,0.06371,0.117,0.05447,0.03873,0.02007,0.04939,0.0368,0.2081,0.213,
2.17,0.3364,0.1116,0.08656,0.06405,0.1167,0.05242,0.03876,0.02008,0.05032,0.03595,0.2083,0.2152,
2.17,0.3426,0.1111,0.08658,0.06419,0.1168,0.05244,0.03878,0.02052,0.04992,0.03597,0.2084,0.2153,
2.168,0.342,0.1111,0.08648,0.0644,0.1164,0.05091,0.03879,0.02094,0.04951,0.03598,0.2085,0.217,
2.168,0.3421,0.1098,0.0866,0.06449,0.1175,0.05091,0.03879,0.02094,0.05004,0.03545,0.2085,0.217,
2.165,0.3487,0.1096,0.0868,0.06453,0.1175,0.04989,0.03826,0.02094,0.05255,0.03294,0.2085,0.2185,
2.165,0.3479,0.1094,0.08657,0.0648,0.1168,0.04996,0.03831,0.02097,0.05262,0.03298,0.2087,0.2188,
2.165,0.3471,0.1092,0.08649,0.06488,0.1165,0.05,0.03834,0.02098,0.05267,0.03301,0.2089,0.219,
2.165,0.3442,0.1092,0.08634,0.06509,0.1172,0.04997,0.03832,0.02097,0.05264,0.03299,0.2099,0.2174,
2.163,0.3419,0.1112,0.08599,0.0652,0.1175,0.04792,0.03897,0.02021,0.05267,0.03301,0.2111,0.2164,
2.163,0.342,0.1108,0.08623,0.06531,0.1175,0.04845,0.03844,0.02021,0.05267,0.03301,0.2111,0.2164,
2.163,0.3485,0.1129,0.08596,0.0654,0.1184,0.04844,0.03843,0.02021,0.05597,0.0297,0.2121,0.2125,
2.178,0.3431,0.1138,0.08632,0.06538,0.1183,0.04772,0.03839,0.02019,0.05591,0.0381,0.2045,0.2114,
2.179,0.3461,0.1137,0.08622,0.06554,0.1183,0.04772,0.03839,0.02125,0.05484,0.0381,0.2045,0.2114,
2.178,0.3554,0.1138,0.08616,0.06566,0.1179,0.04721,0.03827,0.02126,0.05487,0.03811,0.2046,0.2122,
2.179,0.3898,0.1157,0.08624,0.06576,0.1178,0.04716,0.03823,0.02177,0.05428,0.03807,0.2054,0.2096,
2.178,0.3406,0.1156,0.08632,0.06576,0.1178,0.04716,0.03866,0.02134,0.05561,0.03674,0.2054,0.2096,
2.178,0.3514,0.1155,0.0862,0.06562,0.1166,0.0472,0.03868,0.02206,0.05494,0.03677,0.2066,0.2098,
2.177,0.3426,0.1155,0.0861,0.06453,0.1166,0.0472,0.03868,0.02206,0.05494,0.03677,0.2066,0.211,
2.176,0.3386,0.1177,0.08587,0.06453,0.1162,0.04608,0.03867,0.02205,0.05546,0.03623,0.2076,0.2097,
2.175,0.334,0.1169,0.08613,0.06469,0.1162,0.04557,0.03855,0.02206,0.05548,0.03624,0.2077,0.2104,
2.173,0.3361,0.1168,0.08575,0.0649,0.1163,0.04492,0.03857,0.02207,0.05648,0.03528,0.2078,0.2112,
2.171,0.3459,0.1165,0.08574,0.06497,0.116,0.04549,0.03807,0.02208,0.06032,0.03152,0.2079,0.2114,
2.171,0.34,0.1163,0.08581,0.0648,0.1158,0.04553,0.0381,0.0221,0.06091,0.03101,0.2081,0.2116,
2.168,0.3452,0.1161,0.08584,0.0649,0.1158,0.04353,0.0381,0.0221,0.06091,0.03101,0.2081,0.2136,
2.17,0.3419,0.1176,0.08616,0.06495,0.1156,0.04349,0.03806,0.02403,0.05889,0.03098,0.2089,0.2112,
2.169,0.3442,0.1165,0.08595,0.06513,0.1161,0.04453,0.03697,0.02402,0.05974,0.03007,0.2099,0.2111,
2.168,0.3435,0.1152,0.08616,0.06535,0.1164,0.04403,0.03721,0.0237,0.0598,0.0301,0.2101,0.212,
2.167,0.3453,0.1149,0.08612,0.06547,0.1161,0.0434,0.03724,0.02414,0.05942,0.03013,0.2102,0.2128,
2.168,0.3433,0.1139,0.08657,0.06573,0.1162,0.04342,0.03726,0.02415,0.05945,0.03014,0.2103,0.2129,
2.166,0.3596,0.1161,0.08676,0.06461,0.1161,0.04317,0.03676,0.02413,0.05939,0.03011,0.2112,0.2118,
2.175,0.3552,0.1111,0.08674,0.06327,0.1208,0.04315,0.04005,0.02081,0.06052,0.03642,0.2057,0.2114,
2.175,0.351,0.1109,0.08689,0.06347,0.1192,0.04318,0.04007,0.02082,0.06056,0.03645,0.2069,0.2116,
2.173,0.3443,0.1094,0.08611,0.06305,0.1189,0.04326,0.04014,0.02086,0.06067,0.03651,0.2073,0.2137,
2.175,0.3516,0.113,0.08655,0.06319,0.1181,0.04325,0.04047,0.0205,0.06193,0.03523,0.2083,0.2095,
2.174,0.3441,0.1128,0.08636,0.06335,0.118,0.04321,0.04043,0.02048,0.06186,0.0352,0.2091,0.2092,
2.173,0.3494,0.1091,0.08641,0.06342,0.1215,0.04321,0.04043,0.02048,0.06275,0.03431,0.2091,0.2092,
2.172,0.344,0.1088,0.08647,0.0635,0.1211,0.04251,0.0404,0.02046,0.06271,0.03429,0.21,0.2098,
2.171,0.3378,0.1075,0.08642,0.06348,0.1217,0.04248,0.04037,0.02045,0.06321,0.03373,0.211,0.2097,
2.165,0.3543,0.1074,0.0861,0.06013,0.1212,0.04847,0.03477,0.02044,0.06274,0.03371,0.2119,0.2132,
2.164,0.3527,0.1073,0.08608,0.0589,0.1209,0.04849,0.03478,0.02098,0.06224,0.03372,0.212,0.2146,
2.142,0.3763,0.1072,0.08603,0.05873,0.1209,0.06981,0.01282,0.02098,0.06226,0.03374,0.2121,0.2154,
2.142,0.3674,0.1061,0.08593,0.05892,0.122,0.06981,0.01282,0.02098,0.06226,0.03374,0.2121,0.2154,
2.14,0.3648,0.1056,0.08592,0.05896,0.1216,0.06924,0.02243,0.01142,0.06288,0.03325,0.2123,0.2164,
2.14,0.3897,0.1055,0.08586,0.05909,0.1216,0.06924,0.02243,0.01142,0.06342,0.03271,0.2123,0.2164,
2.142,0.3653,0.1066,0.08611,0.05911,0.1211,0.06808,0.02241,0.01141,0.06391,0.0341,0.2113,0.2158,
2.161,0.3574,0.1118,0.08582,0.05909,0.1209,0.06727,0.02236,0.01139,0.06466,0.04335,0.2028,0.2106,
2.161,0.3627,0.1114,0.08574,0.05947,0.1202,0.06736,0.02239,0.0114,0.06474,0.04341,0.2031,0.2108,
2.161,0.3548,0.1105,0.08587,0.05956,0.1203,0.06742,0.02241,0.01141,0.0648,0.04345,0.2032,0.211,
2.161,0.3629,0.1104,0.08573,0.06004,0.1193,0.06751,0.02243,0.01142,0.06489,0.0435,0.2035,0.2113,
2.16,0.364,0.1092,0.08596,0.06011,0.1199,0.06754,0.02341,0.01045,0.06492,0.04352,0.2036,0.2114,
2.162,0.3553,0.1091,0.08602,0.06018,0.1199,0.06754,0.02341,0.01147,0.0639,0.04352,0.2036,0.2114,
2.161,0.3579,0.1088,0.08597,0.06019,0.1198,0.06734,0.02286,0.01188,0.06341,0.04348,0.2044,0.2119,
2.16,0.3781,0.1086,0.08613,0.06023,0.1198,0.06667,0.02286,0.01188,0.06341,0.04348,0.2044,0.2125,
2.158,0.368,0.1086,0.08613,0.05968,0.1185,0.06669,0.02286,0.01189,0.06441,0.04251,0.2055,0.2133,
2.159,0.3608,0.1085,0.08593,0.05992,0.1185,0.06669,0.02286,0.01189,0.06441,0.04251,0.2055,0.2133,
2.158,0.3611,0.1082,0.08589,0.06009,0.1182,0.06675,0.02345,0.01132,0.06446,0.04255,0.2057,0.2134,
2.163,0.367,0.1108,0.08546,0.06012,0.1182,0.06674,0.02345,0.01322,0.06255,0.04254,0.2067,0.2102,
2.162,0.3819,0.1101,0.08585,0.06013,0.1181,0.06694,0.02315,0.01321,0.06248,0.0425,0.2075,0.21,
2.162,0.3834,0.1098,0.0861,0.06036,0.1177,0.06697,0.02316,0.01322,0.06251,0.04252,0.2076,0.2101,
2.162,0.3836,0.1081,0.08641,0.06053,0.1181,0.06706,0.02318,0.01323,0.06355,0.04161,0.2079,0.2104,
2.162,0.37,0.1081,0.08648,0.06066,0.1173,0.06712,0.0232,0.01324,0.06361,0.04165,0.2081,0.2106,
2.163,0.3847,0.1081,0.08644,0.0607,0.1173,0.06712,0.0232,0.01395,0.06289,0.04165,0.2081,0.2106,
2.162,0.3744,0.1081,0.08637,0.06094,0.1165,0.06718,0.02483,0.01235,0.06295,0.04169,0.2082,0.2108,
2.158,0.3775,0.1071,0.08637,0.061,0.1176,0.06437,0.02483,0.01235,0.06348,0.04115,0.2082,0.2136,
2.156,0.3693,0.1081,0.08661,0.06099,0.1167,0.06302,0.02536,0.01181,0.06404,0.04058,0.2093,0.2136,
2.152,0.3764,0.108,0.08654,0.0612,0.1163,0.05969,0.02537,0.01181,0.06531,0.03934,0.2093,0.2171,
2.149,0.3696,0.1104,0.08644,0.06143,0.1158,0.0563,0.02535,0.0118,0.06528,0.03932,0.2103,0.2176,
2.15,0.365,0.1093,0.08683,0.06169,0.1155,0.05665,0.02511,0.0126,0.06458,0.03937,0.2106,0.2179,
2.15,0.3552,0.1089,0.08681,0.06175,0.1155,0.05668,0.02512,0.01261,0.0646,0.03939,0.2106,0.218,
2.149,0.3556,0.1083,0.08741,0.06185,0.1151,0.05603,0.02547,0.01226,0.06463,0.03941,0.2107,0.2187,
2.147,0.3567,0.1083,0.0874,0.06199,0.1148,0.05393,0.02602,0.0127,0.06369,0.03942,0.2108,0.221,
2.146,0.3656,0.1079,0.0877,0.06206,0.1148,0.05393,0.02602,0.01313,0.06615,0.03654,0.2108,0.221,
2.147,0.3643,0.109,0.08762,0.06211,0.1147,0.05387,0.02599,0.01312,0.06608,0.0365,0.2117,0.2193,
2.147,0.3729,0.1088,0.08781,0.06233,0.1143,0.0539,0.02654,0.01259,0.06611,0.03652,0.2118,0.2194,
2.147,0.3635,0.1097,0.08777,0.06238,0.1137,0.0546,0.02579,0.01301,0.06564,0.03649,0.2127,0.2182,
2.169,0.3463,0.1129,0.08759,0.06239,0.1136,0.05342,0.02577,0.01299,0.06557,0.05044,0.1995,0.2157,
2.167,0.3458,0.1129,0.08766,0.06248,0.1129,0.05168,0.02632,0.01323,0.06642,0.04892,0.1997,0.2177,
2.163,0.3427,0.1129,0.08767,0.06244,0.1129,0.05082,0.02714,0.01219,0.06716,0.04794,0.1997,0.2191,
2.162,0.3498,0.1128,0.08823,0.06247,0.1128,0.05077,0.02711,0.01217,0.07165,0.04333,0.2005,0.2181,
2.16,0.3499,0.1124,0.08775,0.0627,0.1129,0.04969,0.02713,0.01219,0.07271,0.04237,0.2007,0.2194,
2.159,0.3464,0.1133,0.08728,0.0627,0.1129,0.04967,0.02712,0.01218,0.07438,0.04064,0.2016,0.2183,
2.155,0.3477,0.1158,0.08734,0.06275,0.1124,0.04628,0.02764,0.01245,0.07405,0.04007,0.2025,0.2188,
2.179,0.3866,0.1151,0.08719,0.06285,0.1123,0.04635,0.02767,0.04847,0.03941,0.03888,0.2028,0.2191,
2.18,0.3873,0.1192,0.08711,0.06279,0.1118,0.04567,0.02767,0.049,0.03886,0.03887,0.2037,0.2152,
2.18,0.3808,0.1202,0.08705,0.06281,0.1117,0.04562,0.02764,0.04895,0.03882,0.03883,0.2046,0.2138,
2.18,0.3861,0.1192,0.08698,0.06294,0.1127,0.04562,0.02764,0.04895,0.04097,0.03669,0.2046,0.2138,
2.18,0.3963,0.1188,0.08693,0.063,0.1128,0.04564,0.02765,0.04897,0.04224,0.03545,0.2046,0.2139,
2.181,0.3891,0.123,0.08693,0.06313,0.1127,0.04562,0.02764,0.04894,0.04588,0.03176,0.2056,0.2088,
2.178,0.3927,0.1229,0.08666,0.06335,0.1124,0.04367,0.02752,0.04898,0.04717,0.03054,0.2057,0.2111,
2.174,0.3899,0.1261,0.08625,0.06335,0.1133,0.04038,0.02751,0.04895,0.04715,0.03052,0.2066,0.2098,
2.173,0.3888,0.1247,0.08665,0.06334,0.1133,0.04038,0.0275,0.04895,0.04906,0.02859,0.2077,0.2098,
2.156,0.3983,0.1234,0.08803,0.06334,0.1133,0.05635,0.01153,0.04895,0.05315,0.02451,0.2077,0.2098,
2.155,0.3899,0.1232,0.08795,0.06337,0.1128,0.05632,0.01152,0.04891,0.05312,0.02449,0.2086,0.2097,
2.155,0.3873,0.1216,0.08831,0.06352,0.1133,0.05628,0.01151,0.04888,0.05308,0.02448,0.2095,0.2096,
2.154,0.3823,0.121,0.08821,0.06358,0.1131,0.05617,0.01149,0.04931,0.05244,0.02443,0.2111,0.2091,
2.154,0.4082,0.1209,0.08837,0.06365,0.1124,0.05622,0.01149,0.04935,0.05248,0.02444,0.2113,0.2093,
2.156,0.3951,0.1208,0.08813,0.06373,0.1123,0.05616,0.01345,0.04833,0.05143,0.02442,0.2122,0.2091,
2.155,0.3931,0.1194,0.08824,0.06379,0.1135,0.05576,0.01352,0.04799,0.05143,0.02442,0.2122,0.2098,
2.165,0.3853,0.1175,0.08884,0.0639,0.114,0.05616,0.01308,0.04796,0.0514,0.02954,0.208,0.2096,
2.165,0.4065,0.1174,0.08877,0.06412,0.114,0.05616,0.01308,0.04796,0.05193,0.02901,0.208,0.2096,
2.164,0.3953,0.1173,0.08887,0.06414,0.1137,0.05551,0.01308,0.0484,0.05152,0.02902,0.208,0.2104,
2.161,0.4033,0.1168,0.08852,0.06398,0.1129,0.0553,0.01303,0.04822,0.05133,0.02891,0.2114,0.2096,
2.161,0.4004,0.1117,0.08868,0.06408,0.1177,0.05573,0.01261,0.04907,0.05048,0.02891,0.2114,0.2096,
2.177,0.4,0.1105,0.08819,0.06428,0.1176,0.05569,0.01313,0.0485,0.05044,0.03796,0.2043,0.2095,
2.175,0.393,0.1085,0.08793,0.06434,0.1172,0.05516,0.01316,0.04863,0.05057,0.03805,0.2058,0.2106,
2.175,0.389,0.1084,0.0876,0.06463,0.1167,0.05513,0.01316,0.04902,0.05011,0.03803,0.2067,0.2105,
2.182,0.4126,0.1079,0.08761,0.06492,0.1157,0.05523,0.04143,0.02086,0.0502,0.0381,0.2071,0.2109,
2.179,0.4197,0.1078,0.0874,0.06509,0.1149,0.05522,0.042,0.02028,0.05599,0.0323,0.2081,0.2109,
2.178,0.42,0.1077,0.08753,0.06521,0.1145,0.05524,0.04201,0.02029,0.05717,0.03115,0.2082,0.211,
2.177,0.4303,0.106,0.08737,0.06529,0.1142,0.05529,0.04205,0.02031,0.05722,0.03118,0.2084,0.2127,
2.177,0.4207,0.1057,0.08759,0.06529,0.1142,0.05529,0.04205,0.02031,0.05722,0.03118,0.2084,0.2127,
2.177,0.4353,0.1056,0.08758,0.06529,0.1137,0.05526,0.04202,0.02072,0.0573,0.03063,0.2093,0.2126,
2.175,0.4664,0.1042,0.08747,0.06539,0.1154,0.05461,0.04203,0.02072,0.05817,0.02978,0.2104,0.2118,
2.175,0.3952,0.1033,0.08688,0.06559,0.1156,0.0547,0.04211,0.02076,0.05916,0.02894,0.2108,0.2122,
2.172,0.3954,0.103,0.08679,0.06567,0.1154,0.05309,0.04206,0.02074,0.0591,0.02891,0.2116,0.2135,
2.172,0.3947,0.1026,0.08717,0.06573,0.1154,0.05309,0.04206,0.02074,0.0591,0.02891,0.2116,0.2135,
2.173,0.3958,0.1038,0.08686,0.06592,0.1148,0.0531,0.04261,0.02149,0.05837,0.02838,0.2127,0.2119,
2.174,0.3983,0.1037,0.08691,0.06591,0.1146,0.05366,0.04209,0.02275,0.05714,0.0284,0.2128,0.212,
2.172,0.3913,0.1037,0.08695,0.06453,0.1146,0.05366,0.04209,0.02275,0.05714,0.0284,0.2128,0.2134,
2.172,0.3851,0.1034,0.0873,0.06456,0.1142,0.05465,0.04149,0.02242,0.05717,0.02841,0.2129,0.2135,
2.173,0.3855,0.1027,0.08744,0.06458,0.1144,0.05467,0.04151,0.02343,0.0562,0.02842,0.213,0.2136,
2.192,0.3813,0.1048,0.08739,0.06456,0.1143,0.05461,0.04146,0.0234,0.05614,0.03813,0.2041,0.2111,
2.192,0.3814,0.1045,0.0876,0.06467,0.1143,0.05461,0.04146,0.0234,0.05614,0.03813,0.2041,0.2111,
2.192,0.3842,0.1044,0.0874,0.06494,0.1143,0.05461,0.04189,0.02297,0.05614,0.03813,0.2041,0.2111,
2.189,0.3875,0.1043,0.0873,0.06495,0.1142,0.05278,0.04185,0.02295,0.05608,0.03809,0.2049,0.2126,
2.189,0.3983,0.1041,0.08715,0.06512,0.1137,0.05282,0.04189,0.02297,0.05613,0.03812,0.2051,0.2128,
2.188,0.3874,0.1028,0.08718,0.06536,0.1142,0.05287,0.04253,0.02237,0.05618,0.03815,0.2053,0.213,
2.187,0.3929,0.1022,0.08735,0.06526,0.1129,0.05328,0.04278,0.02239,0.05545,0.03814,0.2073,0.213,
2.186,0.4026,0.1022,0.08706,0.06556,0.1129,0.05328,0.04278,0.02239,0.05742,0.03616,0.2073,0.213,
2.186,0.403,0.1017,0.08711,0.06576,0.1119,0.0533,0.04333,0.02286,0.05644,0.03617,0.2084,0.213,
2.185,0.3991,0.1059,0.0869,0.06574,0.1111,0.0518,0.04312,0.02246,0.05629,0.03608,0.211,0.2096,
2.185,0.4123,0.1058,0.08664,0.06614,0.1111,0.0518,0.04312,0.02246,0.05629,0.03608,0.211,0.2096,
2.184,0.4138,0.1034,0.08667,0.06597,0.1124,0.05271,0.04225,0.02247,0.05631,0.03609,0.2121,0.2096,
2.184,0.4237,0.1034,0.08657,0.06607,0.1124,0.05271,0.04225,0.02247,0.05684,0.03555,0.2121,0.2096,
2.203,0.4129,0.1027,0.08649,0.0661,0.1116,0.05275,0.04228,0.02248,0.05862,0.04626,0.2009,0.2098,
2.202,0.3842,0.1009,0.08678,0.0662,0.1116,0.05278,0.0423,0.02249,0.05866,0.04629,0.2021,0.21,
2.201,0.3927,0.1009,0.08629,0.06673,0.1113,0.05441,0.04072,0.0225,0.06213,0.04288,0.2021,0.2101,
2.201,0.388,0.1006,0.08659,0.06679,0.1109,0.05444,0.04073,0.02294,0.06172,0.0429,0.2022,0.2101,
2.2,0.3808,0.09735,0.08645,0.06682,0.1139,0.05438,0.04069,0.02292,0.06291,0.04161,0.203,0.2099,
2.196,0.3821,0.09709,0.08619,0.06587,0.1135,0.05468,0.04043,0.02292,0.06581,0.03875,0.2031,0.2116,
2.196,0.3775,0.09674,0.08639,0.06604,0.1132,0.05498,0.04018,0.02293,0.06638,0.03823,0.2032,0.2117,
2.196,0.3779,0.0966,0.08642,0.06615,0.1132,0.05498,0.04018,0.02293,0.06638,0.03823,0.2032,0.2117,
2.193,0.381,0.09616,0.08628,0.06622,0.113,0.05447,0.03982,0.02289,0.06731,0.03708,0.2048,0.2119,
2.193,0.3833,0.09549,0.08636,0.06626,0.1126,0.05447,0.03982,0.02288,0.0673,0.03708,0.2058,0.2119,
2.192,0.3854,0.09612,0.08649,0.06625,0.1128,0.05335,0.03981,0.02288,0.06729,0.03707,0.2068,0.2111,
2.192,0.387,0.09597,0.08666,0.06632,0.1124,0.05337,0.03982,0.02288,0.06732,0.03709,0.2069,0.2112,
2.191,0.3895,0.09393,0.08677,0.06644,0.1142,0.05337,0.03982,0.02288,0.06892,0.03548,0.2069,0.2112,
2.191,0.3906,0.09397,0.08673,0.06653,0.1139,0.05393,0.03931,0.02332,0.06853,0.0355,0.207,0.2113,
2.19,0.5143,0.09249,0.08658,0.06658,0.1151,0.05387,0.03926,0.0233,0.06845,0.03546,0.2078,0.2111,
2.19,0.5098,0.08967,0.08678,0.0669,0.1171,0.05389,0.03928,0.02331,0.06848,0.03548,0.2079,0.2112,
2.189,0.4962,0.08938,0.08697,0.06686,0.1163,0.05389,0.03927,0.0233,0.06847,0.03547,0.2089,0.2112,
2.188,0.463,0.08929,0.08695,0.06697,0.1163,0.05443,0.03907,0.02296,0.06901,0.03494,0.2089,0.2112,
2.187,0.3829,0.08923,0.08701,0.06697,0.1163,0.05443,0.03907,0.02296,0.07034,0.0336,0.2089,0.2112,
2.188,0.3347,0.08888,0.08701,0.06711,0.1159,0.05448,0.0391,0.0234,0.06998,0.03363,0.2091,0.2113,
2.185,0.3369,0.08781,0.08706,0.06715,0.1169,0.05292,0.0391,0.0234,0.07051,0.0331,0.2091,0.2129,
2.183,0.3394,0.08687,0.087,0.06727,0.1178,0.0523,0.03861,0.0234,0.07051,0.0331,0.2091,0.214,
2.181,0.3474,0.08525,0.08725,0.06751,0.1178,0.05208,0.03815,0.0234,0.07051,0.0331,0.2091,0.2158,
2.178,0.348,0.08523,0.08726,0.06767,0.1171,0.05066,0.03765,0.02343,0.07058,0.03312,0.2093,0.218,
2.177,0.3639,0.08497,0.08738,0.06781,0.1171,0.04999,0.03765,0.02343,0.07058,0.03312,0.2093,0.2187,
2.175,0.3406,0.08504,0.08739,0.06636,0.1164,0.05003,0.03769,0.02345,0.07117,0.03262,0.2095,0.2204,
2.163,0.3559,0.08504,0.0872,0.06655,0.1164,0.05031,0.05049,0.0109,0.07064,0.03262,0.2095,0.2204,
2.164,0.3728,0.08459,0.08759,0.06669,0.116,0.05033,0.05051,0.01144,0.07013,0.03263,0.2096,0.2205,
2.166,0.3558,0.09076,0.08755,0.06663,0.115,0.04804,0.05045,0.01185,0.06962,0.03259,0.2114,0.216,
2.195,0.3291,0.09809,0.08752,0.06693,0.1125,0.04916,0.04943,0.0457,0.03585,0.03342,0.213,0.2084,
2.195,0.3544,0.09813,0.08746,0.06707,0.1121,0.04918,0.04945,0.04572,0.03587,0.03344,0.2131,0.2085,
2.194,0.3501,0.09774,0.08736,0.06732,0.1115,0.04978,0.04898,0.04679,0.03545,0.03295,0.2134,0.2088,
2.207,0.338,0.09579,0.0879,0.06734,0.1114,0.04973,0.04893,0.04785,0.03429,0.04127,0.2058,0.2097,
2.207,0.3391,0.09578,0.0878,0.06722,0.111,0.04978,0.04897,0.0479,0.03629,0.03934,0.206,0.2099,
2.207,0.3341,0.09539,0.08751,0.06755,0.1111,0.0498,0.04953,0.04792,0.03631,0.03882,0.2061,0.21,
2.206,0.3358,0.09508,0.08721,0.06773,0.1105,0.04972,0.04945,0.04784,0.03625,0.03876,0.2078,0.2096,
2.202,0.3377,0.09467,0.08712,0.06704,0.1103,0.04894,0.04935,0.05109,0.03426,0.03725,0.2095,0.2105,
2.201,0.3275,0.09418,0.08709,0.06723,0.1103,0.04907,0.0493,0.0504,0.03935,0.03219,0.2096,0.2113,
2.2,0.3347,0.09365,0.08733,0.06739,0.1102,0.0491,0.04932,0.05086,0.04028,0.03087,0.2097,0.2114,
2.2,0.321,0.09365,0.08721,0.06751,0.1102,0.0491,0.04932,0.05171,0.03942,0.03087,0.2097,0.2114,
2.199,0.3252,0.09075,0.08744,0.06767,0.1117,0.04909,0.04931,0.0517,0.03941,0.03086,0.2107,0.2114,
2.198,0.3287,0.08975,0.08759,0.06785,0.1117,0.04962,0.04912,0.05136,0.0404,0.02988,0.2107,0.212,
2.197,0.331,0.08954,0.08745,0.06801,0.1113,0.04959,0.04909,0.05132,0.04135,0.02888,0.2116,0.2119,
2.196,0.331,0.08941,0.08745,0.06798,0.1108,0.04956,0.04906,0.05129,0.04231,0.02788,0.2125,0.2118,
2.207,0.3329,0.08921,0.0874,0.06796,0.1107,0.05004,0.04847,0.05124,0.04226,0.03375,0.2075,0.2115,
2.206,0.353,0.08915,0.0872,0.06822,0.1107,0.05004,0.0489,0.05081,0.0445,0.03151,0.2075,0.2115,
2.204,0.3437,0.08708,0.08749,0.06685,0.1124,0.05058,0.04836,0.05081,0.0445,0.03151,0.2075,0.2129,
2.204,0.3735,0.08559,0.08807,0.06707,0.1123,0.05065,0.04843,0.05088,0.04456,0.03155,0.2078,0.2132,
2.207,0.3503,0.08933,0.08826,0.06713,0.1118,0.05064,0.04842,0.05087,0.04456,0.03155,0.2088,0.2087,
2.207,0.3466,0.08931,0.08827,0.06733,0.111,0.05068,0.04846,0.05145,0.04406,0.03157,0.2089,0.2089,
2.206,0.3442,0.08819,0.08794,0.06758,0.1116,0.05065,0.04843,0.05142,0.04403,0.03155,0.2099,0.2088,
2.206,0.3492,0.08812,0.08809,0.0677,0.1108,0.0507,0.04882,0.05112,0.04407,0.03158,0.2101,0.2089,
2.204,0.3575,0.08812,0.08792,0.06787,0.1108,0.0507,0.04882,0.05219,0.04813,0.02645,0.2101,0.2089,
2.203,0.3365,0.08794,0.08772,0.068,0.1107,0.05064,0.04876,0.05213,0.04808,0.02642,0.2109,0.2087,
2.201,0.3356,0.08374,0.0875,0.06809,0.1146,0.05059,0.04871,0.05208,0.04803,0.0264,0.2117,0.2085,
2.201,0.3292,0.08267,0.0875,0.06847,0.1142,0.05068,0.04879,0.05217,0.04811,0.02644,0.2121,0.2089,
2.213,0.3238,0.08074,0.08753,0.0685,0.1145,0.04873,0.04897,0.05179,0.04808,0.03487,0.2056,0.2108,
2.213,0.3212,0.08069,0.08732,0.06884,0.1141,0.04929,0.04845,0.05224,0.04767,0.03488,0.2057,0.2109,
2.203,0.3265,0.08036,0.08696,0.06904,0.1139,0.04964,0.0479,0.07031,0.02939,0.03481,0.2073,0.2104,
2.203,0.3063,0.0801,0.08722,0.06921,0.1131,0.04969,0.04794,0.07038,0.02941,0.03484,0.2075,0.2106,
2.202,0.3095,0.07999,0.08729,0.06925,0.1131,0.04915,0.04781,0.07038,0.0305,0.03376,0.2075,0.2113,
2.2,0.3194,0.07977,0.08734,0.06766,0.1131,0.04915,0.04836,0.07036,0.02997,0.03376,0.2075,0.213,
2.199,0.3173,0.08083,0.08747,0.06763,0.113,0.04857,0.04817,0.07107,0.02915,0.03372,0.2083,0.2121,
2.198,0.3185,0.08074,0.08738,0.06756,0.1129,0.04852,0.04812,0.07171,0.02939,0.03271,0.2091,0.2119,
2.196,0.3303,0.07959,0.08734,0.06757,0.1137,0.04847,0.04875,0.07191,0.02973,0.03134,0.21,0.2116,
2.196,0.3304,0.07942,0.0874,0.06769,0.1137,0.04847,0.04875,0.07191,0.02973,0.03134,0.21,0.2116,
2.196,0.3398,0.07916,0.08749,0.06786,0.1137,0.04847,0.04875,0.07191,0.02973,0.03134,0.21,0.2116,
2.196,0.3381,0.07902,0.08734,0.06822,0.1133,0.04849,0.04878,0.07195,0.02974,0.03135,0.21,0.2117,
2.196,0.3227,0.07895,0.08708,0.06847,0.1125,0.04848,0.04877,0.07193,0.02974,0.03135,0.2111,0.2117,
2.195,0.3302,0.07758,0.08673,0.06853,0.1138,0.0485,0.04879,0.07197,0.02975,0.03136,0.2112,0.2118,
2.195,0.3324,0.07758,0.08654,0.06872,0.1138,0.04878,0.04852,0.07197,0.02975,0.03136,0.2112,0.2118,
2.194,0.3367,0.07753,0.08658,0.06766,0.1135,0.0488,0.04854,0.072,0.02977,0.03138,0.2112,0.213,
2.194,0.3456,0.07729,0.08668,0.06779,0.1135,0.0488,0.04854,0.072,0.02977,0.03138,0.2112,0.213,
2.201,0.3218,0.08039,0.08626,0.06796,0.1118,0.04827,0.0484,0.072,0.02977,0.03456,0.2102,0.2104,
2.175,0.331,0.07869,0.08624,0.06817,0.113,0.08141,0.0153,0.07203,0.03076,0.03359,0.2103,0.2105,
2.174,0.3151,0.07737,0.08638,0.0681,0.1139,0.08133,0.01528,0.07195,0.03073,0.03356,0.2111,0.2103,
2.17,0.3522,0.07272,0.08658,0.06818,0.1182,0.07911,0.01528,0.07195,0.03179,0.03249,0.2111,0.2125,
2.17,0.3574,0.07079,0.08656,0.06825,0.1198,0.07941,0.01558,0.07141,0.03269,0.03161,0.2112,0.2126,
2.168,0.3575,0.07194,0.0865,0.06825,0.119,0.0774,0.01558,0.0714,0.03391,0.03039,0.2122,0.2134,
2.168,0.4635,0.07185,0.08651,0.06834,0.119,0.0774,0.01558,0.0714,0.03391,0.03039,0.2122,0.2134,
2.173,0.3833,0.07577,0.08658,0.06835,0.1181,0.07636,0.01504,0.07139,0.03497,0.03123,0.2114,0.2108,
2.173,0.3154,0.07563,0.08669,0.06844,0.1178,0.0764,0.01505,0.0722,0.0342,0.03124,0.2115,0.2109,
2.19,0.332,0.07558,0.08663,0.06874,0.117,0.07646,0.05551,0.03181,0.03423,0.03127,0.2116,0.2111,
2.19,0.3371,0.07551,0.0867,0.06874,0.117,0.07646,0.05551,0.03181,0.03521,0.03029,0.2116,0.2111,
2.19,0.339,0.07489,0.08662,0.0691,0.1171,0.0765,0.05553,0.0326,0.03444,0.0303,0.2117,0.2112,
2.186,0.3565,0.07486,0.08657,0.06933,0.1163,0.0771,0.05505,0.04488,0.02276,0.02979,0.2119,0.2114,
2.186,0.3583,0.07456,0.08696,0.06942,0.1156,0.07717,0.0551,0.04492,0.02398,0.02863,0.2121,0.2116,
2.184,0.3747,0.07435,0.08705,0.06954,0.1156,0.07497,0.0551,0.04492,0.02571,0.02689,0.2121,0.2138,
2.195,0.3671,0.07597,0.08679,0.06963,0.1155,0.07489,0.05538,0.04507,0.02515,0.03219,0.2076,0.2119,
2.193,0.3722,0.07591,0.08677,0.06862,0.1155,0.07489,0.05538,0.04585,0.02436,0.03219,0.2076,0.2129,
2.194,0.3746,0.07568,0.08692,0.06877,0.1151,0.07492,0.05594,0.04533,0.02782,0.02876,0.2077,0.213,
2.191,0.376,0.07722,0.08672,0.06786,0.1143,0.07257,0.05592,0.04656,0.02656,0.02875,0.2087,0.2148,
2.191,0.3718,0.08172,0.08658,0.06784,0.1142,0.06921,0.05586,0.04652,0.02653,0.02872,0.2096,0.2133,
2.193,0.3807,0.08498,0.0864,0.06795,0.1138,0.06919,0.05586,0.04729,0.02574,0.02872,0.2106,0.2095,
2.192,0.3708,0.08493,0.08646,0.06809,0.113,0.06859,0.05591,0.04733,0.02577,0.02874,0.2108,0.2104,
2.188,0.3878,0.08489,0.08638,0.06822,0.113,0.06471,0.05591,0.04733,0.02755,0.02696,0.2108,0.2143,
2.185,0.3858,0.0842,0.08616,0.0683,0.1136,0.06257,0.05593,0.04736,0.02847,0.02607,0.2108,0.2165,
2.184,0.3822,0.0836,0.08613,0.06846,0.114,0.06257,0.05593,0.04814,0.02768,0.02607,0.2108,0.2165,
2.185,0.3793,0.08675,0.08619,0.06687,0.1139,0.0625,0.05587,0.04809,0.02983,0.02386,0.2117,0.2144,
2.188,0.3767,0.08769,0.08605,0.06679,0.115,0.06129,0.05578,0.04801,0.03338,0.02229,0.2114,0.2124,
2.188,0.3634,0.08755,0.0862,0.06697,0.1142,0.06134,0.05582,0.04805,0.03341,0.02231,0.2116,0.2126,
2.188,0.3613,0.08756,0.08621,0.06704,0.1138,0.06137,0.05585,0.04807,0.03343,0.02232,0.2117,0.2127,
2.208,0.337,0.08742,0.08611,0.06702,0.1152,0.05975,0.05579,0.04802,0.03339,0.03309,0.2017,0.2125,
2.208,0.3483,0.08724,0.08604,0.06727,0.1152,0.06002,0.05552,0.04802,0.03339,0.03309,0.2017,0.2125,
2.202,0.3442,0.08542,0.08628,0.06742,0.1167,0.05591,0.05552,0.04802,0.03339,0.03309,0.2017,0.2166,
2.203,0.3331,0.09054,0.08627,0.06751,0.1162,0.05342,0.05549,0.04799,0.03337,0.03307,0.2026,0.2136,
2.207,0.3282,0.09608,0.08607,0.06771,0.115,0.05344,0.05604,0.0479,0.03296,0.03308,0.2037,0.2081,
2.206,0.3411,0.0957,0.08607,0.06782,0.1146,0.0534,0.05601,0.04938,0.03143,0.03306,0.2046,0.208,
2.201,0.3545,0.09526,0.08614,0.06793,0.1143,0.05089,0.05606,0.05038,0.0305,0.03309,0.2047,0.2107,
2.202,0.355,0.09479,0.08653,0.06802,0.1143,0.05089,0.05606,0.05038,0.0305,0.03309,0.2047,0.2107,
2.201,0.3568,0.09463,0.0865,0.06821,0.1143,0.05089,0.05606,0.05081,0.03007,0.03309,0.2047,0.2107,
2.201,0.3616,0.09427,0.08658,0.06816,0.1132,0.05226,0.05493,0.05092,0.03014,0.03316,0.2052,0.2112,
2.201,0.3743,0.09415,0.08634,0.06824,0.1126,0.05225,0.05555,0.05028,0.03013,0.03316,0.2062,0.2111,
2.199,0.3627,0.09289,0.08614,0.06818,0.1125,0.05221,0.05551,0.05024,0.03011,0.03313,0.2081,0.211,
2.198,0.3613,0.09273,0.08602,0.06821,0.1124,0.05216,0.05545,0.05019,0.03097,0.03221,0.2089,0.2108,
2.197,0.3542,0.0914,0.08623,0.06833,0.1125,0.05111,0.05552,0.05026,0.03101,0.03225,0.2092,0.2122,
2.196,0.3449,0.09134,0.08601,0.06844,0.112,0.05108,0.05548,0.05022,0.03099,0.03223,0.2101,0.212,
2.195,0.3447,0.09126,0.08598,0.06856,0.112,0.05041,0.05548,0.05022,0.03099,0.03223,0.2101,0.2127,
2.195,0.3468,0.09284,0.08563,0.06873,0.1118,0.05031,0.05537,0.05097,0.03007,0.03216,0.2118,0.2103,
2.191,0.3408,0.09271,0.08553,0.0687,0.1117,0.04959,0.0808,0.02614,0.03137,0.03697,0.2057,0.2108,
2.189,0.3427,0.09173,0.08566,0.06775,0.1118,0.04894,0.08084,0.02658,0.03096,0.03698,0.2058,0.2129,
2.193,0.3541,0.09729,0.08556,0.06775,0.1123,0.04942,0.08075,0.0268,0.03014,0.03694,0.2066,0.2064,
2.192,0.3459,0.09594,0.08521,0.06817,0.1136,0.04876,0.08075,0.0268,0.03014,0.03694,0.2066,0.207,
2.189,0.351,0.09588,0.08497,0.06854,0.1132,0.047,0.08079,0.02681,0.03016,0.03696,0.2067,0.2089,
2.189,0.3561,0.09575,0.08503,0.06876,0.1125,0.04705,0.08086,0.02683,0.03018,0.03699,0.2069,0.2091,
2.185,0.3548,0.0954,0.0845,0.06898,0.1122,0.04757,0.08031,0.0385,0.0185,0.03699,0.2079,0.2091,
2.184,0.3558,0.09535,0.08451,0.06902,0.1122,0.04691,0.08031,0.03929,0.01772,0.03699,0.2079,0.2097,
2.181,0.3548,0.09505,0.08425,0.06896,0.1112,0.0468,0.08013,0.03997,0.0169,0.0369,0.2106,0.2093,
2.181,0.3558,0.09501,0.08413,0.06912,0.1112,0.0468,0.08013,0.03997,0.0169,0.0369,0.2106,0.2093,
