entropy,entropyInd,RabA,RabB,RabC,RabD,RabE,RabF,RabG,RabH,RabI,xER,xPM,
2.178,0.3355,0.106,0.0907,0.0685,0.1252,0.05449,0.03938,0.03062,0.03407,0.03502,0.2066,0.2094,
2.177,0.3437,0.106,0.09069,0.06848,0.1243,0.05448,0.03937,0.0306,0.03405,0.03501,0.2077,0.2094,
2.175,0.345,0.1048,0.09053,0.06852,0.1244,0.05299,0.0394,0.03063,0.03408,0.03504,0.2078,0.2118,
2.175,0.3472,0.1048,0.09053,0.06852,0.1244,0.05299,0.0394,0.03063,0.03408,0.03504,0.2078,0.2118,
2.177,0.3476,0.1093,0.09043,0.0685,0.1244,0.05298,0.0394,0.03063,0.03408,0.03503,0.2088,0.2064,
2.175,0.3519,0.1093,0.09043,0.0685,0.1244,0.05175,0.03909,0.03063,0.03408,0.03503,0.2088,0.2079,
2.17,0.3529,0.1078,0.09043,0.0685,0.1244,0.04911,0.03909,0.03063,0.03408,0.03503,0.2088,0.212,
2.169,0.3535,0.1079,0.0905,0.06855,0.1237,0.04849,0.03912,0.03064,0.0341,0.03506,0.209,0.2129,
2.168,0.3487,0.1113,0.09029,0.06853,0.1228,0.04628,0.03911,0.03064,0.0341,0.03505,0.21,0.2119,
2.168,0.3487,0.1113,0.09029,0.06853,0.1228,0.04628,0.03911,0.03064,0.0341,0.03505,0.21,0.2119,
2.166,0.3494,0.1102,0.09033,0.06832,0.1218,0.04632,0.03916,0.03067,0.03413,0.03508,0.2103,0.2137,
2.166,0.3537,0.1095,0.09033,0.06832,0.1218,0.04632,0.03916,0.03067,0.03413,0.03508,0.2103,0.2144,
2.166,0.3603,0.1092,0.09026,0.06834,0.1216,0.04637,0.03919,0.03069,0.03416,0.0351,0.2105,0.2146,
2.187,0.3508,0.1131,0.09017,0.06827,0.1215,0.04632,0.03915,0.03066,0.03412,0.04652,0.1999,0.2103,
2.187,0.3345,0.1132,0.09021,0.06829,0.1212,0.04634,0.03916,0.03066,0.03413,0.04653,0.2,0.2104,
2.186,0.3293,0.1118,0.09029,0.06835,0.1204,0.04638,0.03919,0.03069,0.03416,0.04657,0.2001,0.2121,
2.186,0.3284,0.1109,0.09023,0.06847,0.1202,0.04646,0.03926,0.03075,0.03422,0.04665,0.2005,0.2124,
2.186,0.3218,0.1107,0.09016,0.06852,0.1199,0.0465,0.0393,0.03077,0.03425,0.04669,0.2007,0.2126,
2.182,0.3148,0.1096,0.0902,0.06854,0.1195,0.04487,0.03918,0.03078,0.03426,0.0467,0.2008,0.2156,
2.183,0.305,0.1148,0.0897,0.06831,0.1177,0.04479,0.03909,0.03071,0.03418,0.0466,0.2044,0.2097,
2.183,0.3014,0.1149,0.08977,0.06836,0.1169,0.04482,0.03912,0.03073,0.03421,0.04663,0.2046,0.2099,
2.183,0.3019,0.1146,0.0898,0.06831,0.117,0.04484,0.03914,0.03074,0.03422,0.04665,0.2047,0.21,
2.182,0.3031,0.1144,0.08964,0.0682,0.1164,0.04477,0.03908,0.03069,0.03416,0.04657,0.2064,0.2097,
2.182,0.3037,0.1144,0.08964,0.0682,0.1164,0.04477,0.03908,0.03069,0.03416,0.04657,0.2064,0.2097,
2.182,0.3031,0.1145,0.08968,0.06822,0.1161,0.04479,0.03909,0.0307,0.03417,0.04659,0.2065,0.2097,
2.181,0.3026,0.1131,0.08968,0.06787,0.1161,0.04479,0.03909,0.0307,0.03417,0.04659,0.2065,0.2114,
2.18,0.3009,0.1131,0.08947,0.06778,0.1161,0.04481,0.03911,0.03071,0.03419,0.04661,0.2066,0.2115,
2.181,0.3042,0.1155,0.08914,0.06764,0.1157,0.04479,0.0391,0.0307,0.03418,0.04659,0.2076,0.2091,
2.181,0.3079,0.1153,0.0892,0.06749,0.1154,0.04483,0.03913,0.03072,0.0342,0.04663,0.2078,0.2093,
2.181,0.3195,0.1153,0.0892,0.06749,0.1154,0.04483,0.03913,0.03072,0.0342,0.04663,0.2078,0.2093,
2.181,0.312,0.1152,0.0892,0.0676,0.1144,0.0449,0.03919,0.03077,0.03426,0.0467,0.2082,0.2097,
2.179,0.3155,0.1144,0.0894,0.06607,0.1143,0.04515,0.03889,0.03075,0.03477,0.04614,0.2091,0.2111,
2.178,0.3196,0.1123,0.08919,0.06601,0.1158,0.04506,0.03881,0.03069,0.03558,0.04516,0.2107,0.2107,
2.178,0.331,0.1113,0.08913,0.06622,0.1165,0.04507,0.03883,0.03123,0.03635,0.04386,0.2108,0.2107,
2.182,0.3209,0.115,0.0889,0.06641,0.1157,0.04329,0.03881,0.03121,0.03633,0.04725,0.2084,0.2087,
2.182,0.3245,0.1135,0.08922,0.06662,0.1167,0.04329,0.03915,0.03087,0.03687,0.04672,0.2084,0.2087,
2.181,0.3197,0.1133,0.08885,0.067,0.1151,0.04266,0.03919,0.0309,0.03783,0.04583,0.2097,0.2096,
2.161,0.3443,0.1129,0.08878,0.06723,0.1148,0.03973,0.05756,0.01258,0.03996,0.04377,0.2099,0.2127,
2.162,0.3461,0.1128,0.08875,0.06736,0.1148,0.04027,0.05703,0.01258,0.03996,0.04377,0.2099,0.2127,
2.163,0.3572,0.1108,0.08875,0.06762,0.1166,0.04027,0.05703,0.01365,0.03889,0.04377,0.2099,0.2127,
2.162,0.3479,0.1108,0.08879,0.06773,0.1159,0.04015,0.05655,0.01365,0.03892,0.0438,0.2101,0.2136,
2.162,0.3528,0.1084,0.08934,0.06784,0.1177,0.04015,0.05655,0.01365,0.03892,0.0438,0.2101,0.2136,
2.164,0.3467,0.1098,0.08904,0.06803,0.1186,0.04013,0.05651,0.01442,0.03865,0.04324,0.211,0.2106,
2.164,0.3465,0.1095,0.08833,0.06813,0.1187,0.04018,0.05659,0.01444,0.0387,0.0433,0.2113,0.2108,
2.164,0.3523,0.1086,0.08818,0.06855,0.1188,0.04049,0.05636,0.01445,0.04033,0.04174,0.2115,0.211,
2.168,0.3589,0.1084,0.08807,0.06866,0.1184,0.04046,0.05633,0.01444,0.05034,0.03526,0.2088,0.2109,
2.167,0.3624,0.1077,0.08836,0.0686,0.1178,0.04081,0.05581,0.01441,0.05026,0.03519,0.2106,0.2106,
2.167,0.3634,0.1076,0.08839,0.06871,0.1174,0.04083,0.05583,0.01441,0.05027,0.0352,0.2107,0.2106,
2.167,0.3261,0.1076,0.08843,0.06876,0.1174,0.04083,0.05583,0.01441,0.05027,0.0352,0.2107,0.2106,
2.179,0.3547,0.1074,0.08827,0.0688,0.1173,0.04078,0.05577,0.0144,0.05137,0.04196,0.2035,0.2104,
2.179,0.356,0.1074,0.0881,0.06898,0.1173,0.04078,0.05577,0.0144,0.05243,0.0409,0.2035,0.2104,
2.179,0.3904,0.1074,0.08799,0.06908,0.1173,0.04078,0.05577,0.0144,0.05503,0.0383,0.2035,0.2104,
2.178,0.3595,0.1055,0.0884,0.06925,0.1174,0.04082,0.05616,0.01407,0.05508,0.03834,0.2037,0.2113,
2.176,0.363,0.105,0.08858,0.06914,0.1168,0.04075,0.05607,0.01404,0.05499,0.03827,0.2054,0.2109,
2.176,0.3707,0.1049,0.08832,0.06945,0.1168,0.04128,0.05554,0.01404,0.05676,0.0365,0.2054,0.2109,
2.176,0.3675,0.1044,0.08861,0.06968,0.1168,0.04128,0.05554,0.01404,0.05676,0.0365,0.2054,0.2109,
2.176,0.3723,0.103,0.08881,0.0697,0.1175,0.04131,0.05558,0.01405,0.05681,0.03653,0.2056,0.2111,
2.174,0.3716,0.1015,0.08877,0.06977,0.1183,0.04128,0.05555,0.01404,0.05898,0.0343,0.2065,0.211,
2.174,0.3725,0.1012,0.08885,0.06996,0.1175,0.04134,0.05562,0.01406,0.05906,0.03434,0.2068,0.2113,
2.172,0.377,0.1,0.08908,0.07001,0.118,0.0413,0.05599,0.01362,0.0605,0.0328,0.2076,0.2111,
2.168,0.3818,0.09951,0.08885,0.07019,0.1177,0.04051,0.05446,0.01364,0.06058,0.03285,0.2079,0.2138,
2.169,0.3842,0.09943,0.08886,0.07026,0.1187,0.04048,0.05443,0.01406,0.06012,0.03283,0.2088,0.212,
2.17,0.3729,0.1011,0.08858,0.07032,0.1172,0.04045,0.05441,0.01458,0.05956,0.0328,0.2108,0.2102,
2.181,0.3712,0.1008,0.08847,0.07045,0.1171,0.03922,0.05355,0.01456,0.0595,0.04086,0.2036,0.2119,
2.178,0.3744,0.1006,0.08837,0.07076,0.1171,0.03792,0.05398,0.01414,0.06047,0.03989,0.2036,0.2132,
2.172,0.3869,0.09571,0.08827,0.07093,0.1217,0.03593,0.054,0.01414,0.06286,0.03753,0.2037,0.2153,
2.171,0.3771,0.09586,0.08835,0.07111,0.1202,0.03599,0.05462,0.01363,0.06297,0.03759,0.204,0.2157,
2.171,0.3826,0.0958,0.08823,0.07128,0.1202,0.03599,0.05462,0.01363,0.06297,0.03759,0.204,0.2157,
2.171,0.378,0.09821,0.08854,0.07042,0.1197,0.03526,0.05461,0.01362,0.06296,0.03758,0.205,0.2141,
2.17,0.3799,0.09384,0.08858,0.06952,0.1236,0.03528,0.05463,0.01406,0.06256,0.0376,0.2051,0.2153,
2.171,0.3804,0.09546,0.08863,0.06963,0.1228,0.03526,0.05463,0.01458,0.06202,0.03759,0.2061,0.2133,
2.171,0.3804,0.0982,0.0885,0.06956,0.1225,0.03409,0.05451,0.01455,0.06189,0.03751,0.2077,0.2109,
2.152,0.379,0.09813,0.0883,0.06969,0.1217,0.07259,0.01532,0.01508,0.06134,0.0375,0.2087,0.2116,
2.152,0.3767,0.09805,0.08841,0.06974,0.1214,0.07262,0.01533,0.01508,0.06137,0.03751,0.2088,0.2117,
2.153,0.3518,0.1016,0.08834,0.06979,0.1209,0.07125,0.01532,0.01507,0.06133,0.03749,0.2098,0.2092,
2.166,0.3701,0.1014,0.08825,0.07008,0.1209,0.07125,0.01532,0.04605,0.03035,0.03749,0.2098,0.2092,
2.175,0.3692,0.1009,0.08827,0.07003,0.12,0.0705,0.0153,0.046,0.03119,0.04332,0.2048,0.2096,
2.175,0.4482,0.1006,0.08844,0.07014,0.12,0.0705,0.0153,0.04677,0.03042,0.04332,0.2048,0.2096,
2.174,0.431,0.09998,0.0886,0.07015,0.1196,0.06982,0.0153,0.04677,0.03041,0.0433,0.2058,0.2102,
2.172,0.3884,0.09985,0.08847,0.07034,0.1188,0.06915,0.01529,0.04778,0.02936,0.04329,0.2068,0.2108,
2.171,0.3585,0.1011,0.08817,0.07032,0.1184,0.06827,0.01524,0.04806,0.02885,0.04316,0.2093,0.2091,
2.171,0.36,0.1002,0.08848,0.0704,0.1189,0.06827,0.01524,0.04806,0.02885,0.04316,0.2093,0.2091,
2.172,0.3655,0.09995,0.08871,0.07047,0.1186,0.0683,0.01525,0.0485,0.03542,0.0362,0.2094,0.2092,
2.172,0.3721,0.09991,0.08849,0.07088,0.1179,0.06836,0.01526,0.04932,0.03467,0.03623,0.2096,0.2094,
2.17,0.3712,0.09988,0.08853,0.07103,0.1173,0.06731,0.01527,0.04935,0.03469,0.03625,0.2098,0.2107,
2.17,0.3837,0.09944,0.08844,0.07123,0.1173,0.06734,0.01527,0.04937,0.03721,0.03376,0.2099,0.2108,
2.17,0.3867,0.09913,0.08833,0.07133,0.1174,0.06736,0.0157,0.04982,0.03726,0.03289,0.2099,0.2109,
2.17,0.358,0.09904,0.08834,0.07141,0.1174,0.06789,0.01517,0.04982,0.03726,0.03289,0.2099,0.2109,
2.169,0.3659,0.09725,0.08878,0.0716,0.1183,0.06726,0.01571,0.05118,0.0354,0.0329,0.21,0.2116,
2.204,0.3798,0.09861,0.08866,0.07158,0.1177,0.06748,0.04065,0.02679,0.03436,0.04954,0.195,0.2096,
2.204,0.3777,0.09818,0.08872,0.07171,0.1174,0.06754,0.04068,0.0268,0.03438,0.04958,0.1952,0.2098,
2.203,0.3853,0.09815,0.08877,0.07186,0.1167,0.06694,0.04071,0.02682,0.03441,0.04962,0.1954,0.2107,
2.203,0.383,0.09807,0.08885,0.07202,0.116,0.06699,0.04075,0.02685,0.03444,0.04967,0.1955,0.2108,
2.203,0.3976,0.09798,0.08874,0.07156,0.116,0.06699,0.04128,0.02632,0.03664,0.04746,0.1955,0.2115,
2.2,0.4047,0.09773,0.08899,0.07156,0.116,0.065,0.04181,0.02579,0.03664,0.04746,0.1955,0.2135,
2.201,0.3902,0.09572,0.08853,0.07138,0.1192,0.06506,0.04184,0.02581,0.03667,0.0475,0.1967,0.2116,
2.199,0.3937,0.0957,0.08803,0.06974,0.1184,0.0652,0.04194,0.02586,0.04008,0.04427,0.1971,0.2137,
2.199,0.4205,0.09574,0.088,0.06985,0.1175,0.06527,0.04233,0.02636,0.04029,0.04335,0.1974,0.214,
2.202,0.3821,0.09915,0.08806,0.06988,0.1174,0.06521,0.04229,0.02634,0.04025,0.0433,0.1982,0.21,
2.201,0.3943,0.09594,0.08816,0.07009,0.1202,0.06521,0.04354,0.02508,0.04025,0.0433,0.1982,0.21,
2.2,0.3904,0.09567,0.08815,0.07012,0.1201,0.06515,0.04403,0.02452,0.04021,0.04326,0.199,0.2098,
2.199,0.4125,0.09557,0.08802,0.07018,0.1197,0.06564,0.04347,0.02451,0.0457,0.03772,0.1999,0.2097,
2.197,0.3993,0.09549,0.088,0.07038,0.1193,0.06473,0.04342,0.02443,0.04561,0.03761,0.1999,0.2111,
2.196,0.4089,0.08972,0.08796,0.07073,0.1231,0.06489,0.04354,0.02449,0.04573,0.0377,0.2005,0.2117,
2.194,0.3971,0.08887,0.0879,0.07096,0.1232,0.06428,0.04392,0.02417,0.04577,0.03773,0.2007,0.2125,
2.194,0.3966,0.08869,0.08801,0.07103,0.1232,0.06428,0.04454,0.02354,0.04577,0.03773,0.2007,0.2125,
2.192,0.3971,0.08822,0.08846,0.07106,0.1232,0.06223,0.04454,0.02397,0.04534,0.03773,0.2007,0.2146,
2.192,0.4112,0.08817,0.0884,0.07117,0.1232,0.06223,0.04454,0.02397,0.04534,0.03773,0.2007,0.2146,
2.192,0.4002,0.08752,0.08853,0.07122,0.1237,0.06223,0.04454,0.02397,0.04534,0.03773,0.2007,0.2146,
2.193,0.408,0.08955,0.08851,0.07119,0.1236,0.06216,0.0445,0.02395,0.04529,0.03769,0.2015,0.2121,
2.191,0.4105,0.08926,0.08844,0.06948,0.1232,0.06222,0.04531,0.0232,0.04533,0.03773,0.2016,0.2142,
2.189,0.3922,0.08659,0.0886,0.06956,0.1254,0.06224,0.04567,0.02287,0.04535,0.03774,0.2017,0.2143,
2.189,0.3975,0.08654,0.08869,0.06962,0.125,0.06159,0.04603,0.02324,0.04519,0.03722,0.2018,0.215,
2.191,0.3956,0.08905,0.08867,0.06964,0.1249,0.06153,0.04598,0.02322,0.04515,0.03718,0.2026,0.212,
2.188,0.3999,0.0876,0.08861,0.06983,0.126,0.06156,0.04867,0.02056,0.04517,0.0372,0.2027,0.2121,
2.188,0.3986,0.08755,0.0886,0.06989,0.126,0.06209,0.04814,0.02056,0.04517,0.0372,0.2027,0.2121,
2.186,0.4103,0.08722,0.08806,0.07008,0.1261,0.06103,0.04818,0.02058,0.0461,0.03634,0.2029,0.2134,
2.188,0.392,0.08908,0.08801,0.07008,0.1256,0.06103,0.04817,0.02058,0.04609,0.03634,0.2039,0.2111,
2.187,0.388,0.08896,0.08791,0.07019,0.1249,0.06101,0.04859,0.02014,0.04608,0.03633,0.2049,0.2111,
2.185,0.3927,0.08826,0.08778,0.0702,0.1253,0.06028,0.04854,0.02012,0.04764,0.03469,0.2057,0.2115,
2.184,0.3942,0.08803,0.08784,0.07037,0.1253,0.06028,0.04908,0.01959,0.04764,0.03469,0.2057,0.2115,
2.182,0.3972,0.08776,0.08814,0.06837,0.1247,0.06085,0.04858,0.0196,0.04767,0.03471,0.2059,0.2138,
2.178,0.4061,0.0864,0.0883,0.06853,0.1254,0.06021,0.04985,0.01836,0.05206,0.03036,0.206,0.2145,
2.169,0.4276,0.08632,0.08798,0.06791,0.1254,0.05887,0.05065,0.01756,0.05944,0.02298,0.206,0.2169,
2.164,0.4222,0.08548,0.08766,0.06798,0.1277,0.05619,0.05064,0.01756,0.06047,0.02193,0.207,0.2174,
2.165,0.4223,0.08667,0.08764,0.0681,0.1266,0.05763,0.04927,0.01757,0.06051,0.02194,0.2081,0.2159,
2.162,0.4267,0.08663,0.08754,0.06848,0.125,0.05707,0.04937,0.0176,0.06225,0.02037,0.2086,0.217,
2.162,0.4283,0.08644,0.08746,0.06892,0.1243,0.05644,0.04941,0.01761,0.0623,0.02038,0.2088,0.2179,
2.162,0.4327,0.08629,0.0877,0.06906,0.1235,0.05649,0.04946,0.01763,0.06236,0.0204,0.209,0.2181,
2.159,0.4349,0.08911,0.08766,0.06815,0.1222,0.05494,0.04947,0.01763,0.06343,0.01936,0.2101,0.2179,
2.158,0.431,0.08895,0.08764,0.06766,0.1222,0.05494,0.05013,0.01698,0.06343,0.01936,0.2101,0.2186,
2.158,0.4296,0.09148,0.08757,0.06772,0.1217,0.05654,0.04846,0.01697,0.06439,0.01834,0.211,0.2158,
2.158,0.4284,0.09322,0.08761,0.06778,0.1213,0.05583,0.04843,0.01695,0.06434,0.01833,0.2119,0.2143,
2.161,0.4399,0.09497,0.08743,0.06775,0.1212,0.05579,0.0484,0.01819,0.06305,0.01832,0.2129,0.212,
2.161,0.4511,0.09386,0.08768,0.06781,0.1214,0.05619,0.0481,0.01821,0.06311,0.01833,0.2131,0.2122,
2.171,0.4253,0.09155,0.0877,0.06782,0.1229,0.05613,0.04863,0.01762,0.06306,0.0235,0.2089,0.2122,
2.166,0.4214,0.09145,0.08759,0.06595,0.1216,0.05606,0.04859,0.0176,0.06405,0.02243,0.2108,0.2138,
2.156,0.4242,0.08624,0.08742,0.06611,0.1268,0.06941,0.03327,0.0176,0.06405,0.02243,0.2108,0.2158,
2.155,0.4225,0.08597,0.08737,0.06622,0.1262,0.06884,0.03331,0.01763,0.06414,0.02246,0.2111,0.2167,
2.155,0.4164,0.08552,0.08782,0.06622,0.1262,0.06884,0.03331,0.01763,0.06414,0.02246,0.2111,0.2167,
2.151,0.444,0.08441,0.08775,0.06646,0.1259,0.06666,0.03334,0.01764,0.06473,0.02194,0.2113,0.2198,
2.151,0.4262,0.08698,0.08779,0.06532,0.1253,0.06511,0.03335,0.01836,0.06403,0.02194,0.2124,0.2194,
2.149,0.4209,0.08785,0.08763,0.06539,0.1248,0.06395,0.03433,0.01735,0.06399,0.02193,0.2134,0.2194,
2.15,0.4415,0.08785,0.08745,0.06559,0.1238,0.06399,0.03436,0.0179,0.06352,0.02196,0.2138,0.2198,
2.163,0.4686,0.09134,0.08758,0.06545,0.1237,0.06513,0.03313,0.01832,0.06304,0.02707,0.2095,0.2157,
2.161,0.4118,0.09127,0.08754,0.06567,0.1233,0.06314,0.03314,0.01832,0.06306,0.02709,0.2096,0.2178,
2.159,0.4213,0.09248,0.08763,0.06568,0.1228,0.06134,0.03313,0.01832,0.06305,0.02703,0.2107,0.2178,
2.157,0.4183,0.09179,0.08755,0.06586,0.1227,0.06002,0.03317,0.01833,0.06313,0.02707,0.2109,0.2195,
2.158,0.4184,0.0963,0.08736,0.06589,0.1221,0.05835,0.03312,0.0183,0.06356,0.02649,0.2127,0.2159,
2.155,0.4308,0.0962,0.08743,0.06593,0.1221,0.05723,0.03312,0.01884,0.06473,0.02478,0.2127,0.217,
2.167,0.4357,0.09623,0.08737,0.06605,0.1217,0.05769,0.0327,0.04848,0.03512,0.02479,0.2128,0.2171,
2.168,0.4286,0.09603,0.08727,0.06642,0.1214,0.0577,0.03325,0.04796,0.03513,0.0248,0.2129,0.2172,
2.167,0.4495,0.09567,0.08723,0.06654,0.1206,0.05775,0.03331,0.04803,0.03519,0.02484,0.2133,0.2176,
2.165,0.4191,0.09093,0.08682,0.06677,0.1249,0.05713,0.03334,0.04807,0.03522,0.02487,0.2135,0.2184,
2.174,0.4175,0.09897,0.08619,0.06672,0.1247,0.05703,0.03328,0.04878,0.03437,0.02653,0.2135,0.2099,
2.173,0.4119,0.09874,0.086,0.06685,0.1237,0.05643,0.03335,0.04888,0.03443,0.02657,0.214,0.211,
2.177,0.4076,0.09844,0.08621,0.06681,0.1226,0.05585,0.03283,0.04889,0.03444,0.03006,0.2117,0.2122,
2.176,0.4052,0.09821,0.08616,0.06683,0.1225,0.05536,0.03344,0.04796,0.03495,0.02949,0.2125,0.2126,
2.166,0.4154,0.09732,0.08606,0.06714,0.1221,0.05544,0.06196,0.01957,0.035,0.02954,0.2129,0.213,
2.166,0.422,0.09736,0.08554,0.06773,0.1217,0.05547,0.06199,0.01958,0.03502,0.02955,0.213,0.2131,
2.165,0.4244,0.09721,0.08543,0.06772,0.1215,0.05541,0.06192,0.02028,0.03543,0.02835,0.2138,0.2129,
2.164,0.4536,0.09569,0.08549,0.0678,0.1226,0.05422,0.06182,0.021,0.03473,0.02836,0.2139,0.2143,
2.164,0.4414,0.09573,0.08552,0.06788,0.1216,0.05429,0.0619,0.02188,0.03555,0.02677,0.2142,0.2146,
2.162,0.4401,0.09741,0.08538,0.06785,0.1213,0.05296,0.06159,0.02187,0.03553,0.02676,0.2151,0.2143,
2.175,0.4316,0.09669,0.08523,0.06794,0.1207,0.05154,0.06151,0.02184,0.03638,0.03422,0.2086,0.2154,
2.173,0.4392,0.09657,0.08535,0.06794,0.1207,0.05069,0.06181,0.0217,0.03595,0.03422,0.2086,0.2165,
2.174,0.4392,0.09854,0.08504,0.06808,0.1195,0.05067,0.06185,0.0217,0.0396,0.03059,0.2098,0.2146,
2.173,0.4418,0.09817,0.08462,0.06816,0.1187,0.05071,0.0619,0.02172,0.03963,0.03061,0.211,0.2148,
2.172,0.4376,0.09804,0.08456,0.06697,0.1184,0.05072,0.06192,0.02244,0.03892,0.03062,0.2111,0.2163,
2.172,0.4396,0.09805,0.08454,0.06716,0.1177,0.05166,0.06107,0.02246,0.03895,0.03064,0.2113,0.2165,
2.172,0.4385,0.1002,0.08438,0.06706,0.1174,0.05155,0.06094,0.02241,0.04013,0.02932,0.2129,0.2137,
2.172,0.4385,0.1,0.08421,0.06709,0.1175,0.05152,0.06096,0.02241,0.04014,0.02932,0.213,0.2138,
2.172,0.44,0.1,0.08417,0.06734,0.1168,0.05156,0.06101,0.02242,0.04017,0.02934,0.2132,0.214,
2.171,0.4532,0.0999,0.08408,0.06743,0.1159,0.05155,0.061,0.02242,0.04016,0.02933,0.2143,0.214,
2.171,0.4423,0.09954,0.08422,0.06733,0.1154,0.05138,0.06065,0.02339,0.03927,0.02937,0.2146,0.2149,
2.17,0.4405,0.09941,0.08398,0.06753,0.1149,0.05259,0.05937,0.02337,0.03925,0.02935,0.2155,0.2148,
2.17,0.4361,0.09852,0.08399,0.06773,0.115,0.0531,0.05896,0.02339,0.03928,0.02938,0.2157,0.215,
2.184,0.4261,0.1017,0.08368,0.06615,0.1149,0.05234,0.05892,0.02337,0.03925,0.03733,0.2087,0.2138,
2.183,0.457,0.1016,0.08336,0.0669,0.1134,0.05242,0.05937,0.02306,0.04199,0.03472,0.209,0.2142,
2.182,0.4292,0.1007,0.08335,0.06686,0.1125,0.05241,0.05935,0.02305,0.04197,0.03471,0.2111,0.2141,
2.18,0.4376,0.1003,0.08329,0.06705,0.1121,0.05133,0.0594,0.02307,0.04301,0.03374,0.2113,0.2154,
2.179,0.4329,0.1001,0.08319,0.06706,0.112,0.05127,0.06043,0.02268,0.04224,0.03371,0.2121,0.2152,
2.179,0.4369,0.09999,0.08291,0.06714,0.112,0.05129,0.061,0.02324,0.04117,0.03372,0.2122,0.2153,
2.177,0.4432,0.0996,0.08297,0.06721,0.1119,0.05124,0.06215,0.022,0.04167,0.03314,0.213,0.2151,
2.177,0.4446,0.09851,0.08294,0.0673,0.113,0.05178,0.0616,0.022,0.04221,0.0326,0.213,0.2151,
2.177,0.4482,0.09804,0.08335,0.06743,0.1126,0.05179,0.06163,0.02285,0.04374,0.03024,0.2131,0.2152,
2.174,0.4483,0.09904,0.08354,0.06745,0.1122,0.04998,0.06196,0.0225,0.04374,0.03024,0.2141,0.2152,
2.173,0.4352,0.0986,0.08325,0.06731,0.1121,0.04993,0.06195,0.02249,0.04372,0.03022,0.2152,0.2152,
2.172,0.4413,0.09839,0.08339,0.06738,0.1121,0.04993,0.06311,0.02133,0.04372,0.03022,0.2152,0.2152,
2.171,0.4348,0.09779,0.08321,0.06758,0.1119,0.05,0.06319,0.02136,0.04615,0.02789,0.2155,0.2155,
2.171,0.4239,0.09774,0.08325,0.06775,0.1111,0.05004,0.06325,0.02192,0.04565,0.02791,0.2157,0.2157,
2.176,0.4138,0.09924,0.08292,0.06683,0.112,0.05,0.06321,0.02244,0.04507,0.03011,0.2144,0.2138,
2.176,0.4148,0.09925,0.08294,0.06697,0.1113,0.05004,0.06326,0.02246,0.0451,0.03014,0.2146,0.214,
2.176,0.4254,0.09925,0.08278,0.06712,0.1113,0.05004,0.0637,0.02256,0.04547,0.02923,0.2146,0.214,
2.174,0.4272,0.09905,0.08293,0.06718,0.1113,0.0489,0.0637,0.02256,0.04547,0.02923,0.2146,0.2151,
2.174,0.4303,0.09886,0.08304,0.06726,0.1113,0.0489,0.0637,0.02256,0.04547,0.02923,0.2146,0.2151,
2.174,0.4317,0.09755,0.08325,0.06729,0.1114,0.04889,0.06368,0.02256,0.04545,0.02922,0.2156,0.2151,
2.184,0.4304,0.09682,0.08262,0.06775,0.1114,0.04887,0.06367,0.02254,0.04544,0.03494,0.2109,0.2151,
2.183,0.4525,0.0961,0.08281,0.06794,0.1114,0.06538,0.04721,0.02255,0.04546,0.03495,0.211,0.2152,
2.183,0.4582,0.096,0.08277,0.06818,0.111,0.06541,0.04723,0.02256,0.04702,0.03342,0.2111,0.2153,
2.181,0.4669,0.09582,0.0829,0.06822,0.111,0.06382,0.04723,0.02256,0.04702,0.03342,0.2111,0.2169,
2.185,0.4535,0.1021,0.08294,0.06824,0.1102,0.06381,0.04765,0.02212,0.04701,0.03342,0.2121,0.2105,
2.184,0.4548,0.1019,0.08286,0.06835,0.1097,0.06264,0.04762,0.02312,0.04597,0.03339,0.2131,0.2115,
2.183,0.4586,0.1013,0.08314,0.0685,0.109,0.06271,0.04769,0.02315,0.04693,0.03253,0.2134,0.2118,
2.179,0.5106,0.101,0.08305,0.06835,0.1087,0.05986,0.04759,0.02382,0.04665,0.03191,0.215,0.214,
2.185,0.4503,0.1002,0.08314,0.06819,0.1083,0.05988,0.0476,0.02382,0.04666,0.03561,0.2125,0.2141,
2.182,0.3808,0.09969,0.08243,0.06674,0.1084,0.05993,0.04764,0.02384,0.0467,0.03564,0.2127,0.2163,
2.182,0.4095,0.09969,0.0821,0.06686,0.1081,0.06052,0.04713,0.02385,0.04673,0.03565,0.2129,0.2165,
2.181,0.3901,0.09958,0.08188,0.06692,0.108,0.06046,0.04708,0.02382,0.04722,0.03507,0.2137,0.2163,
2.18,0.3929,0.09543,0.08213,0.06685,0.1116,0.06085,0.04657,0.0238,0.04782,0.03438,0.2145,0.216,
2.18,0.3984,0.09518,0.08226,0.06698,0.1116,0.06132,0.0461,0.0238,0.04782,0.03438,0.2145,0.216,
2.181,0.4053,0.09859,0.08212,0.06703,0.1111,0.06062,0.04609,0.02378,0.0478,0.03436,0.2156,0.2129,
2.179,0.4017,0.09842,0.0822,0.06719,0.1108,0.05996,0.04611,0.02379,0.05049,0.0317,0.2157,0.2137,
2.177,0.4076,0.09799,0.08232,0.06587,0.1105,0.06001,0.04615,0.02381,0.05054,0.03173,0.2159,0.2153,
2.179,0.4029,0.09735,0.08233,0.066,0.111,0.06001,0.04658,0.04828,0.02563,0.03173,0.2159,0.2153,
2.18,0.4064,0.09706,0.08226,0.0661,0.1109,0.05927,0.04711,0.04899,0.02426,0.03363,0.2148,0.2157,
2.18,0.4089,0.09707,0.08165,0.06676,0.1105,0.05929,0.04713,0.04945,0.02383,0.03364,0.2149,0.2158,
2.179,0.4061,0.09687,0.08119,0.06686,0.1104,0.05925,0.0471,0.04941,0.02381,0.03361,0.2158,0.2157,
2.181,0.4041,0.09672,0.08124,0.06688,0.1095,0.05924,0.04709,0.0494,0.02381,0.03508,0.2154,0.2156,
2.191,0.4019,0.09653,0.08125,0.06701,0.1086,0.05951,0.04681,0.04939,0.0238,0.04127,0.2102,0.2156,
2.189,0.4255,0.09635,0.08112,0.06708,0.1085,0.05815,0.04622,0.04934,0.02764,0.03736,0.211,0.2172,
2.188,0.4157,0.09623,0.08127,0.06646,0.1081,0.05871,0.04569,0.04936,0.02765,0.03738,0.2111,0.218,
2.189,0.4124,0.09576,0.08169,0.0665,0.1081,0.05871,0.04569,0.04936,0.02765,0.03738,0.2111,0.218,
2.186,0.4081,0.09573,0.08173,0.06658,0.1078,0.05736,0.04525,0.04938,0.02766,0.03739,0.2112,0.2199,
2.184,0.4101,0.0971,0.08115,0.06485,0.1077,0.05733,0.04522,0.05014,0.02684,0.03736,0.2122,0.2202,
2.184,0.4135,0.09823,0.08085,0.06503,0.1072,0.05763,0.04484,0.05011,0.02682,0.03733,0.2131,0.2188,
2.186,0.4089,0.1019,0.08071,0.06516,0.1067,0.05759,0.04481,0.05007,0.0268,0.0373,0.214,0.2149,
2.185,0.4092,0.1014,0.08064,0.06506,0.1067,0.05756,0.04479,0.05004,0.02679,0.03728,0.215,0.2148,
2.184,0.4146,0.1014,0.08069,0.06517,0.1063,0.05691,0.04481,0.05093,0.02593,0.0373,0.2151,0.2156,
2.201,0.3594,0.1054,0.08071,0.06524,0.1054,0.05744,0.04426,0.05164,0.02521,0.04686,0.2065,0.2113,
2.201,0.3687,0.1054,0.08051,0.06547,0.1044,0.05743,0.04479,0.05109,0.0252,0.04686,0.2075,0.2113,
2.2,0.3654,0.105,0.0805,0.06566,0.104,0.0574,0.0452,0.05063,0.02519,0.04683,0.2085,0.2112,
2.2,0.3659,0.103,0.08048,0.06577,0.1059,0.0574,0.0452,0.05124,0.02512,0.04629,0.2085,0.2112,
2.199,0.3604,0.103,0.08013,0.0659,0.1047,0.05742,0.04523,0.05126,0.02513,0.0463,0.2097,0.2113,
2.198,0.3692,0.1025,0.08011,0.06598,0.1041,0.05732,0.04515,0.05118,0.02509,0.04622,0.2114,0.211,
2.194,0.3727,0.1006,0.07997,0.06608,0.1054,0.05729,0.04512,0.05521,0.02101,0.04619,0.2123,0.2108,
2.192,0.3774,0.09925,0.07996,0.06628,0.1059,0.05609,0.0457,0.05472,0.02102,0.04623,0.2125,0.2123,
2.19,0.3927,0.09918,0.07986,0.06627,0.1056,0.05501,0.04573,0.05519,0.0206,0.04626,0.2127,0.2136,
2.189,0.4003,0.099,0.07981,0.06616,0.1048,0.05501,0.04573,0.05519,0.02059,0.04626,0.2138,0.2137,
2.187,0.398,0.09868,0.07988,0.06615,0.1046,0.05437,0.04568,0.05459,0.02057,0.04621,0.2147,0.2146,
2.194,0.3977,0.09849,0.07975,0.06621,0.1045,0.05363,0.04563,0.05453,0.02054,0.05241,0.2093,0.215,
2.193,0.4057,0.0978,0.0797,0.06555,0.1046,0.05154,0.0456,0.0545,0.02419,0.04872,0.2102,0.2176,
2.192,0.4092,0.09655,0.07964,0.06581,0.1053,0.04999,0.04562,0.05452,0.02598,0.04697,0.2103,0.2193,
2.192,0.4137,0.09561,0.07972,0.06586,0.1059,0.05001,0.04608,0.05412,0.02599,0.04699,0.2104,0.2194,
2.192,0.4297,0.09551,0.07979,0.0661,0.1051,0.05006,0.04612,0.05416,0.02655,0.04649,0.2106,0.2196,
2.182,0.428,0.09543,0.07982,0.06623,0.1047,0.05006,0.07267,0.02808,0.02613,0.0465,0.2107,0.2197,
2.182,0.4273,0.09525,0.07966,0.06631,0.1044,0.05011,0.07273,0.02811,0.02669,0.046,0.2109,0.2199,
2.184,0.4449,0.09866,0.07963,0.06624,0.1048,0.05003,0.07261,0.02806,0.02665,0.04593,0.2126,0.2148,
2.185,0.4379,0.09861,0.07951,0.0664,0.1048,0.07123,0.05141,0.02806,0.02665,0.04593,0.2126,0.2148,
2.184,0.4167,0.09786,0.0796,0.06632,0.1042,0.07114,0.05135,0.02846,0.02731,0.04474,0.2145,0.2145,
2.185,0.418,0.09777,0.07961,0.06649,0.1039,0.07116,0.05137,0.02847,0.02894,0.04313,0.2146,0.2146,
2.196,0.4211,0.09728,0.07982,0.06651,0.1038,0.06951,0.05131,0.02844,0.034,0.04557,0.2079,0.2159,
2.196,0.433,0.09701,0.08004,0.06656,0.1038,0.06951,0.05189,0.02829,0.03357,0.04557,0.2079,0.2159,
2.196,0.4289,0.09641,0.07994,0.06665,0.1044,0.06951,0.05189,0.02829,0.03447,0.04467,0.2079,0.2159,
2.195,0.4189,0.0973,0.08004,0.06668,0.1039,0.06806,0.05185,0.02827,0.03543,0.04365,0.2088,0.216,
2.195,0.4618,0.0973,0.08004,0.06668,0.1039,0.06806,0.05185,0.02827,0.03543,0.04365,0.2088,0.216,
2.194,0.4232,0.09719,0.08015,0.06676,0.1035,0.06697,0.05188,0.02828,0.03599,0.04313,0.2089,0.2173,
2.193,0.4184,0.09943,0.08017,0.06682,0.1034,0.06487,0.05182,0.02825,0.03595,0.04308,0.2097,0.2165,
2.194,0.4215,0.1023,0.08009,0.06684,0.1033,0.06481,0.05177,0.02822,0.03591,0.04304,0.2105,0.2132,
2.194,0.4538,0.102,0.08029,0.06694,0.1033,0.06427,0.05198,0.02841,0.03537,0.04304,0.2105,0.2139,
2.169,0.408,0.1015,0.08048,0.06703,0.1032,0.09127,0.02284,0.02838,0.03534,0.04299,0.2113,0.2157,
2.169,0.3825,0.1013,0.07988,0.06715,0.1033,0.09135,0.02321,0.02807,0.0412,0.0372,0.2115,0.2158,
2.169,0.3773,0.1046,0.07993,0.06719,0.1032,0.08899,0.02318,0.02804,0.04116,0.03716,0.2124,0.2142,
2.169,0.3772,0.1045,0.07996,0.06758,0.1018,0.08846,0.02385,0.02745,0.04222,0.03623,0.2127,0.2153,
2.168,0.3721,0.1081,0.07944,0.06781,0.101,0.08768,0.02343,0.02712,0.04225,0.03626,0.214,0.2129,
2.195,0.368,0.1079,0.07929,0.06786,0.1009,0.08602,0.02341,0.02709,0.04319,0.05412,0.1959,0.2143,
2.194,0.3754,0.1075,0.07965,0.06797,0.1005,0.08467,0.02396,0.0271,0.04384,0.05297,0.196,0.2158,
2.196,0.3744,0.1123,0.07953,0.06682,0.1001,0.08461,0.02394,0.02709,0.04381,0.05294,0.1969,0.212,
2.195,0.374,0.1118,0.07978,0.06695,0.09959,0.08457,0.02393,0.02707,0.04379,0.05291,0.1978,0.2119,
2.195,0.3803,0.1078,0.08003,0.06703,0.1026,0.08452,0.02445,0.02652,0.04547,0.05118,0.1986,0.2118,
2.192,0.3838,0.1063,0.07999,0.06516,0.1038,0.08475,0.024,0.02649,0.04694,0.0496,0.1994,0.2136,
2.192,0.3823,0.105,0.08011,0.06543,0.104,0.0847,0.02398,0.02648,0.04692,0.04957,0.2003,0.2135,
2.191,0.3832,0.1042,0.08014,0.06564,0.1034,0.08471,0.02453,0.02595,0.04695,0.04961,0.2005,0.2143,
2.192,0.3741,0.1053,0.08024,0.0659,0.1034,0.08473,0.02452,0.02595,0.04695,0.0496,0.2016,0.2117,
2.192,0.4191,0.1046,0.08007,0.06619,0.103,0.08477,0.02453,0.02596,0.04697,0.04963,0.2017,0.2125,
2.192,0.4058,0.1046,0.08017,0.06625,0.1026,0.08481,0.02454,0.02597,0.04699,0.04965,0.2018,0.2126,
2.191,0.3568,0.1023,0.08012,0.06629,0.1046,0.08526,0.02398,0.02673,0.04768,0.04808,0.2026,0.2124,
2.191,0.3517,0.1019,0.08017,0.06634,0.1043,0.08534,0.02435,0.02641,0.04772,0.04812,0.2027,0.2126,
2.191,0.3555,0.1006,0.07994,0.06667,0.1052,0.0858,0.02393,0.02643,0.04775,0.04814,0.2028,0.2127,
2.189,0.3562,0.1003,0.08001,0.06682,0.1044,0.08467,0.02392,0.02641,0.04773,0.04812,0.2038,0.2138,
2.189,0.3844,0.1003,0.07984,0.06705,0.1044,0.08332,0.02426,0.04553,0.02827,0.04812,0.2038,0.2151,
2.192,0.3732,0.1052,0.07968,0.06726,0.1039,0.08328,0.02425,0.0455,0.02825,0.04809,0.2047,0.2098,
2.186,0.3728,0.1048,0.07949,0.06752,0.104,0.08112,0.02272,0.04678,0.02731,0.04758,0.2048,0.2139,
2.186,0.3751,0.1049,0.07945,0.06768,0.102,0.08122,0.02274,0.04683,0.02832,0.04663,0.2061,0.2142,
2.186,0.3846,0.1043,0.07978,0.06766,0.1019,0.08114,0.02272,0.04678,0.02929,0.04558,0.2069,0.2139,
2.185,0.3785,0.1041,0.07986,0.0671,0.1019,0.08114,0.02272,0.04678,0.02987,0.04501,0.2069,0.2146,
2.187,0.3836,0.1036,0.07978,0.06734,0.1019,0.08117,0.02454,0.04499,0.03235,0.04256,0.207,0.2147,
2.185,0.3714,0.1034,0.0799,0.06743,0.1019,0.07875,0.02454,0.04553,0.03181,0.04256,0.207,0.2171,
2.182,0.3709,0.1057,0.07968,0.0675,0.101,0.0763,0.02396,0.04546,0.03342,0.0407,0.2088,0.2174,
2.181,0.3752,0.1071,0.07968,0.06684,0.1005,0.07626,0.02395,0.04543,0.0334,0.04067,0.2098,0.2164,
2.178,0.3697,0.1071,0.07972,0.06691,0.1001,0.07528,0.02306,0.04546,0.03342,0.04069,0.2098,0.2184,
2.177,0.376,0.1102,0.07982,0.06684,0.1,0.07765,0.02059,0.04541,0.0366,0.03744,0.2107,0.2148,
2.177,0.3667,0.1119,0.0798,0.06691,0.0983,0.07762,0.02056,0.04652,0.03543,0.03741,0.2127,0.2128,
2.173,0.3649,0.1124,0.07996,0.06705,0.0982,0.07633,0.01964,0.0488,0.03306,0.03737,0.2136,0.2137,
2.172,0.3762,0.1123,0.07987,0.06725,0.09784,0.07637,0.01965,0.04961,0.03354,0.03614,0.2137,0.2138,
2.181,0.368,0.1168,0.0799,0.06735,0.09778,0.07453,0.02007,0.04915,0.03531,0.03876,0.2102,0.2102,
2.181,0.3634,0.1168,0.07982,0.06749,0.09741,0.07389,0.02007,0.04916,0.03585,0.03824,0.2102,0.211,
2.179,0.3653,0.1166,0.07971,0.0664,0.09731,0.07425,0.02005,0.04868,0.03582,0.0382,0.2111,0.2119,
2.178,0.3708,0.1155,0.07964,0.06651,0.09809,0.07428,0.02006,0.04924,0.04197,0.03154,0.2112,0.212,
2.177,0.3707,0.115,0.07999,0.06654,0.09761,0.07423,0.02004,0.04921,0.04194,0.03152,0.2121,0.2118,
2.176,0.3985,0.1149,0.07979,0.0668,0.09761,0.0752,0.01908,0.04921,0.04194,0.03152,0.2121,0.2118,
2.176,0.3692,0.115,0.07986,0.06685,0.09688,0.07526,0.01909,0.04924,0.04197,0.03155,0.2123,0.212,
2.175,0.3763,0.1145,0.07986,0.06696,0.09693,0.07463,0.0191,0.04926,0.04433,0.02922,0.2124,0.2128,
2.159,0.3799,0.1144,0.0799,0.06706,0.09693,0.08364,0.01009,0.04926,0.04433,0.02922,0.2124,0.2128,
2.174,0.3787,0.1141,0.07981,0.06592,0.09636,0.0835,0.01006,0.04917,0.04425,0.03855,0.2048,0.2136,
2.174,0.3722,0.114,0.07975,0.06604,0.09636,0.0835,0.01006,0.04917,0.04425,0.03855,0.2048,0.2136,
2.175,0.3702,0.1186,0.0797,0.06604,0.0962,0.0839,0.009509,0.04981,0.04347,0.03849,0.2065,0.2078,
2.174,0.3707,0.1186,0.07972,0.06626,0.09547,0.0833,0.009509,0.04984,0.04417,0.03785,0.2067,0.2086,
2.173,0.3755,0.1184,0.07963,0.06631,0.09537,0.08254,0.009499,0.04979,0.04412,0.03781,0.2075,0.2091,
2.174,0.3585,0.1178,0.07981,0.06639,0.09541,0.08258,0.01013,0.04919,0.04414,0.03778,0.2076,0.2092,
2.174,0.3559,0.1158,0.07957,0.06668,0.09738,0.08258,0.01013,0.04919,0.04414,0.03778,0.2076,0.2092,
2.171,0.371,0.1158,0.07948,0.06565,0.09738,0.0802,0.01043,0.04876,0.04414,0.03778,0.2076,0.2128,
2.171,0.3498,0.1157,0.07934,0.06585,0.09738,0.0802,0.01043,0.04919,0.04372,0.03778,0.2076,0.2128,
2.18,0.3718,0.1152,0.07992,0.06593,0.09702,0.08023,0.04192,0.01772,0.04374,0.0378,0.2077,0.2129,
2.18,0.3735,0.1152,0.07992,0.06593,0.09702,0.08023,0.04192,0.01772,0.04374,0.0378,0.2077,0.2129,
2.179,0.37,0.1149,0.07982,0.06612,0.09655,0.08064,0.04143,0.0177,0.04486,0.03661,0.2086,0.2128,
2.176,0.3737,0.1149,0.0797,0.06623,0.09655,0.07886,0.0412,0.0177,0.04486,0.03661,0.2086,0.2148,
2.176,0.371,0.114,0.07971,0.06638,0.09733,0.07819,0.0412,0.0177,0.04486,0.03661,0.2086,0.2154,
2.178,0.3855,0.1118,0.08006,0.06646,0.09907,0.07819,0.04174,0.02265,0.04656,0.02943,0.2086,0.2154,
2.178,0.3855,0.1131,0.08004,0.06649,0.0986,0.07814,0.0417,0.02263,0.04653,0.02941,0.2095,0.2139,
2.179,0.3875,0.1103,0.08015,0.06649,0.1013,0.07814,0.0417,0.02263,0.04653,0.02941,0.2095,0.2139,
2.178,0.3892,0.1101,0.08001,0.06675,0.1013,0.07725,0.04148,0.02263,0.04653,0.02941,0.2095,0.215,
2.177,0.3847,0.1099,0.08018,0.06694,0.1009,0.07762,0.04116,0.02263,0.04655,0.02942,0.2096,0.2151,
2.176,0.3861,0.1127,0.07997,0.06684,0.1007,0.07729,0.04057,0.02259,0.04868,0.02713,0.2113,0.2123,
2.174,0.3891,0.1125,0.07999,0.06687,0.1003,0.07527,0.04054,0.02311,0.0481,0.02711,0.2122,0.2141,
2.171,0.4009,0.1125,0.07998,0.06701,0.0995,0.07335,0.04057,0.02313,0.04939,0.02589,0.2124,0.2163,
2.17,0.4021,0.1113,0.07989,0.06697,0.09973,0.07281,0.04064,0.02317,0.04948,0.02594,0.2128,0.2173,
2.17,0.4068,0.1123,0.07999,0.06709,0.09891,0.07279,0.04121,0.02359,0.05201,0.02322,0.213,0.2159,
2.17,0.4027,0.107,0.08018,0.06712,0.1037,0.07283,0.04123,0.0236,0.05203,0.02323,0.2131,0.216,
2.17,0.4211,0.1069,0.08033,0.06714,0.1033,0.07286,0.04125,0.02361,0.05205,0.02324,0.2131,0.2161,
2.168,0.4094,0.1032,0.08005,0.06733,0.1066,0.07185,0.041,0.02362,0.05209,0.02325,0.2133,0.2176,
2.176,0.4115,0.105,0.07995,0.06587,0.1066,0.07009,0.04087,0.02348,0.05206,0.0285,0.209,0.2186,
2.176,0.4093,0.1047,0.08009,0.06605,0.1066,0.07009,0.04087,0.02348,0.05206,0.0285,0.209,0.2186,
2.177,0.412,0.1048,0.07992,0.06616,0.1083,0.07002,0.04082,0.02345,0.05201,0.02847,0.2098,0.2162,
2.177,0.4028,0.1047,0.07988,0.06627,0.1083,0.07002,0.04082,0.02345,0.05201,0.02847,0.2098,0.2162,
2.177,0.4057,0.1086,0.08017,0.06631,0.1082,0.06808,0.0408,0.02344,0.05358,0.02684,0.2108,0.2131,
2.196,0.4005,0.11,0.08019,0.06638,0.1081,0.06903,0.03966,0.02464,0.05225,0.03664,0.2027,0.2104,
2.194,0.4051,0.1099,0.08017,0.06649,0.1081,0.06823,0.03984,0.02393,0.05225,0.03664,0.2027,0.2118,
2.193,0.4055,0.1097,0.08031,0.06649,0.1073,0.06822,0.04018,0.02358,0.05224,0.03663,0.2037,0.2117,
2.169,0.4046,0.1074,0.08052,0.06647,0.109,0.09398,0.01432,0.04062,0.03513,0.03659,0.2045,0.2115,
2.169,0.3998,0.1069,0.08031,0.06656,0.1089,0.09392,0.01431,0.04059,0.03511,0.03657,0.2054,0.2114,
2.167,0.4478,0.106,0.0806,0.0669,0.1075,0.09261,0.01435,0.04213,0.03378,0.03667,0.2059,0.2135,
2.168,0.4182,0.1082,0.08038,0.06699,0.1063,0.09269,0.01435,0.04217,0.03381,0.03671,0.2072,0.2112,
2.168,0.3706,0.108,0.08004,0.06695,0.1062,0.09264,0.01491,0.0425,0.03375,0.03579,0.2081,0.2111,
2.168,0.4138,0.1067,0.08002,0.06708,0.1067,0.09258,0.01597,0.04219,0.03295,0.03577,0.209,0.2109,
2.168,0.3842,0.1066,0.08019,0.06716,0.1061,0.09266,0.01598,0.04223,0.03298,0.0358,0.2092,0.2111,
2.165,0.3314,0.1065,0.08015,0.06726,0.1061,0.08954,0.01598,0.04223,0.03298,0.0358,0.2092,0.2142,
2.164,0.3449,0.1062,0.08042,0.06726,0.1061,0.08798,0.01598,0.04223,0.03421,0.03457,0.2092,0.2158,
2.163,0.3459,0.1059,0.08081,0.06727,0.1058,0.08802,0.01597,0.04224,0.03921,0.02958,0.2093,0.2159,
2.163,0.3463,0.1058,0.08101,0.06735,0.105,0.0881,0.01599,0.04313,0.03839,0.02961,0.2095,0.2161,
2.165,0.3331,0.1092,0.08118,0.06714,0.1053,0.08782,0.01594,0.04353,0.03773,0.02952,0.212,0.2106,
2.162,0.3805,0.1092,0.08116,0.0672,0.1053,0.08671,0.01704,0.05056,0.0296,0.02952,0.212,0.2117,
2.167,0.3231,0.1091,0.08107,0.06723,0.104,0.08676,0.01785,0.04979,0.02962,0.03203,0.2107,0.2119,
2.167,0.3252,0.109,0.08108,0.06727,0.104,0.08676,0.01785,0.04979,0.03051,0.03114,0.2107,0.2119,
2.166,0.3552,0.1087,0.08114,0.06729,0.1038,0.08667,0.01783,0.05074,0.02948,0.0311,0.2116,0.2116,
2.166,0.3385,0.1071,0.08137,0.06732,0.1049,0.08671,0.01784,0.05076,0.03039,0.03023,0.2117,0.2117,
2.167,0.3355,0.1069,0.08156,0.06742,0.1045,0.08674,0.01838,0.05025,0.0304,0.03024,0.2117,0.2118,
2.166,0.3343,0.1059,0.08151,0.06743,0.1048,0.08685,0.01839,0.05031,0.03043,0.03027,0.212,0.2121,
2.178,0.3134,0.1057,0.08092,0.06736,0.1043,0.08621,0.01823,0.05025,0.0304,0.03813,0.206,0.2125,
2.177,0.3217,0.1055,0.08092,0.06752,0.1043,0.0871,0.01734,0.05025,0.03182,0.0367,0.206,0.2125,
2.176,0.3292,0.1035,0.08068,0.06752,0.1056,0.08696,0.01732,0.05109,0.0315,0.03598,0.2077,0.2122,
2.175,0.3422,0.1033,0.08052,0.06772,0.1051,0.0869,0.01731,0.05106,0.03148,0.03596,0.2086,0.2121,
2.173,0.3142,0.1033,0.08066,0.06791,0.1039,0.0845,0.01733,0.05113,0.03152,0.036,0.2089,0.2149,
2.174,0.2961,0.1068,0.08073,0.0677,0.1036,0.08423,0.01727,0.05097,0.03142,0.03589,0.2114,0.21,
2.173,0.298,0.1061,0.08063,0.06785,0.1043,0.08423,0.01727,0.05182,0.03057,0.03589,0.2114,0.21,
2.177,0.2962,0.1053,0.08068,0.06793,0.1042,0.08507,0.01638,0.05179,0.03055,0.039,0.2092,0.2099,
2.175,0.3058,0.1047,0.08093,0.06813,0.1037,0.08347,0.01637,0.05229,0.03,0.03898,0.2101,0.2113,
2.178,0.302,0.1042,0.08141,0.06816,0.1037,0.08347,0.04942,0.01924,0.03,0.03898,0.2101,0.2113,
2.177,0.3053,0.104,0.08159,0.06833,0.1033,0.08284,0.04997,0.01871,0.03343,0.03558,0.2102,0.2121,
2.179,0.304,0.1083,0.08139,0.06837,0.1032,0.08328,0.04939,0.01869,0.03339,0.03554,0.211,0.2075,
2.181,0.3021,0.1066,0.08141,0.06856,0.1044,0.08332,0.04941,0.02267,0.02944,0.03556,0.2111,0.2076,
2.18,0.3056,0.1065,0.08149,0.06869,0.1041,0.0838,0.04972,0.02282,0.02856,0.03556,0.2112,0.2077,
2.184,0.3141,0.1046,0.08171,0.0688,0.1049,0.08309,0.05022,0.02228,0.02854,0.03858,0.2091,0.2082,
2.183,0.3224,0.09844,0.0819,0.06895,0.1105,0.08229,0.04997,0.02229,0.02944,0.03771,0.2092,0.2094,
2.184,0.3208,0.09668,0.0816,0.06884,0.1112,0.08206,0.04983,0.02223,0.02936,0.0397,0.2097,0.2088,
2.182,0.3229,0.09667,0.08164,0.06901,0.1105,0.08081,0.04942,0.02224,0.02938,0.03972,0.2098,0.2108,
2.179,0.3265,0.09658,0.08178,0.06602,0.1097,0.08022,0.04947,0.02226,0.03423,0.03493,0.21,0.2148,
2.178,0.3408,0.09525,0.08163,0.06617,0.111,0.07956,0.04947,0.02226,0.03538,0.03378,0.21,0.2154,
2.178,0.3304,0.09515,0.08139,0.06617,0.1111,0.07959,0.04949,0.02227,0.03539,0.0338,0.2101,0.2155,
2.176,0.3365,0.09482,0.08154,0.06636,0.1111,0.0791,0.04843,0.02227,0.03539,0.0338,0.2101,0.2171,
2.173,0.3542,0.09588,0.08139,0.0664,0.111,0.07636,0.0488,0.02182,0.03646,0.03266,0.211,0.2183,
2.181,0.337,0.09713,0.08131,0.06667,0.1101,0.07524,0.0488,0.02181,0.03645,0.03754,0.2071,0.2178,
2.182,0.3062,0.09713,0.08093,0.06705,0.1101,0.07524,0.0488,0.02252,0.03574,0.03754,0.2071,0.2178,
2.181,0.3062,0.09603,0.08142,0.06583,0.1101,0.0753,0.04884,0.02306,0.03613,0.03669,0.2073,0.2193,
2.181,0.3071,0.09747,0.08138,0.06596,0.1093,0.07533,0.04959,0.02233,0.03614,0.0367,0.2084,0.2175,
2.181,0.3076,0.09739,0.0814,0.06602,0.1093,0.07533,0.04959,0.02233,0.03614,0.0367,0.2084,0.2175,
2.181,0.3105,0.09637,0.08149,0.06612,0.1099,0.07469,0.04961,0.02375,0.03699,0.03446,0.2084,0.2182,
2.181,0.3059,0.09711,0.08144,0.06617,0.1097,0.07461,0.04956,0.02372,0.03695,0.03442,0.2093,0.217,
2.18,0.3057,0.09695,0.08147,0.0663,0.1097,0.0735,0.04956,0.02425,0.03642,0.03442,0.2093,0.2181,
2.179,0.3079,0.1002,0.08148,0.06626,0.1105,0.07033,0.04951,0.02423,0.03638,0.03438,0.2101,0.2166,
2.147,0.3264,0.1001,0.08161,0.06647,0.1097,0.103,0.01695,0.02425,0.03694,0.03388,0.2103,0.2168,
2.146,0.3291,0.09955,0.0814,0.06593,0.1098,0.1031,0.01697,0.02498,0.03627,0.03391,0.2105,0.2177,
2.153,0.3223,0.101,0.08095,0.06603,0.1097,0.103,0.01696,0.02497,0.03722,0.03666,0.2077,0.2158,
2.153,0.323,0.09879,0.08105,0.06612,0.1111,0.1031,0.01697,0.02499,0.03725,0.03669,0.2078,0.216,
2.152,0.3249,0.09813,0.08133,0.06626,0.1109,0.1031,0.01646,0.025,0.03728,0.03671,0.208,0.2169,
2.146,0.4021,0.097,0.08137,0.06477,0.1119,0.1031,0.01646,0.04333,0.01895,0.03671,0.208,0.2184,
2.148,0.358,0.09862,0.08143,0.06473,0.1114,0.103,0.01645,0.0433,0.02054,0.03509,0.2089,0.2165,
2.15,0.3709,0.1016,0.08108,0.06487,0.1112,0.1029,0.01644,0.04327,0.02053,0.03507,0.2099,0.2131,
2.148,0.346,0.1012,0.08112,0.06506,0.1109,0.1013,0.01645,0.04331,0.02054,0.0351,0.21,0.2151,
2.152,0.3485,0.1066,0.0817,0.06512,0.11,0.1006,0.01645,0.04331,0.02054,0.03509,0.2111,0.2096,
2.152,0.351,0.1064,0.08184,0.06537,0.1092,0.09999,0.01646,0.04334,0.02144,0.03422,0.2112,0.2105,
2.149,0.3565,0.1061,0.08145,0.06575,0.1093,0.09648,0.01647,0.04336,0.02199,0.03371,0.2113,0.2141,
2.15,0.3568,0.1059,0.08158,0.06584,0.1089,0.09652,0.01701,0.04284,0.022,0.03372,0.2114,0.2142,
2.149,0.3564,0.1048,0.08168,0.06596,0.1093,0.09593,0.01702,0.04341,0.02148,0.03374,0.2116,0.2151,
2.154,0.3474,0.1067,0.08167,0.06604,0.1088,0.09587,0.01701,0.04338,0.02147,0.03593,0.2103,0.2128,
2.154,0.3641,0.1066,0.08176,0.06614,0.1084,0.09645,0.01648,0.0434,0.0261,0.03132,0.2104,0.2128,
2.156,0.3763,0.1065,0.0816,0.06641,0.1084,0.09534,0.04054,0.01935,0.0261,0.03132,0.2104,0.214,
2.154,0.3921,0.1048,0.08158,0.06559,0.1095,0.09538,0.04098,0.01893,0.02611,0.03133,0.2105,0.2152,
2.157,0.3871,0.1094,0.08188,0.06558,0.1091,0.0957,0.04063,0.01892,0.02664,0.03079,0.2115,0.2098,
2.157,0.3856,0.1091,0.08204,0.0659,0.1086,0.0962,0.04004,0.02016,0.02541,0.03076,0.2117,0.21,
2.174,0.366,0.109,0.08181,0.06598,0.1085,0.09188,0.04042,0.01972,0.02538,0.04285,0.2004,0.214,
