entropy,entropyInd,RabA,RabB,RabC,RabD,RabE,RabF,RabG,RabH,RabI,xER,xPM,
2.178,0.3355,0.106,0.0907,0.0685,0.1252,0.05449,0.03938,0.03062,0.03407,0.03502,0.2066,0.2094,
2.177,0.3358,0.1047,0.09071,0.06855,0.1245,0.05453,0.03941,0.03064,0.03409,0.03504,0.2068,0.211,
2.177,0.3343,0.1053,0.09029,0.06846,0.1244,0.0545,0.03939,0.03062,0.03407,0.03502,0.2077,0.2102,
2.175,0.3347,0.1069,0.09023,0.06844,0.1236,0.05332,0.03925,0.03045,0.03406,0.03501,0.2087,0.21,
2.176,0.3323,0.1084,0.09021,0.06842,0.1231,0.05331,0.03924,0.03044,0.03405,0.035,0.2098,0.208,
2.176,0.3456,0.1085,0.09025,0.06845,0.1228,0.05332,0.03926,0.03045,0.03406,0.03501,0.2098,0.2081,
2.174,0.3492,0.108,0.09025,0.06854,0.1217,0.05227,0.0393,0.03049,0.0341,0.03504,0.2101,0.2101,
2.182,0.3314,0.1115,0.09023,0.06824,0.1209,0.05226,0.0393,0.03048,0.03409,0.03923,0.2069,0.2069,
2.181,0.3328,0.1113,0.0902,0.06826,0.1206,0.05176,0.0392,0.0305,0.03412,0.03925,0.2071,0.2077,
2.179,0.3358,0.1111,0.09022,0.0662,0.1199,0.05183,0.03924,0.03054,0.03416,0.0393,0.2074,0.2101,
2.179,0.3601,0.1109,0.0901,0.06607,0.1199,0.05186,0.03928,0.03056,0.03419,0.03933,0.2076,0.2103,
2.179,0.3075,0.1109,0.09001,0.06615,0.119,0.05192,0.03933,0.0306,0.03422,0.03938,0.2079,0.2106,
2.177,0.3088,0.1108,0.08992,0.06608,0.1189,0.05121,0.03928,0.03057,0.03419,0.03934,0.2087,0.211,
2.172,0.2797,0.1109,0.08989,0.06612,0.1183,0.04771,0.03931,0.03059,0.0342,0.03936,0.2089,0.2147,
2.173,0.2832,0.1156,0.08986,0.0661,0.1175,0.04703,0.0393,0.03058,0.03419,0.03934,0.2099,0.2106,
2.172,0.2793,0.1155,0.08977,0.06603,0.1174,0.04631,0.03926,0.03055,0.03415,0.0393,0.2107,0.2111,
2.169,0.2893,0.1135,0.08978,0.06606,0.1171,0.04523,0.03928,0.03056,0.03417,0.03932,0.2108,0.2143,
2.178,0.2748,0.1176,0.0896,0.06592,0.1168,0.04514,0.0392,0.03049,0.03409,0.04393,0.2078,0.2095,
2.176,0.2753,0.1175,0.08954,0.06587,0.1163,0.04445,0.03917,0.03047,0.03407,0.0439,0.2087,0.2101,
2.174,0.2762,0.1151,0.08947,0.06583,0.1159,0.04442,0.03914,0.03045,0.03405,0.04387,0.2096,0.2122,
2.174,0.2793,0.1151,0.08947,0.06583,0.1159,0.04442,0.03914,0.03045,0.03405,0.04387,0.2096,0.2122,
2.174,0.2823,0.1151,0.08922,0.06588,0.1153,0.04447,0.03919,0.03049,0.03408,0.04392,0.2099,0.2125,
2.171,0.2839,0.1114,0.08927,0.06593,0.1146,0.0445,0.03922,0.03051,0.03411,0.04395,0.21,0.2165,
2.17,0.3075,0.1103,0.08922,0.06596,0.1144,0.04452,0.03924,0.03052,0.03411,0.04396,0.2101,0.2177,
2.17,0.2781,0.1103,0.08922,0.06596,0.1144,0.04452,0.03924,0.03052,0.03411,0.04396,0.2101,0.2177,
2.17,0.2747,0.1104,0.08925,0.06598,0.114,0.04453,0.03925,0.03053,0.03412,0.04398,0.2102,0.2177,
2.167,0.2855,0.107,0.08909,0.066,0.1137,0.04388,0.03926,0.03054,0.03412,0.04399,0.2103,0.2221,
2.165,0.2755,0.1071,0.08916,0.06605,0.113,0.0428,0.03929,0.03056,0.03415,0.04401,0.2105,0.2234,
2.164,0.2756,0.1072,0.08924,0.0661,0.1122,0.04217,0.03932,0.03058,0.03417,0.04404,0.2107,0.2242,
2.182,0.2672,0.1134,0.08896,0.06593,0.112,0.04206,0.03922,0.0305,0.03408,0.05472,0.2024,0.2168,
2.18,0.2705,0.1134,0.08896,0.06593,0.112,0.04096,0.03922,0.0305,0.03408,0.05472,0.2024,0.2179,
2.183,0.2705,0.1144,0.08912,0.066,0.1118,0.04145,0.03865,0.03047,0.03868,0.05002,0.2032,0.2161,
2.183,0.2718,0.1133,0.08912,0.06629,0.1116,0.04151,0.03872,0.03052,0.04087,0.04798,0.2036,0.2165,
2.185,0.2816,0.1179,0.08919,0.06626,0.1115,0.04146,0.03952,0.02964,0.04082,0.04792,0.2054,0.2103,
2.185,0.2748,0.1133,0.08901,0.06636,0.1158,0.04142,0.03948,0.02961,0.04078,0.04788,0.2062,0.2101,
2.185,0.2735,0.1165,0.08882,0.06663,0.1154,0.04031,0.03947,0.0296,0.04077,0.04786,0.2072,0.2075,
2.184,0.2883,0.1163,0.08868,0.06687,0.1145,0.0403,0.03946,0.02959,0.04563,0.04298,0.2082,0.2075,
2.185,0.2912,0.1157,0.08887,0.06699,0.1146,0.0413,0.0385,0.03002,0.04575,0.04247,0.2083,0.2075,
2.182,0.2901,0.1155,0.08875,0.06741,0.1133,0.04007,0.0382,0.03003,0.04629,0.04194,0.2094,0.2092,
2.181,0.31,0.1151,0.08863,0.06745,0.1125,0.04008,0.03874,0.02951,0.04683,0.04142,0.2105,0.2092,
2.159,0.3254,0.1144,0.08858,0.06774,0.1119,0.06714,0.01179,0.02955,0.0469,0.04148,0.2109,0.2096,
2.159,0.3205,0.1144,0.08858,0.06774,0.1119,0.06714,0.01179,0.02955,0.04778,0.04059,0.2109,0.2096,
2.158,0.3327,0.111,0.08822,0.06808,0.1146,0.06656,0.01181,0.02959,0.04784,0.04064,0.2112,0.2105,
2.158,0.319,0.1102,0.08793,0.06811,0.1148,0.06665,0.01182,0.02963,0.04844,0.04017,0.2114,0.2108,
2.157,0.3383,0.1101,0.08727,0.06829,0.1149,0.06671,0.02998,0.0115,0.05004,0.03865,0.2116,0.211,
2.155,0.3413,0.1087,0.08756,0.06843,0.1156,0.06452,0.03,0.01151,0.05006,0.03866,0.2117,0.2133,
2.154,0.3446,0.1068,0.08776,0.06848,0.1172,0.06452,0.03,0.01151,0.05152,0.0372,0.2117,0.2133,
2.154,0.3421,0.1069,0.08762,0.06878,0.1165,0.06457,0.03002,0.01151,0.05315,0.03563,0.2119,0.2135,
2.153,0.3374,0.1068,0.08763,0.06889,0.1161,0.06459,0.03003,0.01152,0.05426,0.03454,0.212,0.2136,
2.151,0.3361,0.1054,0.08795,0.06896,0.1169,0.06396,0.02958,0.01152,0.05537,0.03346,0.2121,0.2148,
2.15,0.3437,0.1055,0.08772,0.06884,0.1169,0.06399,0.0296,0.01152,0.05592,0.03294,0.2122,0.2149,
2.149,0.3351,0.1044,0.08789,0.06884,0.1165,0.06345,0.02966,0.01154,0.05603,0.03301,0.2127,0.216,
2.149,0.3369,0.1043,0.08792,0.06901,0.1158,0.06283,0.02968,0.01155,0.05608,0.03303,0.2128,0.2169,
2.146,0.3391,0.1041,0.0877,0.06909,0.1159,0.06174,0.02969,0.01155,0.05736,0.03179,0.2129,0.2181,
2.146,0.3522,0.1029,0.08791,0.06918,0.1169,0.06174,0.02969,0.01155,0.05736,0.03179,0.2129,0.2181,
2.163,0.3264,0.109,0.0882,0.06925,0.1167,0.06168,0.02966,0.01154,0.05729,0.03854,0.207,0.2111,
2.161,0.3552,0.1088,0.08799,0.06924,0.1162,0.06157,0.02961,0.01151,0.05828,0.03738,0.2087,0.2108,
2.159,0.3539,0.1079,0.08768,0.06763,0.1159,0.06168,0.02966,0.01153,0.05838,0.03745,0.2091,0.2131,
2.159,0.3186,0.1097,0.08779,0.0671,0.115,0.06166,0.02965,0.01153,0.05837,0.03744,0.2101,0.2116,
2.157,0.3166,0.1077,0.088,0.06721,0.1167,0.06055,0.03055,0.01064,0.05837,0.03744,0.2101,0.2127,
2.154,0.3031,0.1073,0.08788,0.06744,0.1166,0.05937,0.03051,0.01063,0.05956,0.03615,0.2109,0.2136,
2.156,0.3003,0.1099,0.08803,0.06758,0.1161,0.05933,0.03049,0.01062,0.05952,0.03612,0.2119,0.2104,
2.152,0.2987,0.1064,0.08785,0.06781,0.1196,0.05711,0.03049,0.01062,0.06077,0.03488,0.2119,0.2126,
2.163,0.3253,0.107,0.0879,0.0678,0.1201,0.05705,0.03046,0.01061,0.06168,0.04037,0.2062,0.2108,
2.163,0.3107,0.1063,0.08823,0.068,0.119,0.05715,0.03052,0.01062,0.0618,0.04044,0.2067,0.2113,
2.16,0.3073,0.1077,0.08818,0.06816,0.1173,0.05497,0.03055,0.01063,0.06187,0.04047,0.2079,0.2123,
2.161,0.3152,0.1066,0.08861,0.0682,0.1179,0.05497,0.03055,0.01106,0.06144,0.04047,0.2079,0.2123,
2.161,0.3144,0.109,0.08812,0.06848,0.1175,0.05431,0.03056,0.01104,0.06344,0.03841,0.209,0.2101,
2.16,0.3066,0.1085,0.08815,0.06864,0.1175,0.05433,0.03057,0.01104,0.06463,0.03727,0.2091,0.2102,
2.161,0.3112,0.1083,0.08809,0.06877,0.1174,0.05436,0.03059,0.0118,0.06391,0.03729,0.2092,0.2103,
2.16,0.3012,0.1074,0.08799,0.06887,0.1169,0.05432,0.03056,0.01178,0.0644,0.03672,0.2101,0.2109,
2.161,0.3047,0.1054,0.08818,0.06898,0.1184,0.05323,0.03058,0.01322,0.063,0.03674,0.2102,0.2121,
2.159,0.3086,0.1051,0.08837,0.06898,0.1175,0.05322,0.03057,0.01321,0.06465,0.03507,0.2113,0.2121,
2.157,0.3156,0.1036,0.08836,0.0677,0.1184,0.05326,0.0306,0.01322,0.06471,0.0351,0.2114,0.2136,
2.155,0.3133,0.1035,0.08856,0.06772,0.118,0.05183,0.03096,0.01288,0.06473,0.03511,0.2115,0.2151,
2.155,0.3191,0.1033,0.0888,0.06787,0.117,0.05189,0.03099,0.01289,0.06481,0.03514,0.2118,0.2154,
2.149,0.3243,0.1001,0.08839,0.06828,0.1203,0.04831,0.03099,0.01289,0.06481,0.03514,0.2118,0.219,
2.147,0.3242,0.1002,0.08844,0.06853,0.1188,0.04682,0.03104,0.01291,0.06491,0.0352,0.2122,0.221,
2.159,0.3583,0.1,0.08853,0.06872,0.1173,0.044,0.0311,0.04737,0.03062,0.03527,0.2127,0.2244,
2.182,0.3479,0.1101,0.0886,0.06864,0.1164,0.04384,0.03099,0.04719,0.0305,0.0452,0.206,0.2125,
2.182,0.3488,0.1102,0.08855,0.06886,0.1154,0.0439,0.03103,0.04725,0.03054,0.04526,0.2063,0.2128,
2.18,0.3557,0.1099,0.08853,0.06911,0.1143,0.04239,0.03162,0.04751,0.03085,0.04434,0.2066,0.2148,
2.181,0.371,0.1095,0.0885,0.06936,0.1136,0.04245,0.03166,0.04757,0.03593,0.03936,0.2069,0.2151,
2.18,0.3791,0.1087,0.08862,0.06941,0.1136,0.04288,0.03123,0.04757,0.0371,0.03819,0.2069,0.2157,
2.18,0.3678,0.1084,0.08767,0.06967,0.1138,0.04348,0.03073,0.04764,0.03715,0.03825,0.2072,0.216,
2.178,0.3756,0.1079,0.0878,0.0697,0.1139,0.04237,0.03074,0.04766,0.03717,0.03826,0.2073,0.2173,
2.178,0.3965,0.1057,0.08767,0.06996,0.1149,0.04245,0.0308,0.04774,0.03778,0.03779,0.2077,0.2176,
2.178,0.377,0.1056,0.08769,0.07005,0.1138,0.04251,0.03085,0.04782,0.03783,0.03784,0.208,0.218,
2.176,0.3588,0.1054,0.08734,0.06862,0.1128,0.0426,0.03092,0.04792,0.03989,0.03594,0.2085,0.2201,
2.176,0.3597,0.1053,0.08732,0.06874,0.1128,0.04315,0.03037,0.04792,0.03989,0.03594,0.2085,0.2201,
2.177,0.3604,0.1067,0.08747,0.06891,0.1123,0.04312,0.03079,0.04746,0.03987,0.03592,0.2094,0.2181,
2.155,0.3783,0.104,0.08718,0.06879,0.1165,0.06376,0.009945,0.04733,0.04029,0.03527,0.212,0.215,
2.152,0.4535,0.104,0.08711,0.06671,0.1165,0.06376,0.009945,0.04928,0.03834,0.03527,0.212,0.2171,
2.152,0.4376,0.104,0.08714,0.06694,0.115,0.06386,0.009962,0.0498,0.03797,0.03533,0.2124,0.2175,
2.15,0.4355,0.1029,0.08709,0.06588,0.1151,0.06395,0.009976,0.04986,0.03802,0.03538,0.2127,0.2192,
2.151,0.4315,0.1026,0.08704,0.06589,0.1151,0.06398,0.01071,0.04916,0.03804,0.03539,0.2128,0.2193,
2.152,0.3644,0.1026,0.08709,0.06623,0.1142,0.06407,0.01071,0.04923,0.039,0.03452,0.2142,0.2181,
2.151,0.3929,0.1009,0.08706,0.06636,0.1158,0.06407,0.01071,0.04923,0.039,0.03452,0.2142,0.2181,
2.151,0.3492,0.1023,0.08717,0.06658,0.1147,0.06343,0.01072,0.04925,0.03956,0.03399,0.2154,0.2169,
2.15,0.2915,0.09952,0.08743,0.06672,0.1147,0.06356,0.01074,0.04988,0.03909,0.03405,0.217,0.2174,
2.148,0.2909,0.09657,0.08753,0.06683,0.1147,0.06356,0.01074,0.04988,0.04,0.03314,0.217,0.2201,
2.148,0.2829,0.09656,0.08759,0.06685,0.1143,0.06358,0.01074,0.0499,0.04093,0.03224,0.2171,0.2202,
2.146,0.2863,0.09619,0.08769,0.06713,0.1143,0.06244,0.01074,0.0499,0.04093,0.03224,0.2171,0.2214,
2.146,0.2997,0.09604,0.08785,0.06731,0.1136,0.06249,0.01075,0.05121,0.04087,0.03108,0.2173,0.2216,
2.13,0.3199,0.09608,0.08752,0.0677,0.1132,0.06252,0.01075,0.0724,0.01972,0.03108,0.2174,0.2217,
2.13,0.306,0.09588,0.08747,0.06802,0.1129,0.06298,0.01031,0.07243,0.01973,0.03108,0.2175,0.2218,
2.128,0.3076,0.09592,0.08727,0.06802,0.1127,0.06301,0.01032,0.07341,0.01878,0.0311,0.2176,0.2219,
2.128,0.3084,0.09582,0.08729,0.06812,0.1127,0.06301,0.01032,0.07341,0.01878,0.0311,0.2176,0.2219,
2.129,0.3193,0.0957,0.08728,0.06834,0.1124,0.06303,0.01032,0.07343,0.01934,0.03056,0.2177,0.222,
2.156,0.3114,0.09677,0.08717,0.06843,0.1115,0.06188,0.01032,0.07342,0.01934,0.04737,0.2019,0.2219,
2.157,0.2769,0.09994,0.08697,0.06826,0.1112,0.06172,0.01029,0.07323,0.01929,0.04725,0.2044,0.2175,
2.156,0.2735,0.09973,0.08683,0.06819,0.1106,0.06162,0.01027,0.07311,0.01926,0.04717,0.2061,0.2171,
2.156,0.2738,0.09968,0.08697,0.06828,0.1099,0.06167,0.01028,0.07316,0.01927,0.0472,0.2063,0.2173,
2.154,0.2701,0.0981,0.08706,0.06831,0.1109,0.06161,0.01027,0.07363,0.01871,0.04715,0.2071,0.2171,
