entropy,entropyInd,RabA,RabB,RabC,RabD,RabE,RabF,RabG,RabH,RabI,xER,xPM,
2.178,0.3355,0.106,0.0907,0.0685,0.1252,0.05449,0.03938,0.03062,0.03407,0.03502,0.2066,0.2094,
2.178,0.3422,0.109,0.09069,0.06716,0.1243,0.05448,0.03937,0.0306,0.03405,0.03501,0.2077,0.2077,
2.178,0.3404,0.109,0.09069,0.06716,0.1243,0.05448,0.03937,0.0306,0.03405,0.03501,0.2077,0.2077,
2.176,0.3554,0.1086,0.09065,0.06714,0.1239,0.05393,0.03923,0.0306,0.03405,0.035,0.2087,0.2083,
2.176,0.3336,0.1085,0.09069,0.06716,0.1237,0.05395,0.03924,0.03061,0.03406,0.035,0.2087,0.2084,
2.175,0.3378,0.1084,0.09059,0.06709,0.1235,0.0539,0.0392,0.03057,0.03402,0.03497,0.2096,0.2082,
2.173,0.3369,0.1084,0.09063,0.06711,0.1232,0.05269,0.03891,0.03058,0.03403,0.03498,0.2097,0.2098,
2.194,0.3274,0.1116,0.09039,0.06693,0.1225,0.05255,0.03881,0.0305,0.03394,0.04787,0.1992,0.2058,
2.194,0.341,0.1114,0.09034,0.06698,0.1222,0.0526,0.03883,0.03052,0.03397,0.0479,0.1993,0.206,
2.194,0.3473,0.1113,0.09025,0.06691,0.122,0.05254,0.0388,0.03049,0.03393,0.04785,0.2001,0.2058,
2.191,0.3189,0.1113,0.09029,0.06694,0.1217,0.05081,0.03881,0.0305,0.03395,0.04788,0.2002,0.2076,
2.191,0.3185,0.1105,0.09027,0.0668,0.1217,0.05084,0.03883,0.03052,0.03396,0.0479,0.2003,0.2084,
2.19,0.3377,0.1104,0.09008,0.06662,0.1213,0.05083,0.03882,0.03051,0.03395,0.04788,0.2013,0.2084,
2.19,0.3216,0.1109,0.08937,0.06663,0.1205,0.05089,0.03886,0.03054,0.03399,0.04794,0.2025,0.2078,
2.189,0.3195,0.1109,0.08937,0.06664,0.1194,0.0509,0.03887,0.03055,0.034,0.04795,0.2036,0.2079,
2.188,0.3171,0.11,0.08929,0.06663,0.1194,0.05027,0.03889,0.03056,0.03401,0.04797,0.2037,0.2093,
2.185,0.3075,0.11,0.08933,0.06666,0.119,0.04833,0.0388,0.03044,0.03403,0.04799,0.2038,0.2116,
2.186,0.3058,0.1119,0.08939,0.06671,0.1179,0.04835,0.03882,0.03046,0.03404,0.04801,0.205,0.2095,
2.184,0.3055,0.112,0.08942,0.06549,0.1175,0.04837,0.03884,0.03046,0.03405,0.04802,0.205,0.2108,
2.182,0.3079,0.112,0.08942,0.06549,0.1175,0.04683,0.03884,0.03046,0.03405,0.04802,0.205,0.2124,
2.18,0.3307,0.1149,0.08917,0.0649,0.1174,0.04547,0.0388,0.03043,0.03402,0.04797,0.2059,0.2111,
2.179,0.3209,0.1149,0.0892,0.06493,0.1171,0.04483,0.03881,0.03044,0.03402,0.04799,0.206,0.2119,
2.178,0.3082,0.1129,0.08907,0.06489,0.1167,0.04489,0.03886,0.03048,0.03407,0.04805,0.2062,0.2139,
2.178,0.3031,0.113,0.08916,0.06497,0.1157,0.04493,0.03891,0.03051,0.03411,0.0481,0.2065,0.2142,
2.176,0.3008,0.113,0.08919,0.065,0.1153,0.04385,0.03892,0.03052,0.03412,0.04812,0.2066,0.2154,
2.175,0.3025,0.1159,0.0891,0.06493,0.1152,0.04242,0.03888,0.03049,0.03408,0.04807,0.2074,0.2135,
2.174,0.2972,0.1159,0.0891,0.06361,0.1152,0.04242,0.03888,0.03049,0.03408,0.04807,0.2074,0.2148,
2.172,0.2988,0.1146,0.089,0.06366,0.1149,0.0418,0.03891,0.03051,0.03411,0.0481,0.2076,0.2168,
2.169,0.2976,0.1155,0.08891,0.06249,0.1148,0.04066,0.03887,0.03048,0.03407,0.04805,0.2084,0.2178,
2.165,0.2979,0.1156,0.08895,0.06251,0.1144,0.03868,0.03888,0.03049,0.03408,0.04806,0.2085,0.2198,
2.166,0.2828,0.117,0.0889,0.06248,0.1144,0.03865,0.03886,0.03047,0.03406,0.04803,0.2094,0.2177,
2.166,0.2905,0.1168,0.08895,0.06269,0.114,0.03894,0.03861,0.03048,0.03408,0.04805,0.2095,0.2178,
2.173,0.286,0.1182,0.08881,0.06286,0.1139,0.0389,0.03909,0.03168,0.03228,0.05222,0.2061,0.2159,
2.172,0.2851,0.1229,0.08879,0.06284,0.1138,0.0371,0.03905,0.03165,0.03225,0.05217,0.2069,0.2126,
2.171,0.2823,0.1226,0.08883,0.06301,0.1131,0.03649,0.0391,0.03168,0.03354,0.05098,0.2072,0.2135,
2.175,0.2875,0.128,0.08901,0.06315,0.1122,0.03643,0.03905,0.03164,0.03811,0.04629,0.209,0.2071,
2.175,0.2827,0.1274,0.0889,0.06326,0.1128,0.03643,0.03905,0.03164,0.04031,0.04409,0.209,0.2071,
2.177,0.2866,0.1266,0.08896,0.06345,0.1125,0.03636,0.03931,0.03124,0.04023,0.0456,0.2091,0.2066,
2.177,0.2988,0.1258,0.08876,0.06365,0.1133,0.03636,0.03931,0.03124,0.04695,0.03888,0.2091,0.2066,
2.178,0.2904,0.1253,0.08871,0.06375,0.1126,0.03636,0.03931,0.03124,0.04748,0.0396,0.2089,0.2067,
2.178,0.2974,0.1222,0.08858,0.06394,0.1151,0.03639,0.03935,0.03126,0.04752,0.03964,0.2091,0.2069,
2.177,0.3026,0.1189,0.08896,0.06405,0.1177,0.0353,0.03936,0.03127,0.04754,0.03965,0.2092,0.2081,
2.183,0.3117,0.1186,0.08892,0.06409,0.1176,0.03553,0.03905,0.03124,0.04749,0.04362,0.206,0.2079,
2.181,0.3113,0.1174,0.08887,0.06309,0.1187,0.03553,0.03905,0.03124,0.04749,0.04362,0.206,0.2091,
2.181,0.2996,0.117,0.08901,0.06316,0.1182,0.03551,0.03902,0.03122,0.04745,0.04358,0.2069,0.2089,
2.18,0.3103,0.1169,0.08883,0.0634,0.1182,0.03551,0.03902,0.03122,0.05207,0.03896,0.2069,0.2089,
2.18,0.3121,0.1166,0.08891,0.0637,0.1179,0.03605,0.03851,0.03123,0.0521,0.03898,0.207,0.209,
2.18,0.3289,0.1127,0.08898,0.0641,0.121,0.03607,0.03853,0.03125,0.05212,0.039,0.2071,0.2091,
2.179,0.2699,0.1122,0.08944,0.06304,0.121,0.03607,0.03853,0.03125,0.05265,0.03847,0.2071,0.2102,
2.18,0.2713,0.1148,0.08932,0.0631,0.1205,0.03604,0.0385,0.03122,0.05261,0.03844,0.208,0.2074,
2.182,0.2804,0.1135,0.08941,0.06313,0.1215,0.03605,0.03852,0.03966,0.04671,0.03594,0.2081,0.2075,
2.181,0.285,0.1124,0.08947,0.06337,0.121,0.03645,0.03807,0.03963,0.04791,0.03469,0.209,0.208,
2.184,0.2913,0.1122,0.08916,0.06358,0.1209,0.03641,0.03803,0.03959,0.04786,0.03651,0.208,0.2078,
2.184,0.2784,0.112,0.08919,0.06404,0.1198,0.03645,0.03808,0.04017,0.04739,0.03655,0.2083,0.208,
2.184,0.2784,0.1119,0.08915,0.06425,0.1195,0.03646,0.0381,0.04019,0.04741,0.03657,0.2084,0.2081,
2.184,0.2783,0.1096,0.08924,0.06442,0.1208,0.03689,0.03762,0.04016,0.04738,0.03654,0.2093,0.208,
2.201,0.2671,0.1093,0.08922,0.06457,0.1195,0.03686,0.03759,0.04013,0.04734,0.04812,0.1996,0.2079,
2.201,0.2628,0.1091,0.08919,0.06478,0.1195,0.03686,0.03759,0.04013,0.04734,0.04812,0.1996,0.2079,
2.203,0.2626,0.1123,0.08912,0.06495,0.1183,0.03688,0.03762,0.04016,0.04892,0.04661,0.2007,0.2044,
2.203,0.2728,0.1121,0.08922,0.06507,0.1183,0.03688,0.03762,0.04016,0.04998,0.04555,0.2007,0.2044,
2.202,0.2725,0.1121,0.08911,0.06447,0.1183,0.03688,0.03762,0.04068,0.04945,0.04555,0.2007,0.2051,
2.202,0.2798,0.1088,0.08912,0.06463,0.1212,0.0369,0.03763,0.0407,0.05025,0.04478,0.2008,0.2052,
2.201,0.2786,0.1072,0.08907,0.0647,0.1224,0.03686,0.03759,0.04065,0.0502,0.04474,0.2016,0.205,
2.201,0.2811,0.1072,0.08918,0.06497,0.1209,0.03733,0.03723,0.04072,0.05028,0.04481,0.2019,0.2054,
2.201,0.279,0.1071,0.08948,0.06509,0.1201,0.03737,0.03727,0.04075,0.05032,0.04485,0.2021,0.2056,
2.2,0.2805,0.1071,0.08937,0.06379,0.1194,0.0374,0.03729,0.04078,0.05036,0.04488,0.2023,0.2073,
2.199,0.2816,0.1047,0.0893,0.06388,0.1214,0.03736,0.03726,0.04127,0.04978,0.04483,0.2031,0.2071,
2.176,0.3194,0.1047,0.0893,0.06398,0.121,0.06412,0.009859,0.04129,0.0498,0.04485,0.2032,0.2078,
2.167,0.3332,0.1043,0.0892,0.06402,0.1206,0.06411,0.009855,0.06518,0.02589,0.04484,0.2042,0.2078,
2.167,0.3358,0.1043,0.08912,0.06421,0.1202,0.06414,0.009856,0.06521,0.0259,0.04485,0.2043,0.2079,
2.19,0.4286,0.1042,0.08911,0.06446,0.1199,0.06417,0.0385,0.0366,0.02691,0.04387,0.2044,0.208,
2.189,0.4401,0.09904,0.08925,0.06449,0.1242,0.06237,0.03847,0.03657,0.0329,0.03783,0.2053,0.2096,
2.186,0.3552,0.09889,0.08929,0.06445,0.1237,0.06036,0.03845,0.03655,0.03288,0.03781,0.2062,0.2115,
2.184,0.3553,0.1002,0.08924,0.06452,0.1236,0.05834,0.03842,0.03653,0.03286,0.03779,0.2071,0.2114,
2.184,0.3523,0.1018,0.08926,0.0646,0.1228,0.05766,0.03841,0.03694,0.03243,0.03777,0.2081,0.2103,
2.182,0.3511,0.1017,0.0893,0.06463,0.1228,0.05658,0.03831,0.03733,0.03295,0.03672,0.2081,0.2116,
2.182,0.3665,0.1016,0.08945,0.06475,0.1224,0.0566,0.03832,0.03735,0.03622,0.03348,0.2082,0.2117,
2.181,0.3676,0.1042,0.0899,0.06483,0.1198,0.05474,0.03839,0.03741,0.03756,0.03224,0.2096,0.2113,
2.193,0.3636,0.1056,0.08981,0.06481,0.1192,0.05465,0.03874,0.03692,0.03802,0.03877,0.2042,0.2092,
2.193,0.3528,0.1052,0.08935,0.0648,0.1192,0.05464,0.03874,0.03734,0.0376,0.03877,0.2052,0.2091,
2.193,0.3524,0.1047,0.08997,0.06488,0.1185,0.05468,0.03877,0.03736,0.03762,0.03879,0.2054,0.2093,
2.193,0.3187,0.1047,0.0897,0.06486,0.1185,0.0547,0.03878,0.03738,0.03875,0.03769,0.2055,0.2094,
2.189,0.3264,0.1065,0.08973,0.06505,0.1184,0.0516,0.03861,0.03734,0.03924,0.03713,0.2063,0.2101,
2.189,0.3109,0.1097,0.08963,0.06524,0.1173,0.05119,0.03852,0.03722,0.03909,0.03693,0.2075,0.2077,
2.188,0.3175,0.1097,0.08948,0.0654,0.1173,0.05009,0.03905,0.0367,0.03909,0.03693,0.2075,0.2088,
2.187,0.316,0.1094,0.08923,0.06533,0.1171,0.04998,0.03897,0.03662,0.03901,0.03685,0.2092,0.2084,
2.191,0.311,0.1093,0.08916,0.06376,0.1162,0.04998,0.03896,0.03661,0.04768,0.03334,0.205,0.2101,
2.191,0.3067,0.1114,0.08879,0.06391,0.115,0.04987,0.03887,0.03653,0.04758,0.03327,0.2076,0.2072,
2.191,0.311,0.1111,0.0892,0.06405,0.1143,0.04991,0.03891,0.03656,0.04762,0.0333,0.2078,0.2073,
2.192,0.3156,0.1098,0.08939,0.06419,0.115,0.04992,0.03892,0.0433,0.04092,0.0333,0.2079,0.2074,
2.192,0.3222,0.1097,0.08954,0.06429,0.1146,0.04994,0.03894,0.04332,0.04216,0.03209,0.208,0.2075,
2.194,0.3202,0.1092,0.08963,0.06423,0.114,0.04973,0.03835,0.04324,0.04209,0.03459,0.2072,0.2078,
2.192,0.3201,0.1065,0.08954,0.0643,0.1161,0.0486,0.03832,0.04321,0.04373,0.03291,0.2081,0.2088,
2.188,0.3238,0.1063,0.08942,0.06362,0.1157,0.04667,0.03834,0.04323,0.04375,0.03292,0.2082,0.2119,
2.185,0.325,0.1062,0.08939,0.06356,0.1154,0.04496,0.03837,0.04326,0.04378,0.03294,0.2083,0.2138,
2.182,0.3107,0.1018,0.08938,0.06371,0.1191,0.04338,0.0384,0.0433,0.04382,0.03297,0.2085,0.2156,
2.181,0.3031,0.1015,0.08959,0.06399,0.118,0.04278,0.03845,0.0443,0.04345,0.03248,0.2088,0.2166,
2.181,0.3024,0.1025,0.08954,0.06411,0.1175,0.04275,0.03885,0.04428,0.04353,0.03193,0.2097,0.2153,
2.187,0.3005,0.1079,0.08935,0.06405,0.1173,0.042,0.03877,0.04418,0.0444,0.03336,0.2089,0.2098,
2.2,0.3147,0.1105,0.08949,0.06405,0.1168,0.04198,0.05939,0.02352,0.0449,0.04454,0.1981,0.2068,
2.198,0.3132,0.1104,0.08959,0.06423,0.116,0.04091,0.05944,0.02353,0.04494,0.04457,0.1983,0.2081,
2.198,0.323,0.1099,0.08954,0.06422,0.1158,0.04083,0.05932,0.02451,0.04383,0.04448,0.1999,0.2077,
2.195,0.3194,0.1096,0.08958,0.06446,0.1158,0.03923,0.05932,0.02451,0.04601,0.04229,0.1999,0.2093,
2.195,0.3307,0.1094,0.08963,0.06466,0.1158,0.03923,0.05932,0.02451,0.04601,0.04229,0.1999,0.2093,
2.195,0.3263,0.1082,0.08972,0.0648,0.1154,0.03931,0.05945,0.02456,0.04612,0.04238,0.2003,0.2097,
2.196,0.3245,0.1102,0.09009,0.06479,0.1153,0.03927,0.05939,0.02454,0.04607,0.04234,0.2011,0.2069,
2.195,0.3264,0.11,0.08999,0.06492,0.114,0.03976,0.05882,0.02451,0.04603,0.0423,0.203,0.2068,
2.195,0.3485,0.1095,0.0901,0.06507,0.1124,0.03983,0.05892,0.02455,0.04611,0.04237,0.2033,0.2078,
2.195,0.3464,0.1089,0.09022,0.06526,0.1125,0.03985,0.05895,0.02498,0.04571,0.04239,0.2034,0.2079,
2.193,0.3661,0.1048,0.0902,0.06549,0.1163,0.03831,0.05895,0.02498,0.04571,0.04239,0.2034,0.2094,
2.19,0.3493,0.1049,0.08994,0.06545,0.116,0.03703,0.059,0.025,0.04574,0.04242,0.2036,0.2109,
2.185,0.3536,0.1048,0.08994,0.06418,0.1157,0.03507,0.05902,0.02544,0.04534,0.04244,0.2037,0.2145,
2.188,0.3623,0.1087,0.08979,0.06425,0.1152,0.03505,0.05901,0.02627,0.04537,0.04155,0.2047,0.2101,
2.19,0.3564,0.1124,0.08969,0.06432,0.1146,0.03499,0.05892,0.02693,0.04547,0.04061,0.2064,0.2056,
2.189,0.3562,0.1121,0.08979,0.06436,0.1142,0.03497,0.05888,0.02691,0.04544,0.04058,0.2073,0.2055,
2.186,0.3571,0.1118,0.08986,0.06183,0.1141,0.03493,0.05882,0.02688,0.04539,0.04053,0.2081,0.2078,
2.198,0.3541,0.1108,0.08978,0.06172,0.1138,0.03537,0.05814,0.02723,0.04485,0.04968,0.2014,0.2073,
2.198,0.3555,0.1106,0.08968,0.06176,0.1136,0.03533,0.05808,0.0272,0.04481,0.04963,0.2022,0.207,
2.198,0.3499,0.1096,0.09003,0.06181,0.1133,0.03533,0.05807,0.02762,0.04595,0.04805,0.2032,0.207,
2.196,0.3185,0.1091,0.09005,0.06028,0.1131,0.03537,0.05815,0.02765,0.04601,0.04811,0.2034,0.2088,
2.196,0.3062,0.1086,0.09032,0.0602,0.1131,0.03539,0.05817,0.02819,0.04603,0.04761,0.2035,0.2089,
2.193,0.3016,0.1084,0.09034,0.06037,0.1121,0.03426,0.05785,0.02823,0.0461,0.04768,0.2039,0.2109,
2.194,0.3055,0.1077,0.09059,0.06042,0.1121,0.0348,0.05735,0.02824,0.04612,0.0477,0.204,0.211,
2.196,0.2986,0.1113,0.09041,0.06049,0.1117,0.03479,0.05734,0.02928,0.04506,0.04768,0.205,0.2069,
2.196,0.2966,0.1112,0.09018,0.06081,0.1115,0.03481,0.05736,0.02972,0.04466,0.04771,0.205,0.207,
2.196,0.2978,0.1112,0.09024,0.06093,0.1111,0.03482,0.05739,0.02973,0.04468,0.04772,0.2051,0.2071,
2.197,0.3414,0.1112,0.09012,0.06105,0.1111,0.03535,0.05686,0.02973,0.04468,0.04772,0.2051,0.2071,
2.197,0.3055,0.1109,0.09028,0.06124,0.1107,0.03536,0.05688,0.02974,0.04743,0.04501,0.2052,0.2072,
2.197,0.3116,0.1107,0.08992,0.06161,0.1104,0.03539,0.05693,0.02976,0.04747,0.04505,0.2054,0.2074,
2.175,0.375,0.1102,0.0903,0.06174,0.11,0.07685,0.01551,0.05133,0.02594,0.04507,0.2055,0.2075,
2.175,0.3615,0.1101,0.09022,0.06175,0.1099,0.07678,0.0155,0.05127,0.0275,0.04344,0.2063,0.2073,
2.175,0.3428,0.1096,0.09031,0.06191,0.1096,0.07618,0.01551,0.05131,0.02874,0.04224,0.2065,0.2081,
2.172,0.3509,0.1097,0.09016,0.05976,0.1085,0.07627,0.01552,0.05138,0.02878,0.04229,0.2068,0.2109,
2.173,0.3464,0.1124,0.09018,0.05977,0.1084,0.07554,0.01551,0.05132,0.02875,0.04225,0.2076,0.2084,
2.172,0.3463,0.1123,0.09037,0.05991,0.1073,0.07454,0.01586,0.05105,0.02878,0.04229,0.2079,0.2097,
2.17,0.3514,0.1123,0.09045,0.05991,0.1073,0.073,0.01586,0.05105,0.02878,0.04229,0.2079,0.2113,
2.184,0.3371,0.1152,0.09016,0.06001,0.1068,0.07162,0.01619,0.05067,0.02999,0.0495,0.2013,0.2086,
2.183,0.3414,0.1147,0.09061,0.06006,0.1068,0.07096,0.01619,0.05137,0.03029,0.04848,0.2013,0.2092,
2.184,0.3475,0.1143,0.09068,0.06009,0.1067,0.07089,0.01617,0.05132,0.03211,0.04659,0.2021,0.209,
2.183,0.3406,0.1142,0.09072,0.06012,0.1059,0.07088,0.01616,0.05131,0.03306,0.04561,0.2031,0.209,
2.184,0.3424,0.114,0.09061,0.06039,0.1059,0.07088,0.01616,0.05131,0.03306,0.04561,0.2031,0.209,
2.182,0.3556,0.1148,0.09058,0.0606,0.1066,0.06929,0.01615,0.05205,0.03227,0.04558,0.204,0.2082,
2.183,0.3421,0.1144,0.09067,0.06071,0.1059,0.06938,0.0167,0.05201,0.03189,0.04564,0.2043,0.2084,
2.182,0.3385,0.114,0.09086,0.06076,0.1054,0.06868,0.01669,0.05198,0.03187,0.04561,0.2052,0.209,
2.18,0.3387,0.1133,0.09131,0.06073,0.1053,0.06664,0.01735,0.05125,0.03184,0.04556,0.206,0.2107,
2.18,0.3437,0.1121,0.09129,0.06092,0.1064,0.06664,0.01735,0.05125,0.03271,0.04469,0.206,0.2107,
2.178,0.354,0.1113,0.09158,0.06116,0.1061,0.06879,0.01527,0.05129,0.04279,0.03467,0.2062,0.2109,
2.178,0.355,0.1112,0.09143,0.06145,0.1061,0.06813,0.0156,0.05095,0.04279,0.03467,0.2062,0.2116,
2.176,0.3683,0.1084,0.09151,0.06164,0.1086,0.06671,0.0156,0.05095,0.04279,0.03467,0.2062,0.213,
2.177,0.3712,0.1082,0.09162,0.06181,0.1082,0.06673,0.01651,0.05007,0.04377,0.03372,0.2063,0.2131,
2.177,0.3756,0.1082,0.09136,0.06227,0.1075,0.06677,0.01652,0.05011,0.04381,0.03374,0.2064,0.2133,
2.176,0.3742,0.1068,0.09131,0.0624,0.1088,0.06664,0.01633,0.04978,0.04433,0.03321,0.2064,0.2139,
2.175,0.3984,0.1065,0.09143,0.06273,0.1084,0.066,0.04962,0.01651,0.04435,0.03322,0.2065,0.2147,
2.175,0.3846,0.1054,0.0912,0.06318,0.1087,0.06606,0.04966,0.01652,0.04439,0.03324,0.2067,0.2149,
2.176,0.4153,0.1079,0.09104,0.06318,0.1086,0.06599,0.04961,0.0165,0.04692,0.03063,0.2075,0.2121,
2.174,0.3878,0.1071,0.09065,0.06292,0.1087,0.06614,0.04972,0.01752,0.05054,0.02619,0.208,0.2126,
2.175,0.329,0.1092,0.09067,0.06291,0.1081,0.06655,0.04911,0.01791,0.05003,0.02615,0.2097,0.2096,
2.183,0.4116,0.1076,0.09044,0.06283,0.1087,0.06647,0.04939,0.01755,0.05111,0.03028,0.2062,0.2094,
2.181,0.4103,0.1075,0.08994,0.06307,0.1076,0.06585,0.04942,0.01756,0.05114,0.0303,0.2074,0.2102,
2.179,0.3605,0.1069,0.08989,0.06326,0.1069,0.06515,0.04898,0.01759,0.05264,0.02893,0.2078,0.2119,
2.179,0.3605,0.1057,0.09005,0.0634,0.1076,0.06518,0.049,0.0176,0.05266,0.02895,0.2079,0.212,
2.178,0.3025,0.109,0.08973,0.06346,0.107,0.06353,0.04892,0.01757,0.05258,0.0289,0.2096,0.2096,
2.176,0.3087,0.1072,0.08962,0.06357,0.1089,0.06341,0.04894,0.017,0.05425,0.02722,0.2096,0.2103,
2.176,0.3088,0.1071,0.08964,0.06374,0.1085,0.06344,0.04896,0.01701,0.05428,0.02723,0.2097,0.2104,
2.188,0.3077,0.1111,0.08978,0.06388,0.108,0.06076,0.04893,0.017,0.05424,0.03428,0.2036,0.2084,
2.187,0.3196,0.1099,0.09061,0.06399,0.1077,0.05971,0.04897,0.01701,0.05429,0.03429,0.2037,0.2097,
2.185,0.3146,0.1096,0.09079,0.06399,0.1072,0.05901,0.04894,0.017,0.05513,0.03339,0.2046,0.2103,
2.186,0.3143,0.113,0.09046,0.06395,0.1072,0.05898,0.04954,0.01637,0.0551,0.03337,0.2055,0.2065,
2.182,0.317,0.1122,0.09033,0.064,0.1072,0.05655,0.05006,0.01584,0.05509,0.03337,0.2065,0.2089,
2.18,0.3133,0.1081,0.09025,0.06412,0.1109,0.0561,0.04908,0.01635,0.05451,0.03334,0.2074,0.21,
2.179,0.317,0.1079,0.09036,0.0642,0.1109,0.05413,0.04908,0.01789,0.05296,0.03334,0.2074,0.212,
2.183,0.3189,0.113,0.09022,0.06437,0.11,0.05414,0.04909,0.0186,0.05315,0.03246,0.2085,0.2064,
2.183,0.3207,0.1123,0.09041,0.06456,0.1101,0.05417,0.04911,0.01861,0.05318,0.03248,0.2085,0.2065,
2.181,0.3268,0.1122,0.0903,0.06477,0.1101,0.05307,0.04911,0.01861,0.05318,0.03248,0.2085,0.2076,
2.18,0.3358,0.112,0.09048,0.06481,0.1101,0.05307,0.04911,0.01914,0.05635,0.02878,0.2085,0.2076,
2.179,0.3349,0.1117,0.09042,0.06495,0.1098,0.05311,0.04915,0.01915,0.05692,0.02827,0.2087,0.2078,
2.175,0.3404,0.1102,0.09039,0.06499,0.1106,0.05066,0.04912,0.01956,0.05744,0.02728,0.2096,0.2101,
2.174,0.3402,0.1103,0.09057,0.06516,0.1091,0.05008,0.0492,0.01959,0.05754,0.02732,0.21,0.2111,
2.172,0.3396,0.11,0.09059,0.06536,0.1091,0.04925,0.04893,0.01959,0.05806,0.02679,0.21,0.2122,
2.17,0.3408,0.1097,0.0909,0.06536,0.1091,0.04815,0.04893,0.01959,0.05903,0.02582,0.21,0.2133,
2.17,0.3463,0.1097,0.09061,0.06566,0.1091,0.04815,0.04893,0.01959,0.05903,0.02582,0.21,0.2133,
2.201,0.3384,0.1139,0.09055,0.06563,0.109,0.04744,0.04888,0.02147,0.05707,0.04118,0.1955,0.2094,
2.201,0.3395,0.1136,0.09092,0.06584,0.108,0.04749,0.04894,0.02149,0.05828,0.04002,0.1957,0.2096,
2.202,0.3438,0.1122,0.09096,0.0661,0.1083,0.04836,0.0482,0.02222,0.05765,0.04007,0.196,0.2099,
2.201,0.3423,0.1116,0.09092,0.06621,0.1083,0.0486,0.0479,0.02221,0.05762,0.04004,0.1968,0.2098,
2.2,0.3428,0.1115,0.09094,0.06624,0.1083,0.04794,0.04869,0.02184,0.0572,0.04004,0.1968,0.2105,
2.197,0.3419,0.1115,0.0908,0.0657,0.1083,0.04651,0.04869,0.02184,0.0572,0.04004,0.1968,0.2126,
2.198,0.3344,0.1145,0.09123,0.06573,0.1082,0.04646,0.04865,0.02182,0.05873,0.03842,0.1976,0.2086,
2.199,0.3444,0.1138,0.09154,0.06581,0.1082,0.04648,0.04867,0.02236,0.05875,0.03791,0.1977,0.2087,
2.198,0.3455,0.1138,0.09139,0.06595,0.1082,0.04648,0.04867,0.02236,0.05963,0.03703,0.1977,0.2087,
2.199,0.3549,0.1137,0.09123,0.06618,0.1065,0.047,0.04812,0.05877,0.02509,0.03512,0.1997,0.2087,
2.199,0.3512,0.1131,0.09162,0.06634,0.1065,0.047,0.04846,0.05843,0.02509,0.03512,0.1997,0.2087,
2.198,0.3495,0.1116,0.0916,0.06615,0.1074,0.04687,0.048,0.0585,0.02513,0.03516,0.1999,0.2096,
2.198,0.3518,0.1116,0.0917,0.06622,0.1071,0.04688,0.04802,0.05853,0.02514,0.03517,0.2,0.2097,
2.197,0.3501,0.1114,0.09169,0.06622,0.1066,0.04685,0.04852,0.05796,0.02512,0.03514,0.2009,0.2096,
2.197,0.3511,0.1113,0.09172,0.06628,0.1066,0.04685,0.04852,0.05796,0.02512,0.03514,0.2009,0.2096,
2.197,0.358,0.1136,0.09196,0.06627,0.1065,0.04616,0.04802,0.05791,0.0251,0.03511,0.2017,0.2077,
2.197,0.3491,0.1136,0.09134,0.06689,0.1065,0.04616,0.04802,0.05791,0.0251,0.03511,0.2017,0.2077,
2.196,0.3551,0.1116,0.09108,0.06716,0.1082,0.04501,0.04859,0.05723,0.02604,0.03411,0.2025,0.2086,
2.196,0.3764,0.1076,0.09101,0.06736,0.1114,0.04505,0.04863,0.05728,0.02606,0.03413,0.2027,0.2087,
2.195,0.3814,0.1059,0.09099,0.06743,0.1131,0.04439,0.04863,0.05728,0.02659,0.03361,0.2027,0.2094,
2.195,0.3783,0.1059,0.09097,0.06758,0.1127,0.04441,0.04865,0.0573,0.0266,0.03362,0.2028,0.2095,
2.195,0.3823,0.1053,0.09078,0.06766,0.1128,0.04445,0.0487,0.05735,0.02662,0.03365,0.203,0.2097,
2.194,0.3848,0.1048,0.09133,0.0678,0.1121,0.04448,0.04874,0.05811,0.02594,0.03368,0.2031,0.2099,
2.193,0.3909,0.1045,0.09158,0.06783,0.1112,0.04381,0.04873,0.0581,0.02593,0.03367,0.2041,0.2105,
2.192,0.3926,0.1042,0.09163,0.06796,0.1105,0.0432,0.04879,0.05817,0.02597,0.03371,0.2044,0.2114,
2.192,0.3911,0.1055,0.0917,0.06798,0.11,0.04318,0.0493,0.05761,0.02717,0.03247,0.2053,0.2098,
2.172,0.41,0.1048,0.09155,0.06803,0.1093,0.07527,0.0178,0.05754,0.02676,0.03249,0.2065,0.21,
2.171,0.4883,0.1032,0.09181,0.06819,0.1105,0.07573,0.01734,0.05807,0.02623,0.03249,0.2065,0.21,
2.171,0.4679,0.1031,0.09211,0.06842,0.1089,0.07586,0.01801,0.05854,0.02527,0.03255,0.2068,0.2104,
2.171,0.4483,0.103,0.09249,0.0686,0.1074,0.07599,0.01804,0.05864,0.02532,0.03261,0.2072,0.2107,
2.172,0.4571,0.1029,0.09207,0.06886,0.1071,0.07606,0.01859,0.05901,0.03105,0.02607,0.2074,0.2109,
2.169,0.4308,0.09891,0.0919,0.06909,0.1099,0.07508,0.01862,0.0601,0.03012,0.02611,0.2078,0.2124,
2.169,0.4292,0.09861,0.09204,0.06925,0.1099,0.07508,0.01862,0.0601,0.03012,0.02611,0.2078,0.2124,
2.169,0.389,0.09827,0.09205,0.06932,0.1096,0.07515,0.01864,0.06015,0.03015,0.02614,0.2079,0.2126,
2.171,0.3955,0.1014,0.09191,0.06942,0.109,0.07506,0.02045,0.06049,0.0284,0.02557,0.2098,0.2085,
2.171,0.3986,0.1011,0.09206,0.06943,0.1085,0.07501,0.02044,0.06045,0.02838,0.02556,0.2107,0.2084,
2.171,0.4085,0.1004,0.09275,0.06948,0.1081,0.07504,0.02045,0.06048,0.0284,0.02557,0.2108,0.2085,
2.169,0.402,0.1004,0.09272,0.06962,0.1078,0.07351,0.02045,0.0605,0.02841,0.02557,0.2109,0.2101,
2.169,0.4024,0.09891,0.0926,0.06974,0.1093,0.07284,0.02079,0.06016,0.02841,0.02557,0.2109,0.2108,
2.168,0.4074,0.09781,0.09249,0.0699,0.1103,0.07284,0.02079,0.06016,0.02931,0.02467,0.2109,0.2108,
2.186,0.4178,0.0973,0.0925,0.06996,0.1097,0.07206,0.02076,0.06006,0.03074,0.03305,0.2027,0.2111,
2.186,0.4137,0.09715,0.09253,0.07004,0.1086,0.07218,0.02136,0.06037,0.03001,0.03311,0.2031,0.2115,
2.184,0.4178,0.09675,0.0926,0.07021,0.1081,0.07148,0.02135,0.06116,0.03024,0.03202,0.204,0.212,
2.183,0.4192,0.09667,0.09252,0.07038,0.1081,0.07081,0.02135,0.06116,0.03024,0.03202,0.204,0.2127,
2.181,0.4212,0.09653,0.09262,0.07042,0.1081,0.06885,0.02135,0.06116,0.03024,0.03202,0.204,0.2147,
2.171,0.4191,0.09766,0.09305,0.07041,0.1077,0.07639,0.01376,0.0619,0.02944,0.032,0.2049,0.2128,
2.169,0.3998,0.09749,0.09322,0.07041,0.1077,0.07484,0.01376,0.0619,0.03338,0.02806,0.2049,0.2144,
2.166,0.4128,0.09738,0.09334,0.07059,0.1069,0.07337,0.01334,0.06196,0.03341,0.02809,0.2051,0.2165,
2.167,0.377,0.1002,0.09343,0.07071,0.1079,0.07375,0.01291,0.06245,0.03552,0.0254,0.206,0.2117,
2.167,0.3406,0.1001,0.09349,0.0707,0.107,0.07374,0.0129,0.06244,0.03552,0.02539,0.207,0.2116,
2.166,0.3472,0.09999,0.09345,0.071,0.1066,0.0743,0.01238,0.06247,0.03553,0.0254,0.2071,0.2117,
2.166,0.347,0.1055,0.09295,0.07113,0.1053,0.07168,0.01343,0.06113,0.03536,0.02523,0.2098,0.2085,
2.166,0.3461,0.1054,0.09281,0.07156,0.1045,0.07174,0.01345,0.06118,0.03539,0.02525,0.21,0.2087,
2.166,0.3519,0.1053,0.09278,0.07171,0.1045,0.07174,0.01379,0.06127,0.03674,0.02347,0.21,0.2087,
2.166,0.3532,0.1039,0.09282,0.07178,0.1056,0.07177,0.01379,0.062,0.03605,0.02348,0.2101,0.2088,
2.156,0.3539,0.1036,0.09306,0.07034,0.1052,0.07607,0.009529,0.06203,0.03606,0.02349,0.2102,0.2104,
2.152,0.362,0.1033,0.09315,0.07056,0.1052,0.07254,0.009887,0.06128,0.03596,0.02336,0.2102,0.2146,
2.152,0.3577,0.1044,0.09313,0.07049,0.1051,0.0718,0.01022,0.06087,0.03592,0.02333,0.211,0.2138,
2.15,0.3544,0.104,0.09312,0.07058,0.1051,0.06961,0.01022,0.0609,0.03593,0.02334,0.2111,0.2161,
2.149,0.3596,0.1016,0.09312,0.07079,0.1073,0.06894,0.01022,0.0609,0.03593,0.02334,0.2111,0.2167,
2.166,0.3579,0.1034,0.0928,0.07079,0.1078,0.06826,0.01022,0.06089,0.03593,0.03146,0.204,0.2145,
2.166,0.3579,0.1034,0.09282,0.07102,0.1067,0.06835,0.01023,0.06096,0.03597,0.0315,0.2043,0.2147,
2.163,0.3682,0.1031,0.09309,0.06976,0.1067,0.06724,0.01023,0.06096,0.03687,0.0306,0.2043,0.2172,
2.166,0.3624,0.1092,0.09257,0.07017,0.1054,0.06767,0.01031,0.0612,0.03608,0.03054,0.2063,0.2106,
2.164,0.3685,0.1089,0.0918,0.07039,0.1049,0.06759,0.01029,0.06155,0.03785,0.02826,0.2081,0.2104,
2.165,0.3627,0.1088,0.09156,0.07057,0.1044,0.06755,0.01094,0.06086,0.03782,0.02825,0.209,0.2102,
2.163,0.3685,0.1081,0.09135,0.0708,0.1045,0.0665,0.01095,0.06162,0.03714,0.02827,0.2092,0.2115,
2.162,0.3647,0.108,0.0912,0.07081,0.1035,0.06679,0.01068,0.06164,0.03716,0.02828,0.2103,0.2116,
2.159,0.3665,0.1074,0.09064,0.07082,0.104,0.06581,0.0106,0.06152,0.03703,0.02813,0.2112,0.2128,
2.16,0.3657,0.1072,0.09072,0.0709,0.104,0.06581,0.01123,0.06089,0.03703,0.02813,0.2112,0.2128,
2.172,0.4094,0.1064,0.09084,0.07098,0.1046,0.06581,0.05014,0.02198,0.04176,0.0234,0.2112,0.2128,
2.171,0.4161,0.1063,0.09106,0.07109,0.1039,0.06586,0.05018,0.022,0.04179,0.02341,0.2114,0.213,
2.171,0.4117,0.1063,0.091,0.07118,0.1039,0.06586,0.05018,0.022,0.04265,0.02255,0.2114,0.213,
2.18,0.4143,0.1077,0.09089,0.07112,0.1033,0.06575,0.0501,0.02196,0.04258,0.0267,0.209,0.2108,
2.179,0.4018,0.1071,0.0909,0.0715,0.1018,0.06583,0.05016,0.02252,0.0421,0.02668,0.2103,0.2111,
2.18,0.4041,0.1065,0.09106,0.07172,0.1015,0.06589,0.0502,0.02297,0.04171,0.02666,0.2105,0.2113,
2.178,0.4117,0.106,0.09078,0.07194,0.1015,0.06445,0.05017,0.02349,0.04115,0.02664,0.2114,0.2125,
2.178,0.4137,0.1051,0.09077,0.07214,0.1016,0.06451,0.05022,0.02351,0.04119,0.02666,0.2116,0.2127,
2.177,0.4047,0.1046,0.09069,0.07227,0.1018,0.06454,0.05111,0.02318,0.04067,0.02667,0.2117,0.2128,
2.177,0.3739,0.1046,0.09048,0.07247,0.1018,0.06481,0.05141,0.02261,0.04067,0.02667,0.2117,0.2128,
2.177,0.3988,0.1044,0.09047,0.07252,0.1014,0.06487,0.05145,0.02335,0.03999,0.0267,0.2119,0.213,
2.177,0.3729,0.1038,0.09027,0.07264,0.1015,0.0652,0.05123,0.02337,0.04002,0.02672,0.2121,0.2132,
2.176,0.3699,0.1037,0.09027,0.0729,0.1003,0.06464,0.05131,0.0234,0.04009,0.02676,0.2124,0.2142,
2.174,0.3822,0.1031,0.09025,0.07324,0.1003,0.06557,0.05107,0.02278,0.04283,0.02404,0.2125,0.2143,
2.174,0.3882,0.103,0.09024,0.07332,0.1003,0.06557,0.05107,0.02278,0.04283,0.02404,0.2125,0.2143,
2.176,0.3947,0.1047,0.08962,0.07202,0.09949,0.06558,0.05107,0.02278,0.04284,0.02568,0.212,0.2142,
2.167,0.3968,0.1044,0.09002,0.07221,0.09869,0.0588,0.05111,0.0228,0.04341,0.02517,0.2122,0.2212,
2.168,0.4,0.1043,0.08987,0.07251,0.09833,0.05882,0.05114,0.02353,0.04271,0.02518,0.2123,0.2213,
2.166,0.4041,0.1041,0.09003,0.07263,0.09777,0.0582,0.05218,0.02348,0.0418,0.02519,0.2125,0.2222,
2.167,0.4129,0.1032,0.08994,0.0727,0.09913,0.05816,0.05215,0.02347,0.04177,0.02517,0.2134,0.2209,
2.165,0.3907,0.103,0.08989,0.07295,0.09913,0.05749,0.05311,0.02305,0.04124,0.02517,0.2134,0.2216,
2.177,0.3651,0.1043,0.08952,0.0732,0.09871,0.05745,0.05339,0.02268,0.0412,0.03082,0.2087,0.22,
2.177,0.365,0.1042,0.0893,0.07353,0.09871,0.05745,0.05339,0.02268,0.0421,0.02993,0.2087,0.22,
2.177,0.3617,0.1035,0.08951,0.07367,0.09875,0.05748,0.05342,0.02269,0.04212,0.02994,0.2088,0.2201,
2.175,0.3765,0.1033,0.08974,0.07372,0.09813,0.0564,0.05345,0.02271,0.04215,0.02996,0.209,0.2214,
2.166,0.3405,0.1031,0.08986,0.07399,0.09776,0.05642,0.06145,0.01473,0.04217,0.02997,0.209,0.2215,
2.165,0.3319,0.1028,0.09016,0.07402,0.0974,0.05577,0.06147,0.01473,0.04218,0.02997,0.2091,0.2223,
2.167,0.3359,0.1056,0.08972,0.07443,0.0973,0.05571,0.0614,0.01472,0.04267,0.0294,0.21,0.2191,
2.17,0.3346,0.1123,0.08966,0.07431,0.09669,0.05562,0.0613,0.01469,0.0426,0.02935,0.2117,0.2117,
2.168,0.3376,0.1119,0.08967,0.07438,0.09673,0.05501,0.06021,0.0147,0.04262,0.02936,0.2118,0.2136,
2.168,0.3475,0.1117,0.08985,0.07438,0.09673,0.05597,0.05925,0.0147,0.04361,0.02838,0.2118,0.2136,
2.166,0.3523,0.1116,0.08929,0.07354,0.09663,0.05814,0.05695,0.01468,0.04356,0.02835,0.2126,0.2146,
2.165,0.3386,0.1114,0.08937,0.07381,0.09592,0.05819,0.057,0.01469,0.04449,0.02747,0.2128,0.2148,
2.189,0.326,0.1141,0.089,0.07375,0.09577,0.05809,0.0569,0.01466,0.04495,0.0396,0.2018,0.2113,
2.189,0.3212,0.1139,0.08923,0.07381,0.09577,0.05809,0.0569,0.01466,0.04495,0.0396,0.2018,0.2113,
2.188,0.3391,0.1134,0.08913,0.07383,0.09558,0.05851,0.05625,0.01463,0.04486,0.03952,0.2035,0.2109,
2.186,0.3329,0.1133,0.08885,0.07416,0.09558,0.05764,0.0566,0.01392,0.04486,0.03952,0.2035,0.2121,
2.181,0.3387,0.113,0.0891,0.07437,0.09522,0.05433,0.05662,0.01392,0.04488,0.03954,0.2035,0.2155,
2.182,0.3308,0.1123,0.08943,0.0744,0.09526,0.05436,0.05665,0.01447,0.04436,0.03955,0.2036,0.2156,
2.179,0.3506,0.1118,0.08957,0.07451,0.09462,0.05277,0.05672,0.01448,0.04442,0.03923,0.2039,0.218,
2.174,0.3097,0.1133,0.08909,0.0729,0.0946,0.05113,0.05625,0.01448,0.04441,0.03923,0.2049,0.2197,
2.176,0.3047,0.115,0.08904,0.07286,0.09455,0.0511,0.05622,0.015,0.04385,0.03921,0.2058,0.2174,
2.17,0.3057,0.115,0.08821,0.07125,0.09459,0.05001,0.05753,0.01372,0.04387,0.03922,0.2059,0.2207,
2.171,0.3044,0.1214,0.08817,0.0712,0.09409,0.0487,0.058,0.01317,0.04381,0.03918,0.2077,0.2146,
2.171,0.3044,0.1213,0.08822,0.07128,0.09409,0.0487,0.058,0.01317,0.04381,0.03918,0.2077,0.2146,
2.17,0.3088,0.1212,0.08818,0.07138,0.09409,0.0487,0.058,0.01317,0.04664,0.03635,0.2077,0.2146,
2.17,0.309,0.1223,0.08798,0.07147,0.09399,0.04865,0.05794,0.01315,0.0466,0.03631,0.2085,0.2131,
2.171,0.3028,0.1205,0.08816,0.07166,0.09507,0.04918,0.05746,0.01316,0.04662,0.03633,0.2086,0.2132,
2.172,0.3011,0.123,0.088,0.07177,0.09497,0.04913,0.0574,0.01314,0.04657,0.03629,0.2095,0.2103,
2.145,0.3264,0.1228,0.08792,0.072,0.09497,0.08977,0.01676,0.01314,0.0471,0.03575,0.2095,0.2103,
2.145,0.3257,0.1228,0.08786,0.07224,0.09457,0.08981,0.01676,0.01315,0.04712,0.03577,0.2096,0.2104,
2.153,0.3413,0.12,0.08807,0.07228,0.09617,0.09033,0.01622,0.03626,0.02448,0.03526,0.2106,0.2104,
2.15,0.3468,0.1194,0.08808,0.0723,0.09576,0.08719,0.01622,0.03696,0.02772,0.03129,0.2116,0.2134,
2.15,0.3578,0.1194,0.08759,0.07288,0.09576,0.08719,0.01622,0.03696,0.02906,0.02996,0.2116,0.2134,
2.149,0.3534,0.1202,0.08704,0.07331,0.09566,0.08532,0.0162,0.03693,0.02995,0.029,0.2124,0.214,
2.171,0.3367,0.1215,0.08695,0.07333,0.0952,0.08415,0.01619,0.0369,0.02993,0.0424,0.1999,0.2135,
2.172,0.3463,0.1174,0.08672,0.07349,0.09893,0.08417,0.01619,0.03692,0.02993,0.04241,0.2001,0.2137,
2.17,0.3314,0.1173,0.08677,0.07366,0.09859,0.08337,0.0157,0.03694,0.02994,0.04241,0.2002,0.2151,
2.173,0.3313,0.1224,0.08669,0.07371,0.09849,0.08329,0.01621,0.03743,0.02885,0.04237,0.201,0.2096,
2.172,0.3374,0.122,0.08668,0.0738,0.09839,0.0832,0.0162,0.0374,0.02882,0.04233,0.2018,0.2094,
2.173,0.318,0.1218,0.08658,0.07411,0.09839,0.0832,0.01677,0.03682,0.02882,0.04233,0.2018,0.2094,
2.173,0.3219,0.1216,0.08659,0.07416,0.0979,0.08315,0.0171,0.03732,0.02883,0.04142,0.2027,0.2093,
2.171,0.3396,0.1206,0.08677,0.07407,0.0976,0.0829,0.01705,0.03911,0.02858,0.03955,0.2051,0.2086,
2.171,0.337,0.1194,0.08667,0.07421,0.0979,0.08289,0.01758,0.03929,0.02972,0.03766,0.2061,0.2086,
2.169,0.3675,0.1186,0.08725,0.07426,0.09744,0.08084,0.01756,0.03926,0.03087,0.03646,0.207,0.2105,
2.167,0.3377,0.1192,0.08704,0.07429,0.09733,0.0792,0.01754,0.03921,0.03083,0.03641,0.2089,0.2101,
2.167,0.3324,0.1175,0.08674,0.07445,0.09825,0.07919,0.01754,0.0392,0.03083,0.03641,0.2099,0.2101,
2.166,0.4048,0.1171,0.08674,0.07448,0.09829,0.0779,0.01755,0.03922,0.03181,0.03545,0.21,0.2115,
2.165,0.3828,0.1162,0.08672,0.07331,0.09881,0.07792,0.01755,0.03923,0.03182,0.03545,0.2101,0.2129,
2.165,0.3396,0.1153,0.08668,0.07342,0.09966,0.07792,0.01755,0.03923,0.03182,0.03545,0.2101,0.2129,
2.165,0.3421,0.116,0.0867,0.0734,0.0996,0.07788,0.01807,0.03868,0.03538,0.03185,0.211,0.2115,
2.175,0.3487,0.1177,0.08651,0.07329,0.1013,0.07771,0.01845,0.03817,0.03663,0.03506,0.208,0.2071,
2.175,0.3428,0.1166,0.08642,0.07341,0.1015,0.07769,0.01954,0.03707,0.03662,0.03503,0.209,0.2071,
2.173,0.365,0.1165,0.08617,0.07355,0.1011,0.07887,0.01886,0.03647,0.03659,0.035,0.21,0.207,
2.172,0.3148,0.1155,0.08621,0.07375,0.1016,0.07736,0.01887,0.03648,0.03661,0.03501,0.2101,0.2086,
2.172,0.3064,0.1149,0.08646,0.0738,0.1013,0.07742,0.01888,0.03651,0.03664,0.03504,0.2102,0.2088,
2.172,0.3077,0.1147,0.08632,0.0741,0.1013,0.07742,0.01888,0.03651,0.03664,0.03504,0.2102,0.2088,
2.166,0.319,0.1166,0.08626,0.07279,0.1007,0.08368,0.01247,0.03768,0.0365,0.03729,0.2085,0.2074,
2.166,0.3138,0.1165,0.08632,0.07277,0.09995,0.08366,0.01246,0.03767,0.03649,0.03725,0.2095,0.2074,
2.165,0.3199,0.115,0.08621,0.07298,0.1014,0.08299,0.01246,0.03844,0.03571,0.03725,0.2095,0.2081,
2.177,0.3221,0.1145,0.08582,0.07325,0.1013,0.08294,0.03628,0.01459,0.03675,0.04213,0.2045,0.2079,
2.175,0.3307,0.1137,0.0857,0.07355,0.1019,0.08281,0.03643,0.01391,0.03675,0.04213,0.2045,0.2086,
2.175,0.3272,0.1135,0.08573,0.07347,0.1018,0.08273,0.03639,0.0139,0.03671,0.04208,0.2053,0.2084,
2.173,0.3245,0.1133,0.08566,0.07344,0.1018,0.0821,0.03694,0.01338,0.03672,0.0421,0.2054,0.2091,
2.173,0.3305,0.1163,0.08661,0.07336,0.1014,0.07937,0.03689,0.01336,0.03668,0.04201,0.2072,0.2069,
2.178,0.3486,0.1155,0.08648,0.07358,0.1012,0.07935,0.03688,0.02308,0.02693,0.04198,0.2082,0.2068,
2.176,0.3425,0.1156,0.08638,0.07373,0.1008,0.07762,0.03689,0.02309,0.02812,0.04081,0.2083,0.2087,
2.175,0.3407,0.1155,0.08623,0.07393,0.1008,0.07639,0.03659,0.02309,0.02812,0.04081,0.2083,0.2102,
2.175,0.3526,0.1155,0.08667,0.07406,0.1007,0.07631,0.03655,0.02307,0.02923,0.03963,0.2091,0.2092,
2.174,0.3513,0.1153,0.08683,0.07411,0.1004,0.07524,0.03713,0.02252,0.02924,0.03965,0.2092,0.2104,
2.187,0.3537,0.1184,0.08675,0.07416,0.1003,0.07393,0.03664,0.02249,0.03035,0.04682,0.2017,0.2085,
2.185,0.3529,0.1184,0.08667,0.07299,0.09994,0.07396,0.03665,0.0225,0.03036,0.04683,0.2018,0.21,
2.185,0.3539,0.1184,0.08654,0.07312,0.09994,0.07396,0.03665,0.02302,0.02983,0.04683,0.2018,0.21,
2.185,0.3482,0.1222,0.08671,0.07314,0.09951,0.07194,0.03663,0.02301,0.02982,0.04678,0.2027,0.2076,
2.183,0.3614,0.121,0.08778,0.0733,0.09951,0.06996,0.03663,0.02301,0.02982,0.04678,0.2027,0.2096,
2.184,0.3575,0.125,0.08786,0.07326,0.09906,0.07014,0.03572,0.02299,0.03207,0.04447,0.2036,0.2059,
2.185,0.3632,0.1244,0.08826,0.07343,0.09906,0.07014,0.03572,0.02299,0.03207,0.04447,0.2036,0.2059,
2.183,0.3627,0.123,0.08821,0.07362,0.1003,0.06794,0.03572,0.02299,0.03339,0.04315,0.2036,0.208,
2.179,0.3651,0.123,0.08809,0.07166,0.1003,0.06683,0.0353,0.02299,0.03586,0.04068,0.2036,0.2117,
2.179,0.3771,0.1248,0.08849,0.07167,0.1002,0.0661,0.03527,0.02296,0.03583,0.04064,0.2044,0.2096,
2.179,0.3701,0.1238,0.08839,0.07172,0.1005,0.06672,0.03477,0.02299,0.03676,0.03979,0.2047,0.2099,
2.178,0.371,0.1251,0.08838,0.07156,0.09993,0.06658,0.03553,0.02252,0.03722,0.03874,0.2073,0.2072,
2.179,0.3774,0.1235,0.08806,0.07187,0.101,0.06664,0.03556,0.02346,0.03685,0.03825,0.2075,0.2074,
2.175,0.3802,0.1222,0.08871,0.07182,0.1009,0.06489,0.03447,0.02345,0.03682,0.03822,0.2084,0.21,
2.181,0.3756,0.1216,0.08854,0.07191,0.1025,0.06482,0.03444,0.02343,0.03679,0.04145,0.2059,0.2085,
2.181,0.3804,0.1213,0.0889,0.07191,0.1025,0.06482,0.03444,0.02395,0.03626,0.04145,0.2059,0.2085,
2.179,0.384,0.121,0.08917,0.07195,0.1025,0.0627,0.03444,0.02395,0.03626,0.04145,0.2059,0.2107,
2.179,0.3789,0.1263,0.08916,0.07203,0.1018,0.06093,0.03442,0.02394,0.03625,0.04141,0.2069,0.2069,
2.189,0.3774,0.1249,0.08871,0.07215,0.1026,0.06081,0.03435,0.02389,0.03838,0.04607,0.2016,0.2065,
2.188,0.3839,0.1244,0.08876,0.07204,0.1024,0.06069,0.03428,0.02384,0.04142,0.04286,0.2032,0.2061,
2.189,0.3827,0.1242,0.08873,0.07225,0.1024,0.06069,0.03428,0.02506,0.0402,0.04286,0.2032,0.2061,
2.19,0.3865,0.1196,0.08921,0.07233,0.1062,0.0607,0.0343,0.02507,0.04118,0.04191,0.2033,0.2061,
2.19,0.3881,0.1192,0.08916,0.07247,0.1063,0.06073,0.03431,0.02508,0.0425,0.04062,0.2034,0.2062,
2.186,0.3907,0.1187,0.08883,0.06961,0.1063,0.06073,0.03431,0.0255,0.04208,0.04062,0.2034,0.2099,
2.179,0.3877,0.1186,0.08884,0.06973,0.1059,0.06063,0.04362,0.01569,0.0421,0.04064,0.2035,0.2107,
2.177,0.3973,0.1206,0.08915,0.06992,0.1055,0.05798,0.04359,0.01568,0.04207,0.0406,0.2044,0.2105,
2.177,0.3953,0.1205,0.08912,0.07005,0.1055,0.05843,0.04314,0.01568,0.04207,0.0406,0.2044,0.2105,
2.178,0.394,0.1232,0.0892,0.07003,0.1054,0.05839,0.04312,0.01567,0.04205,0.04058,0.2053,0.207,
2.174,0.3759,0.1242,0.08892,0.07029,0.1053,0.05507,0.04307,0.01566,0.04253,0.04001,0.2061,0.2088,
2.174,0.3779,0.124,0.08904,0.07033,0.1053,0.05507,0.04307,0.01566,0.04253,0.04001,0.2061,0.2088,
2.174,0.3837,0.124,0.0882,0.07088,0.1054,0.05509,0.04309,0.01566,0.04255,0.04003,0.2062,0.2089,
2.178,0.383,0.1239,0.0881,0.0709,0.1049,0.05507,0.04308,0.0167,0.04201,0.042,0.2057,0.2076,
2.178,0.3812,0.1231,0.08818,0.0709,0.1049,0.05507,0.04308,0.0167,0.04201,0.042,0.2057,0.2083,
2.176,0.3886,0.123,0.08812,0.06981,0.1039,0.05516,0.04315,0.01672,0.04426,0.03988,0.2061,0.2099,
2.177,0.3949,0.1225,0.08813,0.06996,0.1039,0.05518,0.04316,0.01673,0.04428,0.0399,0.2062,0.21,
2.175,0.4063,0.1225,0.08816,0.07002,0.1039,0.05518,0.0439,0.01599,0.04953,0.03464,0.2062,0.21,
2.176,0.4014,0.1224,0.08808,0.07017,0.1039,0.05518,0.0439,0.01773,0.04923,0.0332,0.2062,0.21,
2.177,0.4045,0.1241,0.08834,0.07017,0.1033,0.05517,0.04442,0.01797,0.04844,0.03318,0.2072,0.2078,
2.176,0.4036,0.1231,0.0884,0.0701,0.1039,0.05511,0.04535,0.01697,0.04839,0.03315,0.208,0.2076,
2.177,0.4104,0.1228,0.08796,0.07018,0.1038,0.05507,0.04532,0.01696,0.04932,0.0335,0.2076,0.2074,
2.163,0.4243,0.1227,0.08818,0.0703,0.1028,0.07576,0.0259,0.01585,0.04939,0.03354,0.2078,0.2077,
2.163,0.4225,0.1223,0.08878,0.07036,0.1021,0.07582,0.02593,0.01586,0.04943,0.03357,0.208,0.2079,
2.165,0.4252,0.1203,0.08873,0.0706,0.1036,0.07618,0.0256,0.01702,0.0483,0.03358,0.2081,0.208,
2.165,0.4285,0.1197,0.08856,0.07071,0.1037,0.07625,0.02562,0.01703,0.04834,0.03361,0.2083,0.2082,
2.163,0.4219,0.1195,0.08873,0.07068,0.1035,0.07475,0.02564,0.01704,0.04836,0.03363,0.2084,0.2098,
2.172,0.4176,0.1217,0.08867,0.07071,0.1031,0.07474,0.02605,0.01662,0.04888,0.03765,0.2048,0.2071,
2.171,0.4237,0.1213,0.08892,0.07093,0.1028,0.07411,0.02639,0.01628,0.04942,0.03713,0.2049,0.2078,
2.17,0.4351,0.121,0.08899,0.0709,0.1027,0.07404,0.02636,0.01627,0.04937,0.03709,0.2057,0.2076,
2.165,0.4278,0.1209,0.08885,0.06709,0.1027,0.07404,0.02636,0.01627,0.05164,0.03481,0.2057,0.2116,
2.163,0.4582,0.1206,0.08889,0.06737,0.1027,0.07404,0.02636,0.01627,0.05543,0.03103,0.2057,0.2116,
2.164,0.4004,0.118,0.08882,0.06745,0.1059,0.07396,0.02634,0.01625,0.05537,0.031,0.2066,0.2104,
2.163,0.4023,0.1188,0.08845,0.06768,0.1055,0.07392,0.02632,0.01624,0.05647,0.02984,0.2075,0.2093,
2.163,0.455,0.1186,0.08857,0.06779,0.1055,0.07392,0.02632,0.01624,0.05734,0.02897,0.2075,0.2093,
2.159,0.4608,0.1183,0.08885,0.06791,0.1052,0.07436,0.02591,0.01624,0.06171,0.02462,0.2076,0.2094,
2.169,0.3917,0.1168,0.08876,0.06801,0.1071,0.07428,0.02588,0.01664,0.06123,0.02904,0.2039,0.2083,
2.169,0.4417,0.1166,0.08873,0.06825,0.1068,0.07432,0.02589,0.01665,0.06126,0.02906,0.204,0.2084,
2.169,0.442,0.118,0.08903,0.06697,0.1077,0.0743,0.0265,0.01645,0.06083,0.02905,0.205,0.2062,
2.17,0.4341,0.1171,0.08912,0.06709,0.1078,0.07437,0.02653,0.01688,0.06047,0.02908,0.2052,0.2064,
2.169,0.4192,0.1171,0.08911,0.06714,0.1078,0.07437,0.02653,0.01688,0.06134,0.02821,0.2052,0.2064,
2.167,0.3795,0.1165,0.08897,0.06704,0.1074,0.07414,0.02644,0.01683,0.06115,0.02812,0.2076,0.2058,
2.181,0.3819,0.1151,0.08888,0.06712,0.1082,0.07409,0.02642,0.01681,0.06111,0.03572,0.2009,0.2057,
2.181,0.3816,0.1128,0.0893,0.0672,0.1097,0.07411,0.02643,0.01682,0.06165,0.03521,0.201,0.2057,
2.181,0.3848,0.1059,0.08903,0.06714,0.1161,0.0741,0.02643,0.01752,0.06094,0.03521,0.202,0.2057,
2.179,0.4044,0.1053,0.08885,0.06706,0.1157,0.07388,0.02635,0.01747,0.06076,0.0351,0.2044,0.2051,
2.176,0.4076,0.1052,0.08862,0.06712,0.1151,0.07387,0.03069,0.01312,0.06074,0.03509,0.2054,0.2051,
2.174,0.4005,0.1032,0.08843,0.06723,0.1157,0.07392,0.03071,0.01312,0.06165,0.03423,0.2066,0.2052,
2.173,0.4131,0.1028,0.08853,0.06735,0.1154,0.07245,0.03073,0.01313,0.0617,0.03426,0.2067,0.2069,
2.181,0.3899,0.1024,0.08825,0.06749,0.115,0.07118,0.03073,0.01494,0.05989,0.03874,0.2033,0.2081,
2.18,0.3896,0.1023,0.08833,0.06743,0.1144,0.07127,0.03209,0.01402,0.06041,0.0379,0.2035,0.2084,
2.179,0.3937,0.1021,0.08828,0.06748,0.1138,0.07027,0.03212,0.01403,0.06048,0.03794,0.2038,0.2098,
2.18,0.3937,0.102,0.08838,0.06753,0.1138,0.07027,0.03212,0.01507,0.05943,0.03794,0.2038,0.2098,
2.182,0.3789,0.1019,0.08852,0.06754,0.1134,0.0703,0.03213,0.01592,0.05862,0.03795,0.2039,0.2098,
