entropy,entropyInd,RabA,RabB,RabC,RabD,RabE,RabF,RabG,RabH,RabI,xER,xPM,
2.178,0.3355,0.106,0.0907,0.0685,0.1252,0.05449,0.03938,0.03062,0.03407,0.03502,0.2066,0.2094,
2.174,0.3373,0.1061,0.09078,0.06687,0.1245,0.053,0.03941,0.03064,0.03409,0.03504,0.2068,0.2128,
2.175,0.3471,0.1085,0.09069,0.06681,0.1243,0.05294,0.03937,0.0306,0.03405,0.03501,0.2077,0.2101,
2.174,0.3652,0.1085,0.09069,0.06681,0.1243,0.05228,0.03937,0.0306,0.03405,0.03501,0.2077,0.2107,
2.176,0.3551,0.1121,0.09063,0.06676,0.1239,0.05224,0.03934,0.03058,0.03403,0.03498,0.2086,0.2069,
2.175,0.3439,0.1121,0.08982,0.06673,0.1237,0.05233,0.03941,0.03063,0.03409,0.03504,0.2089,0.2073,
2.175,0.3422,0.1121,0.0898,0.06671,0.1228,0.05232,0.0394,0.03062,0.03408,0.03503,0.2099,0.2072,
2.182,0.338,0.112,0.08974,0.06665,0.1223,0.05186,0.03927,0.03047,0.03406,0.04027,0.2056,0.2078,
2.179,0.3421,0.1118,0.08969,0.06661,0.1221,0.05001,0.03924,0.03045,0.03403,0.04024,0.2065,0.2094,
2.177,0.3274,0.1099,0.08919,0.06652,0.1218,0.04992,0.03922,0.03043,0.03399,0.04021,0.2074,0.2114,
2.172,0.3282,0.1099,0.08919,0.06432,0.1218,0.04869,0.03891,0.03043,0.03399,0.04021,0.2074,0.2151,
2.174,0.3238,0.1154,0.08913,0.06428,0.1213,0.048,0.03888,0.03041,0.03397,0.04018,0.2083,0.2101,
2.174,0.3401,0.115,0.08921,0.06433,0.1211,0.04803,0.03891,0.03043,0.034,0.04021,0.2085,0.2103,
2.175,0.3235,0.1175,0.08912,0.06426,0.1209,0.04798,0.03887,0.0304,0.03396,0.04017,0.2093,0.2075,
2.175,0.3206,0.1175,0.08876,0.06431,0.1208,0.04802,0.0389,0.03042,0.03397,0.04019,0.2095,0.2077,
2.183,0.3188,0.1174,0.08874,0.06427,0.12,0.04748,0.03876,0.03041,0.03396,0.04646,0.2042,0.2083,
2.183,0.3248,0.1171,0.08843,0.06429,0.1201,0.04752,0.03879,0.03043,0.03399,0.04651,0.2044,0.2085,
2.183,0.3262,0.117,0.08829,0.06433,0.1198,0.04755,0.03882,0.03046,0.03402,0.04654,0.2046,0.2086,
2.183,0.3312,0.117,0.08829,0.06433,0.1198,0.04755,0.03882,0.03046,0.03402,0.04654,0.2046,0.2086,
2.183,0.3529,0.1171,0.08803,0.06437,0.1191,0.04761,0.03887,0.03049,0.03406,0.04656,0.2049,0.2089,
2.183,0.3237,0.1171,0.08803,0.06437,0.1191,0.04761,0.03887,0.03049,0.03406,0.04656,0.2049,0.2089,
2.182,0.3254,0.1171,0.08771,0.06437,0.1192,0.04763,0.03889,0.0305,0.03407,0.04654,0.205,0.209,
2.181,0.322,0.1172,0.08775,0.06439,0.1188,0.04654,0.0389,0.03051,0.03408,0.04655,0.205,0.2102,
2.181,0.3222,0.1172,0.08775,0.06439,0.1188,0.04654,0.0389,0.03051,0.03408,0.04655,0.205,0.2102,
2.181,0.3182,0.1172,0.08735,0.06442,0.1189,0.04656,0.03892,0.03053,0.0341,0.04657,0.2051,0.2103,
2.18,0.3217,0.119,0.08726,0.06436,0.1188,0.04585,0.03888,0.03049,0.03406,0.04652,0.206,0.2089,
2.18,0.3208,0.1189,0.08729,0.06438,0.1186,0.04586,0.03889,0.0305,0.03406,0.04654,0.206,0.209,
2.176,0.3158,0.1178,0.08681,0.06421,0.1179,0.04466,0.03881,0.03043,0.03399,0.04643,0.2087,0.2103,
2.184,0.3114,0.1211,0.08671,0.06412,0.117,0.04459,0.03875,0.03039,0.03394,0.05173,0.2051,0.2066,
2.184,0.3225,0.121,0.08666,0.06408,0.1165,0.04457,0.03873,0.03037,0.03392,0.0517,0.2061,0.2065,
2.184,0.3197,0.1211,0.08672,0.06413,0.1157,0.04461,0.03876,0.03039,0.03394,0.05174,0.2062,0.2067,
2.182,0.3256,0.1205,0.08713,0.06427,0.1157,0.04351,0.03876,0.03039,0.03394,0.05174,0.2062,0.2078,
2.169,0.3405,0.1189,0.0872,0.06421,0.1166,0.04342,0.05459,0.01442,0.03387,0.05164,0.2079,0.2073,
2.169,0.3479,0.1187,0.08714,0.06447,0.1166,0.04384,0.0545,0.01408,0.03387,0.05164,0.2079,0.2073,
2.171,0.3597,0.1184,0.08719,0.06463,0.1158,0.04389,0.05457,0.01409,0.04161,0.044,0.2081,0.2076,
2.161,0.3746,0.1184,0.08695,0.06321,0.1158,0.06923,0.02923,0.01409,0.04161,0.044,0.2081,0.2093,
2.162,0.3418,0.1182,0.08672,0.06345,0.1154,0.06917,0.02922,0.0149,0.04163,0.04309,0.2091,0.2091,
2.163,0.342,0.1171,0.08672,0.06352,0.1155,0.06916,0.02921,0.01542,0.04108,0.04393,0.2092,0.2091,
2.163,0.3485,0.1153,0.08692,0.06363,0.117,0.06916,0.02921,0.01542,0.04233,0.04268,0.2092,0.2091,
2.167,0.3543,0.1152,0.08689,0.06362,0.1166,0.06885,0.02912,0.01683,0.04546,0.04014,0.2077,0.2096,
2.167,0.353,0.1151,0.08657,0.06374,0.1166,0.06888,0.02913,0.01749,0.04484,0.04013,0.2078,0.2097,
2.167,0.3486,0.1148,0.08646,0.0639,0.1167,0.06943,0.02861,0.01749,0.04486,0.0401,0.2079,0.2098,
2.163,0.3658,0.1144,0.08675,0.0619,0.1163,0.06836,0.02863,0.0175,0.04488,0.04012,0.208,0.2131,
2.161,0.4098,0.1143,0.0869,0.06194,0.1163,0.0677,0.03095,0.0157,0.04435,0.04012,0.208,0.2138,
2.187,0.4122,0.1202,0.08663,0.06184,0.116,0.06795,0.03041,0.01608,0.04379,0.05663,0.1938,0.2067,
2.185,0.328,0.1186,0.08673,0.06018,0.1169,0.06788,0.03038,0.01606,0.04375,0.05657,0.1946,0.2083,
2.185,0.3118,0.1182,0.08667,0.06036,0.117,0.06791,0.03039,0.01607,0.04377,0.0566,0.1947,0.2084,
2.184,0.3161,0.1179,0.08667,0.06042,0.1169,0.06719,0.03088,0.01553,0.04649,0.05378,0.1954,0.2089,
2.182,0.3136,0.1176,0.08704,0.05985,0.1162,0.06594,0.03091,0.01554,0.04815,0.05219,0.1956,0.211,
2.181,0.3229,0.1215,0.08675,0.05963,0.1154,0.06587,0.03108,0.01505,0.04766,0.05223,0.1967,0.2081,
2.182,0.3327,0.1212,0.08708,0.05982,0.1146,0.06592,0.0311,0.01506,0.04858,0.0514,0.1969,0.2083,
2.182,0.3298,0.1208,0.0873,0.05988,0.1145,0.06594,0.03111,0.01507,0.04858,0.05141,0.197,0.2084,
2.181,0.3722,0.1208,0.08727,0.05998,0.1145,0.06528,0.03111,0.01507,0.04858,0.05141,0.197,0.2091,
2.18,0.331,0.1209,0.0871,0.06007,0.1148,0.06374,0.0311,0.01505,0.0491,0.05087,0.198,0.2093,
2.179,0.2931,0.1207,0.08664,0.06051,0.1145,0.06313,0.03112,0.01506,0.04914,0.05091,0.1981,0.2101,
2.178,0.2983,0.12,0.0869,0.06065,0.1145,0.06206,0.03114,0.01507,0.04916,0.05093,0.1982,0.2113,
2.177,0.303,0.1196,0.08722,0.06096,0.1138,0.06145,0.03116,0.01508,0.05257,0.04759,0.1984,0.2122,
2.177,0.2974,0.1177,0.08725,0.06125,0.1144,0.06208,0.03069,0.0151,0.05266,0.04767,0.1987,0.2125,
2.184,0.3264,0.1188,0.0873,0.06125,0.1139,0.06232,0.03039,0.04503,0.02269,0.04763,0.1996,0.2111,
2.185,0.3285,0.1141,0.08705,0.06141,0.1209,0.06305,0.02956,0.04498,0.02267,0.04759,0.2004,0.2083,
2.184,0.3347,0.1142,0.08703,0.06146,0.1205,0.06198,0.0301,0.04447,0.02359,0.04669,0.2005,0.2095,
2.184,0.3347,0.1143,0.08722,0.0617,0.1186,0.06211,0.03017,0.04456,0.02364,0.04678,0.201,0.2099,
2.182,0.3351,0.1147,0.08737,0.0606,0.1174,0.06216,0.03019,0.0453,0.02295,0.04682,0.2021,0.2104,
2.182,0.3396,0.1145,0.08718,0.06074,0.1173,0.0621,0.03016,0.04614,0.02311,0.04572,0.2029,0.2102,
2.182,0.3451,0.1138,0.08718,0.06079,0.1172,0.06206,0.03137,0.04488,0.02362,0.04516,0.2038,0.2101,
2.182,0.344,0.1138,0.08631,0.06092,0.1168,0.06208,0.0319,0.04437,0.02475,0.04405,0.2049,0.2101,
2.183,0.3152,0.1136,0.08614,0.06112,0.1159,0.06219,0.03262,0.04379,0.0248,0.04413,0.2053,0.2105,
2.182,0.3292,0.1126,0.08594,0.06123,0.1157,0.0621,0.03257,0.04373,0.02646,0.04236,0.2071,0.2103,
2.182,0.3128,0.111,0.08584,0.0613,0.1168,0.06212,0.0326,0.04377,0.02702,0.04186,0.2073,0.2104,
2.181,0.3309,0.1108,0.08603,0.06135,0.1165,0.06083,0.03261,0.04378,0.02703,0.04188,0.2073,0.2119,
2.18,0.3355,0.1106,0.08617,0.06149,0.1161,0.06085,0.03263,0.04511,0.02573,0.0419,0.2074,0.2119,
2.176,0.3302,0.1099,0.08619,0.0614,0.1151,0.06428,0.02859,0.04516,0.02576,0.04194,0.2077,0.214,
2.177,0.3121,0.1129,0.08591,0.06129,0.1145,0.0642,0.02855,0.04511,0.02641,0.04119,0.2095,0.2104,
2.176,0.3098,0.1125,0.08586,0.06147,0.1144,0.06413,0.02895,0.04464,0.02639,0.04114,0.2104,0.2102,
2.179,0.313,0.1136,0.08614,0.06141,0.1166,0.06186,0.02944,0.04406,0.02689,0.04215,0.2096,0.2083,
2.196,0.3163,0.1134,0.08602,0.06145,0.1161,0.06072,0.02943,0.04403,0.03336,0.04661,0.1996,0.2093,
2.196,0.3217,0.112,0.08602,0.06146,0.1172,0.06066,0.0294,0.04522,0.03351,0.04516,0.2004,0.2091,
2.196,0.318,0.1118,0.08617,0.06154,0.1169,0.06069,0.0294,0.04523,0.0344,0.04429,0.2004,0.2092,
2.196,0.3121,0.1116,0.08581,0.06187,0.1167,0.06063,0.02937,0.04519,0.03529,0.04332,0.2012,0.2089,
2.195,0.3208,0.1101,0.08594,0.06192,0.1177,0.06057,0.02934,0.04514,0.03816,0.04036,0.202,0.2087,
2.187,0.2909,0.1099,0.08611,0.06202,0.1173,0.06059,0.05665,0.01838,0.03765,0.04037,0.2021,0.2088,
2.185,0.2966,0.1095,0.08599,0.06118,0.1174,0.06065,0.05652,0.01836,0.03765,0.04026,0.2023,0.2101,
2.185,0.2987,0.1093,0.08612,0.06143,0.1171,0.06066,0.05654,0.01836,0.03819,0.03975,0.2024,0.2102,
2.185,0.2996,0.1082,0.08592,0.06153,0.1177,0.0607,0.05659,0.01838,0.04144,0.03656,0.2026,0.2104,
2.185,0.2978,0.1081,0.08607,0.06168,0.1173,0.06073,0.05714,0.01786,0.04146,0.03658,0.2027,0.2105,
2.186,0.3014,0.1094,0.08618,0.0616,0.1184,0.06061,0.05703,0.01882,0.04196,0.03492,0.2043,0.2068,
2.186,0.3137,0.1083,0.08622,0.06174,0.119,0.06063,0.05705,0.01882,0.04296,0.03394,0.2044,0.2069,
2.185,0.3246,0.1081,0.08586,0.06157,0.1185,0.06055,0.05698,0.01933,0.04238,0.0339,0.2062,0.2067,
2.184,0.3355,0.1073,0.0859,0.06156,0.1179,0.06057,0.05763,0.01884,0.04248,0.03397,0.2066,0.2071,
2.182,0.3279,0.1061,0.0856,0.06158,0.1184,0.0602,0.05747,0.01872,0.0423,0.03378,0.2084,0.2075,
2.183,0.3318,0.106,0.08557,0.06168,0.1184,0.0602,0.05747,0.01985,0.04206,0.03291,0.2084,0.2075,
2.182,0.3416,0.1056,0.08604,0.06176,0.1177,0.06025,0.05752,0.01986,0.04535,0.02967,0.2086,0.2076,
2.181,0.3441,0.104,0.08615,0.06182,0.1182,0.06024,0.05751,0.02028,0.04492,0.02966,0.2096,0.2076,
2.181,0.3453,0.1039,0.08631,0.06208,0.1171,0.06031,0.05758,0.0203,0.04497,0.02969,0.2098,0.2079,
2.181,0.3292,0.1038,0.08628,0.06218,0.1171,0.06031,0.05758,0.0203,0.04497,0.02969,0.2098,0.2079,
2.181,0.3442,0.1035,0.08668,0.0624,0.116,0.06039,0.05766,0.02033,0.046,0.02876,0.2101,0.2082,
2.208,0.3189,0.1034,0.08656,0.0624,0.1158,0.05923,0.0576,0.02073,0.04553,0.04545,0.1942,0.209,
2.208,0.3353,0.1017,0.0866,0.06252,0.1171,0.06077,0.0561,0.02074,0.04555,0.04546,0.1943,0.2091,
2.208,0.332,0.1013,0.08623,0.06279,0.1168,0.06085,0.05618,0.02156,0.04578,0.04455,0.1946,0.2094,
2.207,0.3233,0.1009,0.08594,0.06278,0.1163,0.06077,0.05611,0.02153,0.04573,0.04449,0.1963,0.2092,
2.207,0.3192,0.1006,0.08576,0.06339,0.1142,0.06095,0.05629,0.02159,0.04587,0.04463,0.1969,0.2098,
2.207,0.3218,0.1003,0.08594,0.0637,0.1131,0.06103,0.05635,0.02161,0.04593,0.04468,0.1972,0.2101,
2.207,0.3227,0.1001,0.08589,0.06375,0.113,0.06097,0.0563,0.02159,0.04588,0.04463,0.198,0.2099,
2.205,0.326,0.09929,0.08606,0.06376,0.1123,0.06082,0.05674,0.02179,0.04492,0.04452,0.2004,0.2094,
2.204,0.3255,0.09912,0.08611,0.06407,0.1115,0.05977,0.05679,0.02181,0.04496,0.04456,0.2006,0.2107,
2.203,0.3306,0.09466,0.08618,0.06424,0.1143,0.05981,0.05684,0.02183,0.048,0.04159,0.2018,0.2108,
2.203,0.334,0.09433,0.08604,0.06438,0.1143,0.05984,0.05686,0.02184,0.0489,0.04072,0.2019,0.2109,
2.202,0.3361,0.09396,0.0863,0.06433,0.1139,0.0598,0.05682,0.02182,0.04887,0.04069,0.2028,0.2108,
2.201,0.335,0.09302,0.08644,0.06436,0.1128,0.05978,0.05723,0.02227,0.04797,0.04068,0.2047,0.2107,
2.199,0.3616,0.0902,0.08664,0.0643,0.1151,0.05906,0.05717,0.02225,0.04902,0.03954,0.2056,0.2112,
2.2,0.336,0.09246,0.08579,0.0649,0.1148,0.05894,0.05706,0.0222,0.04891,0.03946,0.2072,0.2082,
2.199,0.343,0.09145,0.08578,0.06496,0.1158,0.05947,0.05653,0.0222,0.05096,0.03742,0.2072,0.2082,
2.196,0.3479,0.09142,0.08592,0.06503,0.1151,0.05808,0.05605,0.02208,0.05192,0.03652,0.2074,0.2105,
2.195,0.34,0.09045,0.08587,0.06525,0.1156,0.05863,0.05554,0.02209,0.0537,0.03476,0.2075,0.2106,
2.195,0.3415,0.0916,0.08616,0.06522,0.1151,0.05912,0.05559,0.02146,0.05367,0.03474,0.2084,0.2089,
2.194,0.3424,0.08643,0.08628,0.06528,0.1201,0.05912,0.05559,0.02146,0.05367,0.03474,0.2084,0.2089,
2.196,0.3468,0.08531,0.08601,0.06523,0.1208,0.05887,0.05707,0.01929,0.05444,0.03809,0.2057,0.2092,
2.194,0.3347,0.08298,0.08595,0.06523,0.1226,0.05817,0.05704,0.01927,0.0544,0.03806,0.2066,0.2097,
2.193,0.3384,0.08278,0.08583,0.06539,0.1221,0.05813,0.057,0.01926,0.05437,0.03803,0.2075,0.2096,
2.192,0.3351,0.08246,0.0858,0.06525,0.1218,0.05801,0.05689,0.01922,0.05426,0.03796,0.2092,0.2091,
2.192,0.3405,0.08237,0.0859,0.06538,0.1212,0.05806,0.05735,0.01881,0.0543,0.03798,0.2094,0.2093,
2.192,0.34,0.0821,0.08568,0.06553,0.1212,0.05809,0.05738,0.01882,0.05433,0.038,0.2095,0.2094,
2.192,0.3385,0.08127,0.08559,0.06579,0.1219,0.05809,0.05738,0.01924,0.0539,0.038,0.2095,0.2094,
2.201,0.3395,0.08315,0.08544,0.06591,0.1228,0.05649,0.05732,0.02001,0.05306,0.04312,0.2051,0.2076,
2.197,0.3311,0.08304,0.08536,0.06608,0.1207,0.05431,0.05732,0.02001,0.05307,0.04312,0.2072,0.2098,
2.197,0.338,0.08305,0.08559,0.06625,0.1191,0.05493,0.0569,0.02005,0.05316,0.0432,0.2076,0.2102,
2.199,0.3323,0.08512,0.08586,0.06639,0.119,0.05487,0.05717,0.01969,0.0531,0.04315,0.2084,0.2072,
2.21,0.3396,0.08498,0.0857,0.06645,0.1189,0.05481,0.05712,0.01967,0.05355,0.05052,0.2013,0.207,
2.208,0.3385,0.08357,0.08537,0.06646,0.1185,0.05528,0.05666,0.01967,0.05355,0.05052,0.2034,0.2071,
2.208,0.34,0.08331,0.08499,0.06661,0.1181,0.05527,0.05664,0.02019,0.05398,0.04954,0.2044,0.207,
2.205,0.3295,0.08225,0.08473,0.06656,0.1187,0.05363,0.05653,0.02084,0.05483,0.04778,0.206,0.2081,
2.204,0.3287,0.08201,0.08495,0.06603,0.1183,0.053,0.05655,0.02206,0.05365,0.0478,0.2061,0.2095,
2.204,0.3372,0.08163,0.08528,0.06608,0.1183,0.05352,0.05603,0.02206,0.05365,0.0478,0.2061,0.2095,
2.203,0.334,0.08098,0.08584,0.06618,0.1183,0.05295,0.0555,0.02276,0.05408,0.04666,0.2061,0.2106,
2.201,0.3431,0.08042,0.08577,0.06631,0.1185,0.05232,0.05616,0.02214,0.05411,0.04668,0.2062,0.2114,
2.201,0.322,0.08033,0.08575,0.06642,0.1185,0.05232,0.05686,0.02223,0.05509,0.04491,0.2062,0.2114,
2.199,0.3416,0.08019,0.08583,0.06649,0.1183,0.05234,0.05688,0.02224,0.06236,0.03768,0.2063,0.2115,
2.199,0.3302,0.08018,0.08594,0.06654,0.1176,0.05238,0.05693,0.0229,0.06317,0.0363,0.2064,0.2117,
2.172,0.3166,0.08274,0.08602,0.06661,0.1167,0.09221,0.01708,0.0229,0.06316,0.03629,0.2074,0.2089,
2.171,0.323,0.08268,0.086,0.06669,0.1167,0.09024,0.01708,0.02332,0.06274,0.03629,0.2074,0.2108,
2.169,0.3207,0.08626,0.08584,0.06677,0.116,0.08628,0.01707,0.02331,0.06546,0.03355,0.2084,0.211,
2.17,0.3281,0.08611,0.08564,0.06701,0.1153,0.08639,0.01709,0.02447,0.06442,0.03359,0.2087,0.2113,
2.168,0.3275,0.08595,0.08551,0.06723,0.1142,0.08478,0.01712,0.0245,0.06454,0.03364,0.2091,0.2134,
2.164,0.3315,0.08576,0.08569,0.06744,0.1135,0.08332,0.01713,0.02452,0.06802,0.03023,0.2093,0.2151,
2.165,0.3379,0.08566,0.08576,0.06747,0.1135,0.08332,0.01713,0.02575,0.06731,0.0297,0.2093,0.2151,
2.177,0.3523,0.08896,0.08562,0.06761,0.1134,0.08247,0.01677,0.02572,0.06724,0.03586,0.2039,0.2125,
2.179,0.3352,0.08887,0.08547,0.06786,0.1134,0.08247,0.01873,0.02454,0.06647,0.03586,0.2039,0.2125,
2.179,0.324,0.08872,0.08568,0.06788,0.113,0.0825,0.01873,0.02455,0.06649,0.03587,0.204,0.2126,
2.18,0.3257,0.09028,0.08563,0.06784,0.1129,0.08242,0.01871,0.02452,0.06642,0.03583,0.2048,0.2106,
2.178,0.3228,0.09009,0.08569,0.0666,0.1129,0.08242,0.01871,0.02452,0.06642,0.03583,0.2048,0.212,
2.177,0.3288,0.09001,0.08572,0.06673,0.1126,0.08179,0.01872,0.02454,0.06746,0.03484,0.2049,0.2127,
2.176,0.3191,0.08994,0.08574,0.06678,0.1126,0.08222,0.0183,0.02454,0.06799,0.03431,0.2049,0.2127,
2.175,0.3164,0.09067,0.08565,0.0652,0.1113,0.08224,0.01831,0.02519,0.06736,0.03432,0.206,0.2138,
2.173,0.3242,0.09072,0.08561,0.06551,0.1099,0.08237,0.01833,0.02523,0.06939,0.03245,0.2063,0.2141,
2.177,0.3127,0.09614,0.08549,0.06561,0.1094,0.08228,0.01831,0.0252,0.06931,0.03241,0.2082,0.2077,
2.174,0.3168,0.09524,0.08548,0.06586,0.1095,0.07931,0.01833,0.02522,0.06937,0.03244,0.2083,0.2109,
2.169,0.3474,0.09396,0.08567,0.0639,0.1106,0.07828,0.0182,0.02469,0.06937,0.03244,0.2083,0.2146,
2.17,0.3196,0.09563,0.08557,0.06397,0.1101,0.07823,0.01818,0.02468,0.06933,0.03242,0.2093,0.2127,
2.17,0.3288,0.09439,0.08582,0.064,0.1108,0.07826,0.01819,0.02468,0.06935,0.03243,0.2093,0.2128,
2.177,0.3201,0.09692,0.08579,0.06408,0.1107,0.07647,0.01764,0.02465,0.07114,0.03608,0.2046,0.2119,
2.178,0.3215,0.1011,0.08545,0.06341,0.1103,0.07514,0.01759,0.02528,0.07022,0.03597,0.2071,0.2084,
2.175,0.3305,0.1033,0.08542,0.06185,0.1102,0.07375,0.01757,0.02525,0.07102,0.03506,0.2079,0.2087,
2.172,0.3133,0.1032,0.08545,0.06198,0.1099,0.075,0.01634,0.02526,0.07196,0.03415,0.208,0.2088,
2.171,0.3177,0.103,0.08544,0.06191,0.1098,0.07576,0.01601,0.0247,0.07189,0.03411,0.2088,0.2086,
2.183,0.3544,0.1027,0.08538,0.06199,0.1098,0.07579,0.01644,0.05029,0.0468,0.03325,0.2089,0.2087,
2.186,0.3446,0.1026,0.08494,0.06198,0.1094,0.07577,0.01643,0.05027,0.04679,0.0354,0.2077,0.2086,
2.182,0.3443,0.1018,0.08453,0.06223,0.1096,0.07432,0.01593,0.05087,0.04721,0.03457,0.208,0.211,
2.185,0.3415,0.1046,0.08446,0.06239,0.1083,0.07432,0.01682,0.0505,0.04668,0.03458,0.2091,0.2082,
2.18,0.3637,0.1045,0.08441,0.0625,0.1083,0.07169,0.01682,0.05148,0.05065,0.02963,0.2091,0.2108,
2.194,0.3479,0.1046,0.08461,0.06247,0.1085,0.07195,0.01711,0.05144,0.05099,0.03651,0.2024,0.2094,
2.19,0.3564,0.1038,0.08423,0.06265,0.1087,0.07139,0.0177,0.06557,0.03731,0.03568,0.2026,0.2103,
2.189,0.3567,0.1034,0.08367,0.06295,0.1086,0.07147,0.01772,0.06664,0.03638,0.03572,0.2029,0.2106,
2.19,0.3589,0.1049,0.08366,0.06295,0.1085,0.07143,0.01771,0.0666,0.03635,0.0357,0.2038,0.2084,
2.189,0.3682,0.1046,0.08342,0.06321,0.1082,0.07201,0.01719,0.06665,0.03638,0.03573,0.204,0.2086,
2.188,0.3633,0.1034,0.08337,0.06331,0.1087,0.07131,0.01782,0.0665,0.03583,0.03571,0.2049,0.2091,
2.188,0.3703,0.1029,0.08347,0.06346,0.1086,0.07123,0.0178,0.06644,0.03632,0.03515,0.2057,0.2089,
2.192,0.412,0.1014,0.08325,0.06366,0.1095,0.07119,0.06208,0.02211,0.0363,0.03513,0.2066,0.2088,
2.192,0.4835,0.1013,0.08323,0.06373,0.1095,0.07053,0.06208,0.02211,0.0363,0.03513,0.2066,0.2094,
2.192,0.4799,0.1013,0.0832,0.06382,0.1095,0.07106,0.06155,0.02253,0.03588,0.03513,0.2066,0.2094,
2.193,0.4769,0.1034,0.08346,0.06386,0.1087,0.07154,0.06103,0.02252,0.03586,0.03512,0.2076,0.2069,
2.193,0.4382,0.1032,0.08324,0.06398,0.1086,0.07147,0.06097,0.02302,0.0353,0.03508,0.2084,0.2067,
2.193,0.4021,0.1029,0.08341,0.06415,0.1086,0.07147,0.06097,0.02302,0.0353,0.03508,0.2084,0.2067,
2.194,0.3817,0.1028,0.08344,0.06413,0.1078,0.07079,0.06095,0.02343,0.03486,0.03649,0.208,0.2073,
2.194,0.3876,0.1024,0.08357,0.06436,0.1078,0.07166,0.06008,0.02343,0.03539,0.03596,0.208,0.2073,
2.193,0.3952,0.1023,0.08341,0.06441,0.1077,0.07159,0.06002,0.0234,0.03535,0.03592,0.2088,0.2071,
2.196,0.3711,0.102,0.08318,0.0644,0.1073,0.07145,0.06044,0.02284,0.03582,0.03764,0.2083,0.2067,
2.194,0.3688,0.1018,0.08328,0.06454,0.1069,0.07036,0.06004,0.02284,0.03582,0.03765,0.2084,0.2084,
2.194,0.3552,0.1016,0.08344,0.06459,0.1069,0.0697,0.06004,0.02371,0.03548,0.03713,0.2084,0.209,
2.192,0.3567,0.101,0.08339,0.06472,0.1071,0.06864,0.06007,0.02372,0.0355,0.03714,0.2085,0.2102,
2.196,0.3449,0.103,0.0836,0.06497,0.1053,0.06868,0.06012,0.02373,0.03552,0.03883,0.2081,0.2082,
2.196,0.3591,0.1022,0.08364,0.06519,0.1038,0.06889,0.06031,0.02433,0.03598,0.03807,0.2087,0.2089,
2.195,0.3617,0.1019,0.0839,0.06512,0.1034,0.06827,0.05994,0.02435,0.03601,0.0381,0.2089,0.2101,
2.197,0.3534,0.09931,0.08378,0.06522,0.1081,0.06515,0.06066,0.024,0.03557,0.0412,0.2067,0.2103,
2.197,0.3546,0.09989,0.08333,0.06528,0.1079,0.06504,0.06151,0.02679,0.03453,0.03834,0.2084,0.209,
2.194,0.367,0.09961,0.08341,0.06549,0.1079,0.06275,0.06117,0.02822,0.03309,0.03834,0.2084,0.2116,
2.2,0.3928,0.1041,0.08315,0.06555,0.1077,0.06265,0.06107,0.02898,0.03276,0.0396,0.2083,0.2061,
2.201,0.371,0.1032,0.08311,0.06563,0.1073,0.06266,0.06161,0.02846,0.03277,0.04106,0.208,0.2062,
2.198,0.374,0.1032,0.08299,0.06586,0.107,0.05961,0.06164,0.02847,0.0333,0.04055,0.2081,0.2093,
2.198,0.3807,0.1029,0.08324,0.06597,0.1067,0.06014,0.06113,0.02848,0.03453,0.03934,0.2081,0.2094,
2.198,0.383,0.1025,0.08316,0.06616,0.1064,0.06107,0.06031,0.02962,0.03344,0.03937,0.2083,0.2096,
2.193,0.3924,0.1024,0.0833,0.06623,0.1061,0.0615,0.06642,0.02454,0.03511,0.03633,0.2084,0.2097,
2.195,0.3954,0.1052,0.08343,0.0662,0.1059,0.06196,0.06583,0.02451,0.03772,0.03364,0.2092,0.2063,
2.202,0.3975,0.105,0.08341,0.06625,0.1055,0.06127,0.06579,0.02449,0.0377,0.0388,0.205,0.2068,
2.201,0.3996,0.1047,0.08273,0.06519,0.1051,0.06128,0.06581,0.02544,0.03799,0.03759,0.2051,0.209,
2.199,0.3947,0.1044,0.0824,0.0653,0.1049,0.06116,0.06567,0.02539,0.03791,0.03751,0.2067,0.2086,
2.198,0.3903,0.1037,0.08206,0.06549,0.1048,0.06106,0.06557,0.02535,0.03785,0.03745,0.2084,0.2082,
2.199,0.3886,0.1035,0.08207,0.06562,0.1043,0.06102,0.06553,0.02577,0.03739,0.03829,0.2085,0.2081,
2.197,0.3864,0.1033,0.08219,0.06562,0.1043,0.05906,0.06553,0.02692,0.03624,0.03829,0.2085,0.2101,
2.196,0.3849,0.103,0.08213,0.06566,0.1043,0.05908,0.06719,0.02572,0.03584,0.03831,0.2086,0.2102,
2.196,0.3843,0.1026,0.0819,0.06562,0.1044,0.05913,0.06725,0.02664,0.03497,0.03834,0.2088,0.2103,
2.208,0.4005,0.1,0.08203,0.06586,0.1087,0.05971,0.06657,0.02663,0.03494,0.04523,0.2028,0.2075,
2.206,0.3584,0.1002,0.08193,0.06611,0.1076,0.05781,0.06666,0.02666,0.03499,0.04529,0.203,0.2097,
2.204,0.3486,0.09761,0.08183,0.06644,0.1094,0.05719,0.06714,0.02626,0.03501,0.04532,0.2032,0.2106,
2.206,0.3448,0.1013,0.08165,0.06659,0.1092,0.05644,0.06703,0.02692,0.03426,0.04525,0.2049,0.2064,
2.206,0.355,0.09927,0.08159,0.06665,0.111,0.05689,0.06664,0.02693,0.03427,0.04527,0.205,0.2065,
2.205,0.3476,0.09871,0.08146,0.06676,0.1107,0.05695,0.06672,0.02696,0.03431,0.04533,0.2053,0.2068,
2.203,0.3502,0.09849,0.08159,0.06686,0.1107,0.0552,0.06672,0.02696,0.03483,0.0448,0.2053,0.2086,
2.2,0.35,0.09712,0.08157,0.06695,0.112,0.05367,0.06694,0.0264,0.03571,0.04393,0.2053,0.2104,
2.2,0.3501,0.09528,0.08152,0.06707,0.1138,0.05367,0.06694,0.0264,0.03672,0.04292,0.2053,0.2104,
2.198,0.3581,0.09528,0.08151,0.06716,0.1134,0.05222,0.06647,0.02641,0.03673,0.04294,0.2054,0.2125,
2.194,0.3432,0.09686,0.08163,0.06714,0.1123,0.0504,0.06521,0.0264,0.03799,0.04168,0.2065,0.2139,
2.192,0.3443,0.09678,0.08151,0.06733,0.1123,0.0488,0.06563,0.02598,0.03851,0.04116,0.2065,0.2155,
2.192,0.3427,0.09561,0.08148,0.06739,0.1132,0.04881,0.06565,0.02599,0.03853,0.04118,0.2065,0.2156,
2.192,0.3355,0.09526,0.08169,0.06752,0.1132,0.04881,0.06565,0.02599,0.03853,0.04118,0.2065,0.2156,
2.189,0.3671,0.09434,0.08162,0.06785,0.1133,0.04731,0.06605,0.02645,0.03779,0.04121,0.2067,0.2173,
2.187,0.3683,0.09351,0.08172,0.06811,0.1127,0.04584,0.0665,0.02669,0.03834,0.04027,0.2071,0.2192,
2.186,0.3534,0.09124,0.08174,0.0684,0.1135,0.04645,0.06665,0.02659,0.03947,0.03885,0.2075,0.2196,
2.187,0.353,0.09302,0.08174,0.06833,0.1134,0.04641,0.06658,0.02656,0.03943,0.03881,0.2083,0.2175,
2.197,0.3486,0.09954,0.08145,0.06839,0.1128,0.04686,0.06647,0.02599,0.03936,0.04216,0.2066,0.2104,
2.197,0.3482,0.09954,0.08159,0.06844,0.1121,0.04741,0.066,0.02601,0.04072,0.04087,0.2068,0.2106,
2.197,0.3469,0.1026,0.08182,0.06847,0.1113,0.0463,0.06599,0.026,0.04071,0.04086,0.2078,0.2081,
2.197,0.3423,0.1021,0.08171,0.0687,0.1111,0.04633,0.06638,0.0261,0.04031,0.04089,0.208,0.2083,
2.194,0.3388,0.1017,0.08208,0.06889,0.1108,0.04437,0.0664,0.02611,0.04032,0.04091,0.2081,0.2104,
2.193,0.3415,0.09753,0.08219,0.06894,0.1142,0.04493,0.06666,0.02635,0.04155,0.0388,0.2083,0.2106,
2.212,0.3252,0.1016,0.08186,0.06866,0.1136,0.04595,0.06508,0.02622,0.04134,0.05011,0.2007,0.2048,
2.209,0.3296,0.1007,0.08175,0.06839,0.1127,0.04607,0.06527,0.02547,0.04122,0.04997,0.2042,0.2042,
2.188,0.371,0.09858,0.08156,0.06829,0.1138,0.08874,0.02308,0.02483,0.0417,0.04939,0.206,0.204,
2.188,0.3272,0.09827,0.08164,0.06826,0.1137,0.08865,0.02306,0.02533,0.04165,0.04882,0.2069,0.2038,
2.188,0.3049,0.09774,0.08176,0.06834,0.1137,0.08869,0.02396,0.02445,0.04167,0.04884,0.2069,0.2039,
2.187,0.314,0.09764,0.08175,0.06732,0.1137,0.08869,0.02396,0.02445,0.04167,0.04884,0.2069,0.205,
2.185,0.3084,0.09754,0.08149,0.06743,0.1136,0.08708,0.02393,0.02442,0.04163,0.04879,0.2078,0.2063,
2.18,0.3127,0.09686,0.08135,0.06612,0.1126,0.08419,0.02398,0.02447,0.04172,0.04889,0.2082,0.2116,
2.186,0.3123,0.1001,0.08148,0.06606,0.112,0.08406,0.02394,0.02443,0.04503,0.04868,0.2067,0.2076,
2.185,0.3127,0.0997,0.08142,0.06626,0.1117,0.08238,0.02396,0.02445,0.04716,0.04663,0.2069,0.2095,
2.187,0.3204,0.1017,0.08125,0.06647,0.111,0.08244,0.02398,0.02547,0.04618,0.04666,0.2081,0.2068,
2.194,0.3355,0.1014,0.08125,0.06649,0.1107,0.08171,0.02396,0.02595,0.04632,0.05129,0.2036,0.2073,
2.194,0.332,0.1005,0.08199,0.0666,0.1107,0.08171,0.02396,0.02595,0.04632,0.05129,0.2036,0.2073,
2.194,0.3073,0.09997,0.08213,0.06668,0.1108,0.08175,0.02397,0.02596,0.0481,0.04955,0.2037,0.2074,
2.193,0.302,0.09984,0.08198,0.0668,0.1103,0.0817,0.0243,0.02559,0.04806,0.04952,0.2046,0.2073,
2.19,0.3024,0.09978,0.08192,0.06692,0.1103,0.08331,0.02203,0.02559,0.04806,0.04952,0.2046,0.2079,
2.19,0.3028,0.09978,0.08188,0.06725,0.1092,0.08341,0.02206,0.02562,0.04899,0.04871,0.2049,0.2082,
2.189,0.3115,0.09862,0.08179,0.06741,0.1092,0.08341,0.02206,0.02562,0.04987,0.04783,0.2049,0.2093,
2.187,0.3203,0.09867,0.08124,0.06752,0.1089,0.08246,0.02154,0.02564,0.0499,0.04787,0.2061,0.2102,
2.189,0.3136,0.1022,0.08104,0.06763,0.1088,0.08238,0.02152,0.02561,0.04985,0.04782,0.2069,0.2063,
2.188,0.3158,0.1009,0.08091,0.06765,0.1096,0.08232,0.02151,0.02559,0.0509,0.04669,0.2078,0.2061,
2.188,0.3168,0.1002,0.08088,0.06785,0.1092,0.08243,0.02153,0.02562,0.05149,0.04623,0.2081,0.2064,
2.203,0.3202,0.1001,0.08039,0.06774,0.1085,0.08029,0.02154,0.02563,0.05241,0.05917,0.1954,0.2087,
2.202,0.3191,0.0983,0.0801,0.0677,0.1093,0.08009,0.02149,0.02609,0.05175,0.05902,0.1979,0.2082,
2.202,0.3174,0.09791,0.0802,0.06777,0.109,0.08016,0.02151,0.02612,0.0518,0.05908,0.1981,0.2084,
2.202,0.3179,0.09752,0.08002,0.06801,0.109,0.08019,0.02204,0.0256,0.05526,0.05567,0.1982,0.2085,
2.201,0.3168,0.09757,0.0799,0.06774,0.1087,0.07855,0.02247,0.02572,0.05476,0.05569,0.1982,0.2107,
2.2,0.3243,0.09725,0.07991,0.06795,0.1114,0.07711,0.02228,0.02538,0.05712,0.05334,0.1993,0.2089,
2.204,0.3362,0.09725,0.07991,0.06795,0.1114,0.07697,0.02177,0.0357,0.04681,0.05334,0.1993,0.2096,
2.202,0.3803,0.09665,0.08012,0.06619,0.1108,0.07707,0.02179,0.03616,0.04822,0.05163,0.1996,0.2119,
2.2,0.3385,0.09658,0.07929,0.06642,0.1109,0.07835,0.0206,0.0362,0.04827,0.05167,0.1997,0.212,
2.199,0.3454,0.09484,0.07908,0.06645,0.1118,0.07779,0.02063,0.03621,0.04834,0.05177,0.2001,0.2131,
2.2,0.3547,0.0986,0.0787,0.06656,0.1107,0.07765,0.02008,0.0362,0.04955,0.05053,0.2011,0.2104,
2.198,0.3414,0.09854,0.07869,0.06667,0.1104,0.07553,0.02043,0.03587,0.04957,0.05055,0.2011,0.2126,
2.197,0.3341,0.09833,0.07882,0.06675,0.1104,0.07595,0.02001,0.03587,0.04957,0.05055,0.2011,0.2126,
2.197,0.3379,0.09814,0.07881,0.06714,0.1097,0.07601,0.02002,0.03589,0.05432,0.04588,0.2013,0.2128,
2.199,0.3703,0.09957,0.0787,0.06715,0.1096,0.07593,0.03125,0.02461,0.05514,0.04496,0.2021,0.211,
2.198,0.3621,0.09957,0.07865,0.0672,0.1096,0.07484,0.03125,0.02461,0.05514,0.04496,0.2021,0.2121,
2.198,0.3906,0.1012,0.07859,0.06719,0.1095,0.07345,0.03122,0.02458,0.05509,0.04491,0.2029,0.2114,
2.196,0.38,0.1029,0.0785,0.06719,0.109,0.07187,0.0312,0.02457,0.05558,0.04436,0.2038,0.2111,
2.195,0.3449,0.1053,0.07837,0.06722,0.1088,0.06983,0.03117,0.02454,0.0564,0.04344,0.2046,0.2102,
2.194,0.3449,0.1042,0.07842,0.06736,0.1095,0.06919,0.0316,0.02413,0.05789,0.04198,0.2047,0.211,
2.193,0.3608,0.1039,0.0787,0.06738,0.1095,0.0688,0.03133,0.02413,0.05789,0.04198,0.2047,0.2116,
2.192,0.3524,0.1036,0.07885,0.0675,0.1095,0.06814,0.03133,0.02413,0.05963,0.04025,0.2047,0.2123,
2.193,0.3491,0.106,0.07885,0.06745,0.1107,0.06701,0.03131,0.02453,0.05917,0.04022,0.2056,0.2092,
2.193,0.3471,0.1115,0.07863,0.06756,0.1106,0.0696,0.02796,0.02451,0.05911,0.04018,0.2064,0.204,
2.192,0.3578,0.1113,0.07837,0.06757,0.1102,0.06955,0.02795,0.02492,0.05868,0.04015,0.2074,0.2039,
2.19,0.3719,0.1112,0.07833,0.06776,0.1087,0.06814,0.02801,0.02497,0.05932,0.03969,0.2079,0.2059,
2.19,0.3536,0.1101,0.07845,0.06787,0.1094,0.06817,0.02802,0.02498,0.05988,0.03918,0.208,0.206,
2.189,0.3729,0.109,0.07836,0.06792,0.1099,0.06893,0.0272,0.02568,0.05913,0.03916,0.2089,0.2059,
2.185,0.3582,0.1089,0.07845,0.06804,0.1092,0.06635,0.02722,0.02568,0.06187,0.03649,0.2091,0.2087,
2.184,0.3688,0.1087,0.07854,0.06817,0.1092,0.06415,0.02722,0.02666,0.06089,0.03649,0.2091,0.2109,
2.187,0.3692,0.1101,0.07832,0.06835,0.1087,0.06451,0.02527,0.02665,0.06208,0.03975,0.2055,0.2107,
2.184,0.3628,0.1114,0.07838,0.06846,0.1083,0.06171,0.02473,0.02663,0.06204,0.03973,0.2064,0.2122,
2.181,0.3586,0.1123,0.07851,0.06647,0.1078,0.06167,0.02472,0.02661,0.06313,0.03857,0.2073,0.2129,
2.181,0.3609,0.1137,0.07854,0.06649,0.1073,0.06164,0.0247,0.02659,0.06467,0.03697,0.2082,0.2111,
2.175,0.3722,0.1135,0.07857,0.06668,0.1072,0.06046,0.03615,0.01558,0.06523,0.036,0.2083,0.2123,
2.162,0.3531,0.1128,0.07849,0.06571,0.1073,0.07349,0.02322,0.01612,0.0673,0.03349,0.2085,0.2136,
2.162,0.3515,0.1123,0.07851,0.06583,0.1074,0.0741,0.02265,0.01682,0.06663,0.0335,0.2086,0.2137,
2.175,0.3425,0.1132,0.07884,0.06585,0.1069,0.07405,0.02263,0.01681,0.06659,0.0405,0.2025,0.2122,
2.174,0.3907,0.113,0.07888,0.06598,0.1069,0.07366,0.02236,0.01681,0.06659,0.0405,0.2025,0.2128,
2.173,0.3347,0.1144,0.07888,0.06619,0.1062,0.0729,0.02236,0.01681,0.06842,0.03864,0.2035,0.2118,
2.171,0.33,0.1141,0.07839,0.06659,0.1063,0.07085,0.02237,0.01734,0.06845,0.03813,0.2036,0.2139,
2.171,0.3327,0.1145,0.07843,0.06692,0.1059,0.07087,0.02237,0.01734,0.06846,0.03814,0.2046,0.2125,
2.171,0.3341,0.1145,0.07838,0.06697,0.1059,0.07087,0.02237,0.01734,0.0696,0.037,0.2046,0.2125,
2.171,0.3278,0.1162,0.07825,0.06708,0.1058,0.07014,0.02235,0.01732,0.06953,0.03697,0.2055,0.2109,
2.17,0.3006,0.1161,0.07824,0.06727,0.1044,0.07028,0.0224,0.01735,0.06967,0.03702,0.2059,0.2114,
2.171,0.2972,0.1201,0.07794,0.0675,0.1029,0.06978,0.02189,0.01824,0.06886,0.03705,0.2072,0.2086,
2.171,0.3073,0.1197,0.07794,0.06761,0.1026,0.06917,0.02191,0.01868,0.0685,0.03707,0.2074,0.2094,
2.17,0.295,0.1191,0.07757,0.068,0.1021,0.06917,0.02192,0.01867,0.06851,0.03707,0.2085,0.2095,
2.166,0.2974,0.118,0.0776,0.06803,0.1031,0.06917,0.02225,0.01886,0.07491,0.03014,0.2085,0.2095,
2.17,0.2969,0.1202,0.07745,0.06793,0.1029,0.06639,0.02221,0.01882,0.07475,0.03366,0.2065,0.2091,
2.169,0.3286,0.1225,0.07708,0.06806,0.1024,0.06628,0.0215,0.01878,0.07462,0.0336,0.2083,0.2069,
2.166,0.2634,0.1194,0.0771,0.06825,0.1047,0.0646,0.02152,0.01871,0.07458,0.03349,0.2084,0.2092,
2.168,0.2591,0.119,0.07714,0.06824,0.104,0.06352,0.02152,0.0187,0.0746,0.03546,0.2076,0.2103,
2.169,0.2661,0.1203,0.07707,0.06835,0.1031,0.06351,0.02204,0.01859,0.07416,0.03545,0.2086,0.2089,
2.169,0.2677,0.1201,0.077,0.06856,0.1031,0.06351,0.02204,0.01947,0.07374,0.035,0.2086,0.2089,
2.169,0.2613,0.1198,0.07729,0.06866,0.1027,0.06288,0.02292,0.0186,0.07377,0.03501,0.2087,0.2096,
2.169,0.2558,0.1186,0.07731,0.06881,0.1038,0.06288,0.02292,0.0186,0.07377,0.03501,0.2087,0.2096,
2.167,0.2731,0.1181,0.07766,0.06897,0.1038,0.06135,0.02349,0.01803,0.0743,0.03448,0.2087,0.2112,
2.177,0.2773,0.1199,0.0777,0.0691,0.1029,0.06136,0.02874,0.01331,0.07482,0.04043,0.2028,0.2089,
2.175,0.2813,0.1188,0.07742,0.06947,0.1036,0.05985,0.02909,0.01297,0.07485,0.04044,0.2029,0.2106,
2.175,0.2778,0.1185,0.07731,0.06963,0.1037,0.05988,0.0291,0.01298,0.07489,0.04046,0.203,0.2107,
2.175,0.2817,0.1177,0.07746,0.06981,0.1038,0.0599,0.02912,0.01298,0.07492,0.04048,0.2031,0.2108,
2.172,0.2934,0.1214,0.07768,0.06866,0.1038,0.05809,0.02998,0.0121,0.07576,0.03958,0.204,0.2091,
2.171,0.2941,0.122,0.0774,0.06876,0.1046,0.05745,0.02982,0.01191,0.07559,0.03943,0.2049,0.2082,
2.17,0.2858,0.122,0.07742,0.06891,0.1038,0.0575,0.02984,0.01192,0.07653,0.03858,0.205,0.2084,
2.17,0.2775,0.1217,0.07741,0.06895,0.1037,0.05744,0.02981,0.01191,0.07646,0.03854,0.2059,0.2082,
2.169,0.2793,0.1216,0.07739,0.06907,0.1037,0.05744,0.03051,0.0112,0.07646,0.03854,0.2059,0.2082,
2.168,0.2852,0.1197,0.07745,0.06907,0.1047,0.05743,0.0305,0.0112,0.07741,0.03757,0.2069,0.2081,
2.165,0.2863,0.1196,0.07738,0.06927,0.1043,0.0554,0.03052,0.01121,0.07832,0.03671,0.2069,0.2103,
2.16,0.2978,0.1183,0.07731,0.06937,0.1051,0.05347,0.03054,0.01121,0.08023,0.03489,0.2071,0.2124,
2.159,0.2839,0.1197,0.07735,0.0694,0.1047,0.05343,0.03085,0.01086,0.08181,0.03325,0.208,0.2107,
2.165,0.2806,0.1238,0.07752,0.06929,0.1044,0.05195,0.03076,0.01135,0.08103,0.03611,0.2075,0.2063,
2.163,0.2803,0.1235,0.07741,0.06935,0.1043,0.05124,0.03072,0.01134,0.08094,0.03608,0.2084,0.2068,
2.183,0.2995,0.1227,0.07794,0.06818,0.1039,0.05129,0.03127,0.02692,0.06653,0.03448,0.2085,0.2083,
2.182,0.3114,0.1217,0.07798,0.06819,0.104,0.0507,0.03131,0.02696,0.06662,0.03453,0.2088,0.2092,
2.181,0.3123,0.1214,0.07778,0.06835,0.104,0.05072,0.03133,0.02697,0.06795,0.03324,0.2089,0.2093,
2.187,0.3247,0.1212,0.07758,0.06825,0.1038,0.05061,0.03126,0.02691,0.06938,0.0361,0.206,0.2088,
2.186,0.3291,0.1209,0.07759,0.06842,0.1033,0.05058,0.03176,0.02637,0.06934,0.03607,0.2069,0.2087,
2.186,0.3244,0.1192,0.07771,0.06859,0.1039,0.05065,0.03181,0.0264,0.06943,0.03612,0.2072,0.209,
2.186,0.3343,0.1192,0.07771,0.06859,0.1039,0.05065,0.03181,0.0264,0.06943,0.03612,0.2072,0.209,
2.187,0.3266,0.1187,0.07808,0.0687,0.1039,0.05065,0.03181,0.02693,0.0689,0.03612,0.2072,0.209,
2.187,0.3348,0.1182,0.07835,0.06875,0.1034,0.05062,0.03179,0.02821,0.06809,0.03557,0.2081,0.2089,
2.187,0.3477,0.1181,0.07839,0.06894,0.103,0.05064,0.0318,0.02822,0.06812,0.03559,0.2082,0.209,
2.188,0.3333,0.1174,0.07883,0.0691,0.1023,0.05071,0.03184,0.02931,0.06769,0.03511,0.2085,0.2092,
2.193,0.3398,0.1154,0.07879,0.06933,0.1028,0.05072,0.03185,0.02932,0.06938,0.03708,0.206,0.2093,
2.192,0.3527,0.1149,0.0786,0.06953,0.1028,0.05011,0.03188,0.02934,0.06944,0.03711,0.2061,0.2101,
2.193,0.353,0.1159,0.07875,0.06962,0.1024,0.05014,0.03246,0.0288,0.06949,0.03713,0.2073,0.208,
2.191,0.3546,0.1157,0.07886,0.06969,0.1024,0.04948,0.03246,0.03003,0.07048,0.03491,0.2073,0.2087,
2.189,0.3515,0.1155,0.07863,0.06982,0.1023,0.0481,0.03242,0.03,0.07041,0.03487,0.2081,0.2098,
2.166,0.3751,0.1153,0.07869,0.07001,0.1023,0.06977,0.01075,0.03,0.07041,0.03487,0.2081,0.2098,
2.165,0.36,0.1144,0.07845,0.07025,0.102,0.06836,0.01077,0.0311,0.06948,0.03493,0.2085,0.2117,
2.159,0.3589,0.1152,0.0783,0.07024,0.1019,0.06467,0.0117,0.03012,0.07288,0.03142,0.2093,0.2142,
2.16,0.3722,0.1151,0.07814,0.07045,0.1019,0.06467,0.0117,0.03057,0.07243,0.03142,0.2093,0.2142,
2.174,0.3602,0.1179,0.07834,0.07039,0.1014,0.06456,0.01168,0.03051,0.07388,0.03812,0.2027,0.2105,
2.174,0.366,0.1177,0.07845,0.07054,0.101,0.06459,0.01168,0.03052,0.07391,0.03814,0.2028,0.2106,
2.174,0.3524,0.1176,0.07852,0.07057,0.101,0.06486,0.01141,0.03104,0.07339,0.03814,0.2028,0.2106,
2.173,0.3992,0.1174,0.07817,0.06951,0.1011,0.06489,0.01141,0.03158,0.07289,0.03809,0.2029,0.2121,
2.173,0.3824,0.1223,0.07767,0.06955,0.1006,0.06474,0.01088,0.03157,0.07287,0.03807,0.2049,0.2068,
2.173,0.3769,0.1211,0.07775,0.06961,0.1017,0.06408,0.01088,0.03157,0.07287,0.03807,0.2049,0.2075,
2.172,0.3833,0.1246,0.07715,0.06982,0.1017,0.0621,0.01088,0.03157,0.07286,0.03799,0.2059,0.2055,
2.169,0.3432,0.1228,0.07714,0.06988,0.1016,0.06096,0.01087,0.03155,0.07282,0.03796,0.2068,0.2076,
2.166,0.3499,0.1225,0.07717,0.06997,0.1011,0.05896,0.01086,0.03153,0.07277,0.03794,0.2077,0.2094,
2.165,0.3479,0.1238,0.07729,0.06996,0.101,0.05714,0.01085,0.0315,0.0727,0.0379,0.2085,0.2093,
2.162,0.3542,0.1221,0.07729,0.06997,0.1025,0.05717,0.01086,0.03307,0.07621,0.03287,0.2086,0.2094,
2.161,0.3458,0.1221,0.07722,0.07014,0.1021,0.05719,0.01086,0.03309,0.07829,0.03084,0.2087,0.2095,
2.161,0.3614,0.1217,0.07747,0.07027,0.1021,0.05719,0.01128,0.03267,0.07829,0.03084,0.2087,0.2095,
2.17,0.3425,0.1234,0.07716,0.07025,0.1019,0.05698,0.01126,0.0326,0.07816,0.03564,0.2056,0.207,
2.168,0.3501,0.123,0.07724,0.07034,0.1013,0.05671,0.01154,0.03195,0.07882,0.03516,0.2059,0.208,
2.166,0.3517,0.1178,0.07692,0.07033,0.1056,0.0565,0.01152,0.03243,0.08024,0.03307,0.2078,0.2078,
2.164,0.3616,0.1176,0.07684,0.0704,0.1055,0.05644,0.01193,0.03197,0.08305,0.03015,0.2086,0.2076,
2.168,0.4066,0.1175,0.07689,0.0704,0.1055,0.05416,0.01141,0.04724,0.06841,0.02952,0.2086,0.2104,
2.176,0.4111,0.1171,0.07686,0.07045,0.1062,0.05392,0.01095,0.04721,0.06837,0.03409,0.2049,0.2099,
2.177,0.396,0.1221,0.07682,0.07031,0.106,0.05273,0.01093,0.04891,0.06648,0.03404,0.2066,0.205,
2.176,0.3264,0.1222,0.07677,0.07042,0.105,0.05271,0.01094,0.0495,0.06606,0.03409,0.207,0.2054,
2.175,0.328,0.1201,0.07662,0.07057,0.1056,0.05209,0.01094,0.04951,0.0661,0.03411,0.2082,0.2062,
2.194,0.3225,0.1199,0.07654,0.07055,0.1055,0.05138,0.01093,0.04998,0.06551,0.04661,0.1964,0.2066,
2.191,0.3183,0.1199,0.07652,0.07061,0.1043,0.04921,0.01149,0.04944,0.06553,0.04663,0.1975,0.2089,
2.191,0.3199,0.1197,0.0766,0.07073,0.1043,0.04921,0.01149,0.04944,0.06553,0.04663,0.1975,0.2089,
2.188,0.3322,0.1177,0.0764,0.07101,0.1062,0.04856,0.01149,0.04944,0.07057,0.04159,0.1975,0.2095,
2.189,0.3302,0.1162,0.07654,0.07104,0.1072,0.04858,0.01201,0.04893,0.0706,0.0416,0.1976,0.2096,
2.189,0.3577,0.1159,0.07683,0.0711,0.1072,0.04792,0.01201,0.05177,0.06776,0.0416,0.1976,0.2103,
2.189,0.3276,0.1206,0.07671,0.0699,0.107,0.04783,0.01199,0.05167,0.06903,0.04012,0.1992,0.2059,
2.184,0.3314,0.1198,0.07638,0.06858,0.1072,0.04593,0.012,0.05173,0.06912,0.04018,0.1994,0.2097,
2.193,0.3332,0.1225,0.07612,0.06869,0.1068,0.04521,0.04459,0.01919,0.06917,0.0402,0.2006,0.2069,
2.191,0.3349,0.1219,0.07587,0.06759,0.1067,0.04567,0.044,0.01916,0.06906,0.04014,0.2023,0.2076,
2.192,0.3356,0.1219,0.0759,0.06763,0.1067,0.04567,0.044,0.02003,0.06818,0.04014,0.2023,0.2076,
2.192,0.3347,0.1218,0.07594,0.06769,0.1063,0.04569,0.04402,0.02004,0.06821,0.04016,0.2024,0.2077,
2.191,0.3342,0.1215,0.07616,0.06781,0.1063,0.04503,0.04402,0.02046,0.06832,0.03963,0.2024,0.2084,
2.189,0.3356,0.1211,0.07656,0.06791,0.106,0.0444,0.04404,0.02046,0.07048,0.03752,0.2024,0.2091,
2.186,0.3444,0.1196,0.0765,0.06813,0.1067,0.04247,0.04407,0.02048,0.07054,0.03755,0.2026,0.2113,
2.184,0.3428,0.1195,0.07655,0.06835,0.1058,0.04142,0.04413,0.0205,0.07063,0.0376,0.2029,0.2126,
2.184,0.3423,0.1193,0.07689,0.06838,0.1054,0.04144,0.04415,0.0205,0.07066,0.03761,0.203,0.2127,
2.184,0.3397,0.1239,0.0768,0.06844,0.1049,0.04032,0.04465,0.01997,0.07062,0.03759,0.2039,0.2089,
2.185,0.3371,0.1277,0.0766,0.06852,0.1044,0.04033,0.04464,0.01995,0.07183,0.03637,0.205,0.2047,
2.185,0.3393,0.1274,0.07672,0.06878,0.104,0.03969,0.04466,0.02066,0.07116,0.03638,0.205,0.2055,
2.184,0.3473,0.126,0.07675,0.06885,0.1047,0.04018,0.04411,0.02064,0.07112,0.03636,0.2059,0.2053,
2.183,0.3581,0.1226,0.07641,0.06889,0.1076,0.0401,0.04402,0.02059,0.07237,0.03488,0.2076,0.2049,
2.183,0.3558,0.1225,0.07657,0.06895,0.1073,0.04011,0.04437,0.02079,0.07187,0.0349,0.2077,0.205,
2.183,0.3459,0.1213,0.07641,0.06926,0.107,0.04019,0.04447,0.02082,0.07293,0.03407,0.2081,0.2054,
2.187,0.3509,0.1209,0.07646,0.06926,0.1066,0.03951,0.04486,0.02039,0.07288,0.03802,0.2051,0.206,
2.189,0.3462,0.1205,0.07652,0.06942,0.1065,0.03947,0.04481,0.02166,0.07151,0.03798,0.2059,0.2058,
2.199,0.3648,0.1193,0.07652,0.06955,0.1072,0.03949,0.04517,0.05905,0.03383,0.038,0.206,0.2059,
2.196,0.3614,0.1224,0.07651,0.06844,0.1071,0.03748,0.04512,0.05899,0.0338,0.03796,0.2068,0.2054,
2.194,0.3655,0.122,0.07647,0.06681,0.1066,0.03745,0.04509,0.05894,0.03377,0.03793,0.2077,0.2072,
2.193,0.3701,0.1217,0.07675,0.06686,0.1066,0.03707,0.04535,0.05842,0.03482,0.03689,0.2077,0.2078,
2.193,0.3689,0.1218,0.07684,0.06695,0.1056,0.03753,0.04498,0.0589,0.03444,0.03693,0.208,0.2081,
2.191,0.4029,0.1218,0.07667,0.06709,0.1051,0.0369,0.04501,0.05894,0.03535,0.03605,0.2082,0.2089,
2.187,0.3806,0.1219,0.07686,0.06731,0.1035,0.03433,0.04509,0.05904,0.03541,0.03611,0.2085,0.2119,
2.19,0.3821,0.1233,0.07705,0.0673,0.1034,0.0343,0.04505,0.0601,0.03425,0.038,0.2074,0.2098,
2.19,0.3715,0.1232,0.07701,0.06747,0.1034,0.0343,0.04505,0.0601,0.03425,0.038,0.2074,0.2098,
2.2,0.3806,0.1235,0.07699,0.06754,0.104,0.03424,0.04497,0.06098,0.03571,0.0416,0.203,0.2074,
2.199,0.3828,0.1233,0.07683,0.06752,0.1034,0.03418,0.0456,0.06018,0.03565,0.04153,0.2047,0.2071,
2.198,0.3808,0.1232,0.07683,0.06767,0.1031,0.03419,0.04561,0.06142,0.03444,0.04155,0.2048,0.2072,
2.198,0.3834,0.1189,0.0766,0.06786,0.1061,0.03415,0.04556,0.06135,0.0344,0.0415,0.2066,0.2069,
2.198,0.3882,0.1179,0.07642,0.06817,0.1068,0.03461,0.04513,0.06137,0.03494,0.04099,0.2067,0.207,
2.198,0.3669,0.1176,0.07639,0.06825,0.1068,0.03453,0.04515,0.0614,0.03495,0.04101,0.2068,0.2071,
