entropy,entropyInd,RabA,RabB,RabC,RabD,RabE,RabF,RabG,RabH,RabI,xER,xPM,
2.178,0.3355,0.106,0.0907,0.0685,0.1252,0.05449,0.03938,0.03062,0.03407,0.03502,0.2066,0.2094,
2.178,0.334,0.1061,0.09078,0.06855,0.1245,0.05453,0.03941,0.03064,0.03409,0.03504,0.2068,0.2096,
2.175,0.3413,0.1061,0.09078,0.06855,0.1245,0.05288,0.039,0.0305,0.03409,0.03504,0.2068,0.2118,
2.174,0.3416,0.1059,0.09025,0.0686,0.1243,0.05295,0.03905,0.03054,0.03413,0.03509,0.2071,0.2121,
2.173,0.3424,0.1044,0.09025,0.0686,0.1243,0.05295,0.03905,0.03054,0.03413,0.03509,0.2071,0.2135,
2.173,0.3484,0.104,0.09029,0.06863,0.1244,0.05297,0.03907,0.03056,0.03415,0.03511,0.2072,0.2136,
2.176,0.3436,0.1083,0.09026,0.06868,0.1237,0.05302,0.03911,0.03059,0.03419,0.03514,0.2085,0.2086,
2.174,0.3455,0.112,0.09011,0.06856,0.1235,0.05029,0.03904,0.03054,0.03413,0.03508,0.2102,0.2065,
2.172,0.3447,0.112,0.09011,0.06856,0.1235,0.04875,0.03904,0.03054,0.03413,0.03508,0.2102,0.2081,
2.174,0.3713,0.1117,0.08992,0.06842,0.1232,0.04812,0.03883,0.03048,0.03406,0.03749,0.2094,0.2083,
2.174,0.3091,0.1111,0.08914,0.06855,0.1232,0.04823,0.03891,0.03054,0.03413,0.03756,0.2099,0.2088,
2.171,0.3071,0.1105,0.08918,0.06821,0.1229,0.04715,0.03893,0.03055,0.03414,0.03758,0.2099,0.211,
2.169,0.3176,0.1106,0.08925,0.06681,0.1221,0.04653,0.03896,0.03057,0.03417,0.0376,0.2101,0.2133,
2.167,0.3137,0.1107,0.08931,0.06541,0.1215,0.04652,0.03899,0.03059,0.03419,0.03762,0.2103,0.2149,
2.175,0.3066,0.1127,0.08922,0.06534,0.1213,0.04647,0.03895,0.03056,0.03416,0.04182,0.2069,0.2125,
2.173,0.3155,0.1111,0.08922,0.06534,0.1213,0.04581,0.03895,0.03056,0.03416,0.04182,0.2069,0.2148,
2.173,0.3128,0.1111,0.08922,0.06534,0.1213,0.04581,0.03895,0.03056,0.03416,0.04182,0.2069,0.2148,
2.172,0.3203,0.1107,0.08916,0.0653,0.1209,0.04578,0.03892,0.03054,0.03413,0.04179,0.2078,0.215,
2.171,0.3095,0.1107,0.08916,0.0653,0.1209,0.04512,0.03892,0.03054,0.03413,0.04179,0.2078,0.2157,
2.17,0.323,0.1104,0.08923,0.06535,0.1205,0.0445,0.03895,0.03056,0.03416,0.04183,0.208,0.2165,
2.168,0.3148,0.1105,0.08849,0.06547,0.1199,0.04391,0.03902,0.03062,0.03422,0.04189,0.2084,0.2176,
2.167,0.3151,0.113,0.08844,0.06543,0.1194,0.04212,0.039,0.0306,0.0342,0.04187,0.2093,0.2167,
2.167,0.3182,0.1141,0.08839,0.06538,0.1189,0.04209,0.03897,0.03057,0.03417,0.04184,0.2102,0.2154,
2.183,0.3181,0.1129,0.08833,0.06534,0.1184,0.04207,0.03894,0.03055,0.03415,0.05391,0.199,0.2164,
2.18,0.3203,0.1109,0.08807,0.06528,0.1178,0.04105,0.03903,0.03061,0.03422,0.05402,0.1995,0.2195,
2.179,0.3277,0.1097,0.08774,0.06532,0.1175,0.04109,0.03906,0.03064,0.03425,0.05407,0.1996,0.221,
2.178,0.3152,0.1135,0.0876,0.06389,0.1169,0.0403,0.039,0.03059,0.03419,0.05398,0.2013,0.2187,
2.18,0.3117,0.1181,0.08752,0.06383,0.1168,0.04026,0.03896,0.03056,0.03416,0.05393,0.2021,0.2138,
2.177,0.3119,0.1219,0.08754,0.06385,0.116,0.03718,0.03897,0.03056,0.03416,0.05394,0.2032,0.2127,
2.177,0.3126,0.1221,0.08764,0.06392,0.1148,0.03723,0.03902,0.0306,0.03421,0.05401,0.2035,0.213,
2.177,0.309,0.1243,0.08762,0.06391,0.114,0.03722,0.03902,0.03059,0.0342,0.054,0.2045,0.2106,
2.175,0.3121,0.1235,0.08753,0.06413,0.114,0.03567,0.03902,0.03059,0.03562,0.05258,0.2045,0.2129,
2.176,0.3216,0.1264,0.08749,0.06424,0.1132,0.03593,0.03874,0.03234,0.03437,0.05203,0.2055,0.2098,
2.161,0.2905,0.1263,0.0875,0.06447,0.1129,0.06115,0.01412,0.03179,0.03649,0.04995,0.2055,0.2099,
2.161,0.2926,0.1284,0.08757,0.06465,0.1128,0.05954,0.0141,0.03176,0.03808,0.04827,0.2064,0.2085,
2.162,0.299,0.1284,0.08746,0.06488,0.1124,0.05957,0.0141,0.03177,0.04327,0.04311,0.2065,0.2086,
2.161,0.3028,0.124,0.08739,0.06507,0.1161,0.06061,0.01313,0.03179,0.04477,0.04168,0.2066,0.2088,
2.16,0.3116,0.1235,0.0877,0.065,0.116,0.06054,0.01312,0.04433,0.03215,0.04164,0.2075,0.2086,
2.159,0.314,0.1232,0.08762,0.06505,0.1159,0.06101,0.01258,0.04429,0.03212,0.0416,0.2083,0.2084,
2.159,0.3199,0.1229,0.08775,0.0651,0.1154,0.06097,0.01256,0.04425,0.03342,0.04024,0.2092,0.2082,
2.159,0.3208,0.1227,0.08782,0.06525,0.1154,0.06097,0.01256,0.04425,0.03463,0.03904,0.2092,0.2082,
2.16,0.3154,0.1223,0.08764,0.06532,0.1148,0.0614,0.01201,0.04418,0.03457,0.04106,0.2088,0.2079,
2.159,0.3188,0.1222,0.08754,0.06444,0.1148,0.0614,0.01201,0.04418,0.0351,0.04053,0.2088,0.209,
2.167,0.3571,0.1214,0.08753,0.06435,0.1146,0.0613,0.01199,0.04411,0.03504,0.04594,0.2051,0.2086,
2.167,0.3148,0.1211,0.08718,0.06446,0.1146,0.06135,0.012,0.04414,0.03507,0.04598,0.2053,0.2088,
2.166,0.3169,0.121,0.0869,0.06468,0.1141,0.06131,0.012,0.04412,0.03557,0.04542,0.2062,0.2087,
2.164,0.3248,0.1195,0.08699,0.06372,0.1141,0.0613,0.01199,0.04411,0.03557,0.04541,0.2072,0.21,
2.164,0.3271,0.1165,0.08698,0.06379,0.1166,0.0607,0.012,0.04415,0.0356,0.04545,0.2074,0.2109,
2.165,0.3366,0.1208,0.08669,0.06405,0.1162,0.06124,0.01147,0.04415,0.0356,0.04545,0.2085,0.2059,
2.164,0.3172,0.1206,0.08655,0.06407,0.1161,0.06118,0.01146,0.04411,0.03556,0.04541,0.2093,0.2057,
2.176,0.3293,0.1204,0.08612,0.06439,0.1159,0.06111,0.01145,0.04406,0.04068,0.04786,0.2025,0.2055,
2.176,0.3017,0.1194,0.0859,0.06444,0.1156,0.06116,0.01146,0.04409,0.04216,0.04645,0.2036,0.2056,
2.175,0.3192,0.1191,0.08495,0.06484,0.1154,0.06153,0.01121,0.04417,0.04223,0.04652,0.204,0.206,
2.175,0.3176,0.1184,0.08529,0.06505,0.115,0.0615,0.01119,0.04413,0.0422,0.04648,0.2049,0.2059,
2.174,0.3198,0.1126,0.08519,0.0651,0.1202,0.06146,0.01119,0.04411,0.04305,0.04558,0.2058,0.2058,
2.174,0.3314,0.1112,0.08537,0.0651,0.1214,0.0608,0.01119,0.04411,0.04305,0.04558,0.2058,0.2064,
2.173,0.3211,0.1109,0.08537,0.0651,0.1212,0.06074,0.01118,0.04406,0.04424,0.0443,0.2066,0.2062,
2.172,0.3213,0.1108,0.0851,0.06528,0.1211,0.06002,0.01116,0.0449,0.04332,0.04426,0.2074,0.2067,
2.172,0.3636,0.1105,0.08519,0.06527,0.121,0.06004,0.01117,0.04544,0.04281,0.04428,0.2075,0.2067,
2.17,0.3372,0.1107,0.08487,0.06481,0.1197,0.06059,0.01073,0.04551,0.04287,0.04433,0.2089,0.2071,
2.17,0.3281,0.1091,0.08457,0.0649,0.1207,0.06066,0.01074,0.04556,0.04463,0.04267,0.2092,0.2073,
2.182,0.3474,0.1087,0.08446,0.06489,0.1201,0.06056,0.01073,0.04549,0.04456,0.05163,0.2019,0.207,
2.181,0.314,0.1085,0.0844,0.06494,0.1199,0.0605,0.01071,0.04544,0.04452,0.05158,0.2027,0.2068,
2.183,0.3169,0.1083,0.08447,0.065,0.1199,0.0605,0.01159,0.04456,0.05059,0.0455,0.2027,0.2068,
2.181,0.3284,0.1079,0.08421,0.06491,0.1196,0.06032,0.01156,0.04443,0.05201,0.04379,0.2051,0.2062,
2.18,0.321,0.1075,0.08406,0.0653,0.1191,0.06028,0.01155,0.0444,0.05198,0.04375,0.206,0.206,
2.179,0.3228,0.1057,0.08391,0.06529,0.1207,0.06022,0.01153,0.04435,0.05192,0.04371,0.2069,0.2058,
2.18,0.3335,0.1044,0.08434,0.06558,0.1204,0.0603,0.01155,0.04528,0.05112,0.04377,0.2071,0.2061,
2.181,0.3462,0.1023,0.08453,0.06562,0.1223,0.0603,0.04417,0.01267,0.05112,0.04377,0.2071,0.2061,
2.181,0.3484,0.1006,0.08456,0.06564,0.1237,0.06032,0.04418,0.01267,0.05113,0.04378,0.2072,0.2062,
2.192,0.3629,0.1001,0.08455,0.06562,0.1233,0.06031,0.04418,0.03193,0.03187,0.04377,0.2082,0.2062,
2.192,0.3648,0.09984,0.08429,0.06586,0.123,0.06036,0.04421,0.03195,0.03189,0.0438,0.2084,0.2063,
2.192,0.3672,0.09937,0.08436,0.06599,0.1228,0.05976,0.04425,0.03198,0.03568,0.04007,0.2086,0.2072,
2.191,0.378,0.09542,0.08441,0.0662,0.1259,0.05981,0.04429,0.03201,0.03571,0.04011,0.2088,0.2074,
2.19,0.3681,0.09546,0.0844,0.06628,0.1256,0.0583,0.04431,0.03202,0.03572,0.04012,0.2089,0.209,
2.19,0.3812,0.09526,0.08445,0.06642,0.1256,0.0583,0.04431,0.03202,0.03756,0.03828,0.2089,0.209,
2.204,0.366,0.09458,0.08442,0.06654,0.1255,0.05826,0.04428,0.032,0.04117,0.04404,0.2004,0.2089,
2.204,0.3628,0.09411,0.08464,0.06664,0.1248,0.05834,0.04433,0.03204,0.04174,0.04356,0.2006,0.2091,
2.204,0.4316,0.09381,0.08472,0.06675,0.1244,0.05837,0.04437,0.03206,0.04178,0.04359,0.2008,0.2093,
2.204,0.3995,0.09142,0.08459,0.06699,0.1267,0.05837,0.04437,0.03206,0.04178,0.04359,0.2008,0.2093,
2.204,0.3933,0.09113,0.08421,0.06741,0.1264,0.05842,0.04441,0.03209,0.04304,0.04239,0.201,0.2095,
2.203,0.3938,0.09004,0.08443,0.06746,0.126,0.05844,0.04442,0.03209,0.04305,0.04239,0.2021,0.2096,
2.202,0.3814,0.08762,0.0845,0.06746,0.1284,0.05844,0.04442,0.03262,0.04305,0.04186,0.2021,0.2096,
2.202,0.369,0.08944,0.08455,0.06761,0.1276,0.05689,0.04441,0.03261,0.04392,0.04097,0.203,0.2089,
2.201,0.3331,0.08859,0.08434,0.06774,0.1283,0.05625,0.04443,0.03263,0.04394,0.04099,0.2031,0.2097,
2.201,0.3309,0.08845,0.08448,0.06774,0.1283,0.05625,0.04443,0.03263,0.04394,0.04099,0.2031,0.2097,
2.2,0.3179,0.08726,0.08424,0.06799,0.1286,0.05632,0.04449,0.03267,0.04399,0.04104,0.2034,0.21,
2.198,0.3207,0.08722,0.08434,0.06801,0.1283,0.05435,0.0445,0.0331,0.04412,0.04052,0.2035,0.2121,
2.198,0.3214,0.0869,0.08472,0.0681,0.1276,0.05439,0.04454,0.03313,0.04416,0.04055,0.2037,0.2122,
2.2,0.325,0.09003,0.08447,0.06829,0.1271,0.05436,0.04451,0.03311,0.04412,0.04052,0.2046,0.2089,
2.199,0.3251,0.0899,0.0845,0.0684,0.1271,0.05369,0.04451,0.03364,0.04692,0.03719,0.2046,0.2096,
2.198,0.3246,0.08965,0.08446,0.06828,0.1265,0.05484,0.04321,0.03453,0.04589,0.03712,0.2063,0.2092,
2.197,0.3247,0.08961,0.0842,0.06835,0.1262,0.05559,0.04254,0.03456,0.04646,0.03662,0.2065,0.2094,
2.195,0.3384,0.0895,0.08412,0.06842,0.1255,0.05566,0.04814,0.02906,0.04653,0.03667,0.2067,0.2097,
2.195,0.3343,0.08893,0.08429,0.0686,0.1251,0.0557,0.04818,0.02909,0.04657,0.0367,0.2069,0.2099,
2.195,0.32,0.08888,0.08438,0.06883,0.124,0.05577,0.04877,0.02859,0.04773,0.03564,0.2072,0.2102,
2.195,0.3359,0.08892,0.08438,0.0689,0.1237,0.0558,0.0488,0.02939,0.04697,0.03566,0.2073,0.2102,
2.173,0.3309,0.08886,0.08413,0.06905,0.1232,0.08364,0.02022,0.02979,0.04651,0.03563,0.2082,0.2108,
2.173,0.3305,0.08864,0.08417,0.06923,0.1232,0.08364,0.02022,0.02979,0.04651,0.03563,0.2082,0.2108,
2.171,0.336,0.08626,0.08432,0.06949,0.1241,0.08267,0.02025,0.03055,0.04997,0.03159,0.2086,0.2123,
2.167,0.3407,0.08606,0.08405,0.06961,0.123,0.08094,0.01976,0.03061,0.0512,0.03055,0.209,0.2152,
2.161,0.3539,0.0856,0.0841,0.06813,0.1227,0.08035,0.03592,0.01504,0.05071,0.03058,0.2092,0.2177,
2.161,0.3518,0.08535,0.08421,0.06825,0.1224,0.08092,0.03594,0.01494,0.0503,0.03059,0.2093,0.2178,
2.161,0.3528,0.08629,0.08414,0.06811,0.1241,0.08128,0.03533,0.01491,0.05073,0.02999,0.211,0.2141,
2.162,0.3546,0.08616,0.08418,0.0682,0.1241,0.08128,0.03533,0.01544,0.0502,0.02999,0.211,0.2141,
2.161,0.3589,0.08576,0.0844,0.06854,0.1234,0.08135,0.03536,0.01545,0.05112,0.02911,0.2112,0.2143,
2.168,0.3848,0.08546,0.08472,0.06862,0.1231,0.07872,0.03537,0.03833,0.03084,0.02654,0.2113,0.2171,
2.166,0.3787,0.08436,0.08475,0.06862,0.1242,0.07872,0.03537,0.03833,0.03562,0.02176,0.2113,0.2171,
2.166,0.3786,0.08419,0.0847,0.06884,0.1242,0.07872,0.03537,0.03833,0.03562,0.02176,0.2113,0.2171,
2.181,0.3784,0.08839,0.08448,0.06874,0.1241,0.07867,0.03535,0.0393,0.03593,0.02589,0.2067,0.2125,
2.18,0.4044,0.08824,0.08453,0.06884,0.1241,0.07867,0.03569,0.03896,0.03729,0.02454,0.2067,0.2125,
2.178,0.4016,0.08827,0.08448,0.06893,0.1237,0.07658,0.0357,0.03976,0.03777,0.02331,0.2068,0.2147,
2.178,0.3903,0.08814,0.0844,0.06914,0.1237,0.07658,0.0357,0.03976,0.03777,0.02331,0.2068,0.2147,
2.182,0.3693,0.09428,0.08438,0.06915,0.1232,0.07586,0.03568,0.03973,0.03774,0.02329,0.2087,0.2079,
2.18,0.3471,0.09417,0.08404,0.06962,0.1218,0.07536,0.03575,0.03981,0.03928,0.02186,0.2092,0.2091,
2.177,0.3488,0.0937,0.08417,0.06956,0.1212,0.07324,0.03569,0.03975,0.03922,0.02182,0.2109,0.2107,
2.176,0.3435,0.09368,0.08416,0.06967,0.1209,0.07215,0.03571,0.03976,0.03923,0.02182,0.211,0.2119,
2.176,0.3436,0.09354,0.0843,0.06967,0.1209,0.07215,0.03571,0.03976,0.03923,0.02182,0.211,0.2119,
2.175,0.3497,0.09115,0.08432,0.06984,0.1231,0.07215,0.03571,0.03976,0.03977,0.02129,0.211,0.2119,
2.174,0.3547,0.09115,0.08432,0.06917,0.1231,0.07215,0.03605,0.03985,0.03934,0.02129,0.211,0.2126,
2.177,0.3571,0.095,0.08417,0.06951,0.122,0.07216,0.03606,0.04028,0.03892,0.02129,0.2121,0.2085,
2.176,0.3509,0.09452,0.08461,0.06955,0.122,0.07216,0.0364,0.03994,0.04052,0.01969,0.2121,0.2085,
2.176,0.3466,0.09451,0.08457,0.06981,0.1213,0.07223,0.03643,0.03998,0.04056,0.0197,0.2123,0.2087,
2.176,0.342,0.0941,0.0848,0.06987,0.1206,0.07232,0.03647,0.04177,0.03886,0.01972,0.2126,0.2089,
2.176,0.3438,0.09374,0.08465,0.07015,0.1203,0.07238,0.03703,0.04126,0.03889,0.01973,0.2128,0.2091,
2.176,0.3561,0.09357,0.08475,0.07022,0.1203,0.07238,0.03703,0.04126,0.03889,0.01973,0.2128,0.2091,
2.194,0.3533,0.09301,0.0841,0.07028,0.1196,0.07246,0.0375,0.04088,0.03893,0.02847,0.2054,0.2094,
2.193,0.327,0.0929,0.08431,0.07033,0.1189,0.07306,0.037,0.04091,0.04022,0.02723,0.2056,0.2095,
2.193,0.3321,0.09293,0.08408,0.0703,0.1186,0.07366,0.03649,0.04138,0.03982,0.02726,0.2058,0.2097,
2.192,0.3227,0.09237,0.08408,0.07046,0.1178,0.07367,0.0365,0.04139,0.03983,0.02726,0.2068,0.2098,
2.191,0.3307,0.09171,0.08422,0.0705,0.1173,0.07366,0.0365,0.04138,0.03982,0.02725,0.2078,0.2098,
2.189,0.3256,0.09074,0.08412,0.07028,0.1175,0.07276,0.03638,0.04125,0.0397,0.02716,0.2103,0.2098,
2.188,0.3244,0.0902,0.08451,0.07053,0.1171,0.07213,0.03639,0.04126,0.03971,0.02717,0.2104,0.2106,
2.187,0.3262,0.08991,0.08453,0.07079,0.1171,0.07146,0.03639,0.04126,0.03971,0.02717,0.2104,0.2112,
2.187,0.3444,0.08988,0.08446,0.07089,0.1171,0.07079,0.03639,0.04126,0.03971,0.02717,0.2104,0.2119,
2.183,0.3331,0.08979,0.08409,0.06935,0.1168,0.07018,0.03705,0.04066,0.04064,0.0263,0.2106,0.2145,
2.183,0.346,0.09424,0.08436,0.06942,0.116,0.07014,0.03704,0.05356,0.02774,0.0263,0.2116,0.2096,
2.179,0.3443,0.09381,0.08445,0.06971,0.1149,0.06695,0.03711,0.05365,0.02778,0.02633,0.212,0.2133,
2.179,0.3458,0.09369,0.08446,0.06982,0.1149,0.06695,0.03764,0.05311,0.02778,0.02633,0.212,0.2133,
2.182,0.3601,0.09356,0.08444,0.06977,0.1135,0.0669,0.03762,0.05307,0.02776,0.02846,0.2118,0.2131,
2.178,0.3419,0.09287,0.08311,0.0704,0.1137,0.06422,0.03762,0.05307,0.02777,0.02846,0.2129,0.2159,
2.185,0.34,0.09447,0.08324,0.0704,0.1132,0.06244,0.03759,0.05303,0.02774,0.0328,0.2095,0.2156,
2.183,0.3452,0.0934,0.08391,0.07047,0.1132,0.06073,0.03761,0.05359,0.02883,0.0312,0.2096,0.2174,
2.182,0.3509,0.09375,0.08383,0.07054,0.1137,0.06069,0.03758,0.0556,0.02678,0.03117,0.2105,0.2158,
2.18,0.3381,0.09496,0.08397,0.07051,0.1136,0.05862,0.03754,0.05554,0.02675,0.03114,0.2114,0.216,
2.18,0.3349,0.09454,0.08379,0.07053,0.1134,0.05869,0.03759,0.05604,0.02635,0.03117,0.2116,0.2163,
2.179,0.3325,0.09447,0.08363,0.07075,0.1134,0.05897,0.03732,0.05604,0.02635,0.03117,0.2116,0.2163,
2.178,0.3342,0.09423,0.08318,0.07111,0.1134,0.05788,0.03733,0.05607,0.02739,0.03016,0.2117,0.2175,
2.162,0.3436,0.09872,0.08294,0.07125,0.1132,0.08293,0.01208,0.05595,0.02733,0.03459,0.2089,0.2121,
2.162,0.317,0.09837,0.0829,0.07097,0.1132,0.08293,0.01251,0.05631,0.02775,0.03339,0.2089,0.2128,
2.161,0.2739,0.0984,0.08293,0.071,0.1128,0.08229,0.01251,0.05632,0.02949,0.03167,0.209,0.2136,
2.162,0.2764,0.1001,0.0831,0.07106,0.1116,0.08231,0.01285,0.05599,0.02949,0.03167,0.2101,0.2118,
2.162,0.281,0.09988,0.08315,0.07052,0.1116,0.08231,0.01285,0.05599,0.02949,0.03167,0.2101,0.2125,
2.161,0.2806,0.0994,0.08323,0.07076,0.111,0.0816,0.01347,0.05533,0.02948,0.03165,0.211,0.213,
2.162,0.2814,0.09928,0.08328,0.07083,0.111,0.0816,0.01382,0.05499,0.02948,0.03165,0.211,0.213,
2.162,0.3012,0.0989,0.08362,0.07116,0.1099,0.0817,0.01383,0.05506,0.02951,0.03168,0.2113,0.2133,
2.168,0.2819,0.1013,0.08348,0.07104,0.1093,0.08089,0.01381,0.05497,0.02946,0.03488,0.2098,0.211,
2.166,0.2795,0.1001,0.08347,0.07108,0.109,0.08067,0.01377,0.05482,0.02938,0.03479,0.2124,0.2105,
2.166,0.3014,0.1002,0.08337,0.0714,0.1082,0.08074,0.01378,0.05487,0.02941,0.03482,0.2126,0.2107,
2.167,0.2595,0.09973,0.0837,0.07161,0.1078,0.08078,0.01422,0.05446,0.02942,0.03483,0.2127,0.2107,
2.171,0.2606,0.0994,0.08389,0.0717,0.1069,0.08127,0.01371,0.05445,0.03038,0.03704,0.2105,0.2107,
2.17,0.2694,0.0993,0.08379,0.07174,0.1064,0.08164,0.01328,0.05442,0.03096,0.03642,0.2115,0.2106,
2.169,0.2709,0.09849,0.0838,0.07188,0.1063,0.08172,0.01329,0.05502,0.03046,0.03645,0.2117,0.2109,
2.168,0.2706,0.09837,0.08353,0.07101,0.1058,0.08167,0.01328,0.05499,0.03204,0.03482,0.2127,0.2118,
2.168,0.2701,0.09802,0.08305,0.07123,0.1057,0.08162,0.01327,0.05495,0.03202,0.03568,0.2127,0.2117,
2.187,0.2736,0.1012,0.08331,0.0712,0.1056,0.08042,0.01326,0.05489,0.03288,0.04502,0.2033,0.209,
2.186,0.2887,0.1012,0.08322,0.07135,0.1052,0.08099,0.01326,0.05438,0.03289,0.04504,0.2034,0.2091,
2.186,0.293,0.1006,0.08338,0.07128,0.105,0.08082,0.01366,0.05385,0.03283,0.04495,0.205,0.2086,
2.175,0.2965,0.1001,0.08332,0.07133,0.1048,0.08562,0.008672,0.05374,0.03276,0.04486,0.2066,0.2082,
2.175,0.2856,0.1,0.08274,0.07176,0.1044,0.0857,0.008678,0.05378,0.03279,0.04489,0.2068,0.2084,
2.175,0.2801,0.09913,0.08261,0.07189,0.1053,0.0857,0.008678,0.05378,0.03279,0.04489,0.2068,0.2084,
2.188,0.2946,0.09907,0.08256,0.072,0.1053,0.08459,0.02064,0.04182,0.03279,0.04489,0.2068,0.2095,
2.187,0.2943,0.09889,0.08288,0.07205,0.1046,0.08452,0.02013,0.04185,0.03281,0.04492,0.207,0.2103,
2.184,0.2975,0.09885,0.08306,0.07234,0.103,0.08161,0.02016,0.04193,0.03437,0.04349,0.2074,0.2138,
2.182,0.2927,0.09816,0.08301,0.07255,0.1036,0.08011,0.01989,0.04193,0.03437,0.04349,0.2074,0.2156,
2.183,0.2911,0.1012,0.08312,0.07255,0.1022,0.08005,0.01987,0.04189,0.03434,0.04345,0.2093,0.2121,
2.183,0.2882,0.1007,0.08357,0.07255,0.1022,0.08005,0.01987,0.04367,0.03256,0.04345,0.2093,0.2121,
2.183,0.3104,0.09801,0.08386,0.07257,0.1043,0.08007,0.01987,0.04368,0.03257,0.04347,0.2094,0.2122,
2.181,0.3101,0.09801,0.08373,0.07119,0.1043,0.07941,0.01987,0.04368,0.03574,0.04031,0.2094,0.2143,
2.182,0.3155,0.0991,0.08359,0.07134,0.1042,0.07932,0.01985,0.04364,0.03666,0.0393,0.2102,0.2127,
2.182,0.3188,0.1008,0.08347,0.0714,0.1041,0.07924,0.01983,0.04413,0.03847,0.03688,0.211,0.2107,
2.182,0.3205,0.1009,0.08331,0.07169,0.1033,0.07931,0.01985,0.04416,0.0385,0.03692,0.2112,0.2108,
2.181,0.3336,0.1004,0.08373,0.07185,0.103,0.0785,0.01959,0.04418,0.0394,0.03604,0.2113,0.212,
2.181,0.332,0.1001,0.08428,0.07206,0.1011,0.07867,0.01962,0.04427,0.03948,0.0361,0.2118,0.2125,
2.184,0.3304,0.09959,0.08416,0.07207,0.1011,0.07862,0.01961,0.04523,0.03847,0.03832,0.2105,0.2124,
2.183,0.3418,0.09959,0.08402,0.07221,0.1011,0.07795,0.01961,0.04523,0.03847,0.03832,0.2105,0.2131,
2.184,0.3365,0.1009,0.08402,0.07235,0.1026,0.07683,0.01961,0.04523,0.04017,0.03661,0.2115,0.2102,
2.184,0.3337,0.09793,0.08366,0.0727,0.1056,0.07683,0.01961,0.046,0.0394,0.03661,0.2115,0.2102,
2.182,0.3308,0.09755,0.08357,0.07089,0.1053,0.07689,0.01962,0.04604,0.03943,0.03663,0.2117,0.2124,
2.191,0.3291,0.09722,0.08363,0.07098,0.1048,0.07528,0.01961,0.04601,0.0394,0.04349,0.2057,0.2138,
2.19,0.3335,0.09869,0.08323,0.07102,0.1047,0.07453,0.01958,0.04595,0.04024,0.04255,0.2075,0.212,
2.19,0.3426,0.09808,0.0836,0.071,0.1046,0.07445,0.01956,0.04662,0.04218,0.03981,0.2084,0.2117,
2.19,0.3441,0.09778,0.08382,0.07115,0.1043,0.07447,0.01957,0.04663,0.0422,0.03983,0.2085,0.2118,
2.19,0.3449,0.09763,0.08372,0.07118,0.1039,0.07454,0.01959,0.04668,0.04224,0.03986,0.2086,0.212,
2.19,0.3432,0.09758,0.08368,0.07127,0.1039,0.07454,0.01959,0.04745,0.04146,0.03986,0.2086,0.212,
2.189,0.3503,0.0994,0.08357,0.07021,0.1034,0.07449,0.01957,0.04742,0.04403,0.03724,0.2096,0.2111,
2.171,0.3364,0.09929,0.08363,0.07026,0.1034,0.08269,0.009823,0.04742,0.04403,0.03724,0.2096,0.2126,
2.171,0.3135,0.09919,0.08366,0.07033,0.1034,0.08269,0.009823,0.04824,0.04321,0.03724,0.2096,0.2126,
2.183,0.3398,0.1001,0.08359,0.07047,0.1043,0.08149,0.03568,0.02231,0.04477,0.0356,0.2104,0.2113,
2.182,0.3417,0.09983,0.08385,0.07053,0.104,0.08086,0.03623,0.02179,0.04479,0.03562,0.2105,0.212,
2.182,0.3402,0.0998,0.084,0.07058,0.1033,0.08025,0.03626,0.02258,0.04405,0.03564,0.2107,0.2129,
2.181,0.3422,0.1029,0.08401,0.07063,0.1032,0.07769,0.03642,0.02264,0.04329,0.0356,0.2115,0.2121,
2.179,0.3628,0.1028,0.08394,0.07082,0.1032,0.07569,0.03642,0.02264,0.04329,0.0356,0.2115,0.2141,
2.179,0.342,0.1025,0.08414,0.07087,0.1032,0.07569,0.03642,0.02264,0.04427,0.03462,0.2115,0.2141,
2.177,0.3491,0.1022,0.08423,0.07108,0.1032,0.07436,0.03685,0.02221,0.04427,0.03462,0.2115,0.2155,
2.177,0.3525,0.1023,0.0842,0.07133,0.1021,0.07445,0.03689,0.02224,0.04432,0.03465,0.2118,0.2157,
2.174,0.3466,0.1019,0.08446,0.07146,0.1021,0.072,0.03689,0.02224,0.04432,0.03465,0.2118,0.2182,
2.174,0.3454,0.1017,0.08468,0.0715,0.1021,0.072,0.03689,0.02224,0.04609,0.03288,0.2118,0.2182,
2.183,0.3502,0.1049,0.08461,0.07148,0.102,0.06962,0.03687,0.02222,0.04695,0.03741,0.2073,0.2166,
2.183,0.3498,0.1043,0.08477,0.0716,0.1021,0.06965,0.03689,0.02223,0.04744,0.03696,0.2074,0.2167,
2.179,0.353,0.104,0.08499,0.07164,0.1021,0.06665,0.03751,0.02161,0.04744,0.03696,0.2074,0.2197,
2.176,0.3558,0.1038,0.08504,0.07179,0.1021,0.06515,0.03727,0.02119,0.04744,0.03696,0.2074,0.2219,
2.177,0.3839,0.1072,0.08495,0.07171,0.1012,0.06506,0.03722,0.02115,0.04737,0.0369,0.2092,0.2181,
2.177,0.3467,0.1092,0.08484,0.07068,0.1007,0.06502,0.03719,0.02114,0.04734,0.03688,0.2101,0.217,
2.176,0.3383,0.109,0.08487,0.07077,0.1007,0.06435,0.03719,0.02114,0.04734,0.03688,0.2101,0.2176,
2.173,0.3407,0.109,0.08492,0.06982,0.09994,0.06285,0.03722,0.02115,0.04738,0.0369,0.2103,0.2205,
2.173,0.343,0.1094,0.08469,0.07001,0.09988,0.06281,0.0372,0.02114,0.04735,0.03688,0.2112,0.2194,
2.172,0.3561,0.1086,0.08502,0.07017,0.09992,0.06217,0.03722,0.02115,0.04737,0.0369,0.2113,0.2202,
2.172,0.3533,0.1081,0.08544,0.0702,0.09992,0.06217,0.03722,0.02115,0.04737,0.0369,0.2113,0.2202,
2.177,0.3414,0.1109,0.08532,0.07025,0.09945,0.06214,0.03719,0.02114,0.04734,0.03908,0.21,0.2171,
2.174,0.3515,0.1132,0.08516,0.0703,0.09939,0.06054,0.04144,0.01828,0.04687,0.03809,0.2109,0.2158,
2.182,0.3896,0.1143,0.08542,0.07042,0.09889,0.06051,0.04184,0.04489,0.02223,0.03804,0.2095,0.214,
2.18,0.3852,0.1142,0.08553,0.07048,0.09854,0.0592,0.04132,0.04477,0.02357,0.03671,0.2095,0.2161,
2.18,0.3958,0.1136,0.08571,0.07055,0.09858,0.05856,0.04134,0.04589,0.02662,0.03259,0.2096,0.2169,
2.179,0.3945,0.1136,0.08556,0.07076,0.09858,0.05945,0.04045,0.04589,0.0275,0.0317,0.2096,0.2169,
2.181,0.4011,0.1162,0.08547,0.07079,0.09855,0.05946,0.04046,0.04661,0.0268,0.03171,0.2107,0.2131,
2.187,0.4017,0.1203,0.08542,0.07062,0.09813,0.05877,0.04045,0.04659,0.02679,0.03454,0.2099,0.2085,
2.184,0.3986,0.1191,0.08528,0.07064,0.09901,0.05716,0.04155,0.04593,0.02623,0.03451,0.2108,0.2098,
2.184,0.3778,0.1189,0.08544,0.07069,0.09901,0.05716,0.04155,0.04593,0.02623,0.03451,0.2108,0.2098,
2.184,0.3698,0.1188,0.08542,0.07082,0.09901,0.05649,0.04155,0.04593,0.031,0.02974,0.2108,0.2105,
2.184,0.3739,0.1174,0.08534,0.071,0.09975,0.05654,0.04313,0.0457,0.03028,0.02923,0.211,0.2107,
2.184,0.3716,0.1169,0.08546,0.07105,0.0998,0.05657,0.04315,0.04572,0.0303,0.02924,0.211,0.2108,
2.181,0.3816,0.1167,0.08593,0.07005,0.09863,0.05598,0.04321,0.04656,0.02955,0.02928,0.2113,0.2128,
2.179,0.3844,0.1165,0.08632,0.07017,0.09748,0.05449,0.04326,0.04662,0.02959,0.02931,0.2116,0.2147,
2.179,0.379,0.1164,0.0863,0.07029,0.09748,0.05449,0.04326,0.04715,0.02959,0.02877,0.2116,0.2147,
2.176,0.3703,0.1162,0.08657,0.07037,0.09708,0.05316,0.04287,0.04709,0.0295,0.02865,0.2117,0.2169,
2.184,0.3635,0.1215,0.08633,0.07049,0.09697,0.05311,0.04283,0.04704,0.02946,0.03165,0.2095,0.2111,
2.165,0.3882,0.1215,0.0859,0.07092,0.09697,0.07779,0.01814,0.04704,0.02946,0.03165,0.2095,0.2111,
2.163,0.3663,0.1214,0.08588,0.07093,0.09652,0.07574,0.0187,0.04643,0.02944,0.03163,0.2104,0.2129,
2.164,0.3649,0.122,0.08584,0.07115,0.09758,0.07566,0.01868,0.04692,0.02888,0.03159,0.2113,0.2104,
2.167,0.3638,0.1216,0.08593,0.07118,0.09748,0.07558,0.01866,0.04687,0.02885,0.03349,0.2102,0.2102,
2.166,0.3705,0.1213,0.08592,0.07115,0.09737,0.0755,0.01864,0.04682,0.03041,0.03186,0.211,0.21,
2.166,0.3756,0.1212,0.08605,0.0713,0.09697,0.07553,0.01865,0.04684,0.03043,0.03188,0.2111,0.2101,
2.166,0.3684,0.1204,0.08606,0.07142,0.09706,0.0756,0.01866,0.04688,0.03045,0.0319,0.2113,0.2103,
2.188,0.3599,0.1129,0.08615,0.07143,0.104,0.07485,0.01864,0.04683,0.03042,0.04455,0.1994,0.2107,
2.187,0.3636,0.1127,0.08623,0.07177,0.1033,0.07425,0.01866,0.04687,0.03044,0.04458,0.1996,0.2116,
2.186,0.3891,0.1121,0.08642,0.07175,0.1028,0.07413,0.01905,0.04637,0.0304,0.04451,0.2013,0.2112,
2.186,0.3789,0.1117,0.08648,0.07177,0.1027,0.07406,0.01904,0.04632,0.03037,0.04446,0.2021,0.211,
2.184,0.363,0.1114,0.0867,0.07186,0.1027,0.07199,0.01904,0.04632,0.03037,0.04446,0.2021,0.2131,
2.184,0.3885,0.1109,0.08723,0.07188,0.1023,0.07201,0.01904,0.04634,0.03037,0.04447,0.2022,0.2132,
2.182,0.3745,0.1108,0.08695,0.07222,0.1015,0.07039,0.01907,0.04684,0.02999,0.04455,0.2025,0.2151,
2.18,0.3807,0.1102,0.08741,0.07272,0.1006,0.06963,0.01865,0.04689,0.03002,0.0446,0.2028,0.2165,
2.182,0.373,0.1142,0.08723,0.07218,0.1005,0.06959,0.01864,0.04686,0.03231,0.04226,0.2037,0.2125,
2.181,0.3664,0.1139,0.0874,0.07226,0.0998,0.06857,0.01866,0.04692,0.03235,0.04231,0.204,0.2139,
2.181,0.4146,0.1136,0.08767,0.07226,0.0998,0.06857,0.01866,0.04781,0.03146,0.04231,0.204,0.2139,
2.18,0.3593,0.115,0.08735,0.07235,0.09934,0.06852,0.01865,0.04902,0.0302,0.04228,0.2059,0.2114,
2.181,0.3539,0.1151,0.08729,0.07254,0.09881,0.06836,0.01866,0.04905,0.03223,0.04029,0.2061,0.2116,
2.18,0.398,0.115,0.08725,0.07271,0.09881,0.0677,0.01866,0.04905,0.03223,0.04029,0.2061,0.2122,
2.18,0.3629,0.1149,0.08706,0.07296,0.09881,0.0677,0.01866,0.04905,0.03473,0.03779,0.2061,0.2122,
2.181,0.359,0.1131,0.08744,0.07312,0.1001,0.0677,0.01866,0.04905,0.03527,0.03725,0.2061,0.2122,
2.18,0.3924,0.1115,0.08731,0.07338,0.1013,0.06772,0.05018,0.01754,0.03634,0.03619,0.2062,0.2123,
2.179,0.4083,0.11,0.08727,0.07361,0.1023,0.06807,0.04915,0.01755,0.03637,0.03622,0.2063,0.2132,
2.176,0.3994,0.1081,0.08725,0.07369,0.1041,0.06641,0.04881,0.01755,0.03726,0.03533,0.2063,0.2152,
2.176,0.4614,0.1075,0.08767,0.07387,0.1041,0.06641,0.04881,0.01755,0.03726,0.03533,0.2063,0.2152,
2.176,0.4492,0.1058,0.08749,0.0739,0.1039,0.06632,0.04883,0.01851,0.03631,0.03534,0.2064,0.2172,
2.174,0.4235,0.107,0.08708,0.07423,0.1037,0.06514,0.04935,0.01793,0.03627,0.03531,0.2072,0.2167,
2.18,0.3871,0.1164,0.08679,0.07431,0.1035,0.06301,0.04925,0.03081,0.02328,0.03523,0.2089,0.2085,
2.177,0.3894,0.1145,0.08645,0.07441,0.1047,0.06779,0.0454,0.02984,0.02416,0.03434,0.2099,0.2085,
2.178,0.3749,0.113,0.0864,0.0746,0.1058,0.06782,0.04542,0.02985,0.02541,0.03311,0.21,0.2086,
2.177,0.369,0.113,0.08628,0.07487,0.1055,0.06715,0.04544,0.02986,0.02542,0.03312,0.2101,0.2093,
2.177,0.3494,0.1119,0.08625,0.07497,0.1065,0.06715,0.04578,0.02952,0.02542,0.03312,0.2101,0.2093,
2.177,0.3493,0.1119,0.08625,0.07503,0.1062,0.06718,0.0458,0.02953,0.02542,0.03312,0.2102,0.2094,
2.176,0.3529,0.1112,0.08637,0.07424,0.1052,0.06732,0.04589,0.02958,0.02547,0.03319,0.2106,0.2109,
2.175,0.3797,0.109,0.08633,0.07445,0.1069,0.06725,0.04584,0.02955,0.02544,0.03315,0.2115,0.2107,
2.18,0.381,0.1086,0.08598,0.07456,0.1068,0.06721,0.04634,0.029,0.02543,0.03628,0.2093,0.2105,
2.179,0.3814,0.1084,0.08604,0.07455,0.1063,0.06702,0.04579,0.02898,0.02671,0.03494,0.2102,0.2111,
2.178,0.3857,0.1071,0.08599,0.07447,0.1073,0.06695,0.04574,0.02895,0.02668,0.03491,0.211,0.2109,
2.178,0.3816,0.1071,0.08599,0.07462,0.107,0.06697,0.04576,0.02995,0.02569,0.03492,0.2111,0.211,
2.174,0.3847,0.1055,0.08616,0.07284,0.1054,0.06642,0.04584,0.03053,0.02816,0.03202,0.2115,0.2157,
2.174,0.4171,0.105,0.08667,0.07303,0.1046,0.06648,0.04687,0.02956,0.03356,0.02666,0.2117,0.2159,
2.174,0.4069,0.1046,0.08678,0.07332,0.1046,0.06648,0.04687,0.02956,0.03356,0.02666,0.2117,0.2159,
2.196,0.385,0.1062,0.0869,0.07334,0.1041,0.06644,0.04685,0.02955,0.03523,0.03638,0.2012,0.2138,
2.196,0.4358,0.1049,0.08772,0.07355,0.1038,0.06649,0.04688,0.02957,0.03526,0.0364,0.2014,0.214,
2.197,0.374,0.1077,0.08766,0.0737,0.103,0.06675,0.0466,0.02956,0.03525,0.03639,0.2023,0.2111,
2.197,0.3801,0.1072,0.08777,0.07384,0.1027,0.06785,0.0456,0.03044,0.03496,0.03589,0.2025,0.2113,
2.195,0.3838,0.1064,0.08817,0.07377,0.1022,0.06662,0.04553,0.03039,0.0349,0.03583,0.2042,0.212,
2.195,0.3987,0.1064,0.08793,0.07411,0.1018,0.06718,0.04501,0.0304,0.03589,0.03486,0.2043,0.2121,
2.194,0.3913,0.1084,0.08792,0.07395,0.1016,0.06603,0.04498,0.0309,0.03532,0.03479,0.2052,0.2109,
2.193,0.3902,0.108,0.08815,0.07421,0.101,0.06497,0.04502,0.03146,0.03535,0.03428,0.2054,0.2122,
2.19,0.3768,0.1079,0.08776,0.07443,0.1009,0.06334,0.04497,0.03143,0.03531,0.03425,0.2062,0.2136,
2.188,0.3982,0.1065,0.08772,0.07296,0.102,0.06271,0.04533,0.0311,0.03533,0.03426,0.2063,0.2158,
2.185,0.3986,0.106,0.08747,0.07318,0.1019,0.06076,0.04537,0.03191,0.03457,0.03429,0.2065,0.218,
2.185,0.393,0.1058,0.08752,0.07324,0.1015,0.06081,0.04541,0.03194,0.0346,0.03432,0.2067,0.2182,
2.185,0.3944,0.1043,0.08764,0.07334,0.1022,0.06086,0.04545,0.0325,0.03409,0.03435,0.2069,0.2184,
2.183,0.3883,0.1039,0.08764,0.07345,0.1017,0.05937,0.04551,0.03254,0.03413,0.03439,0.2071,0.2202,
2.183,0.3891,0.104,0.08769,0.0736,0.1009,0.05942,0.04555,0.03299,0.03373,0.03442,0.2073,0.2204,
2.183,0.3921,0.104,0.08727,0.07362,0.1018,0.05939,0.04552,0.03351,0.03318,0.0344,0.2082,0.219,
2.182,0.3943,0.1033,0.08737,0.07362,0.1024,0.05827,0.04597,0.03306,0.03318,0.0344,0.2082,0.2201,
2.18,0.3935,0.1073,0.087,0.07379,0.1018,0.05572,0.04589,0.033,0.03312,0.03434,0.21,0.218,
2.18,0.3876,0.1122,0.08674,0.0737,0.1028,0.0536,0.04633,0.0324,0.03305,0.03426,0.2116,0.2133,
2.194,0.3811,0.1129,0.08664,0.07369,0.1037,0.05354,0.04681,0.03183,0.03301,0.04198,0.2047,0.2112,
2.168,0.425,0.1128,0.08657,0.07374,0.1029,0.08435,0.01598,0.03182,0.033,0.04196,0.2057,0.2112,
2.167,0.3846,0.1126,0.08666,0.07386,0.1012,0.08444,0.01599,0.03183,0.03301,0.04199,0.207,0.2114,
2.167,0.346,0.1124,0.0869,0.07358,0.1009,0.08451,0.016,0.03238,0.03249,0.04202,0.2072,0.2116,
2.167,0.3544,0.1123,0.08701,0.07361,0.1009,0.08451,0.016,0.03238,0.03392,0.04059,0.2072,0.2116,
2.167,0.3573,0.1122,0.08691,0.07322,0.1006,0.08454,0.01601,0.03239,0.03446,0.04007,0.2073,0.2124,
2.165,0.3626,0.1104,0.08715,0.07328,0.1021,0.08298,0.01601,0.03239,0.03589,0.03864,0.2073,0.2139,
2.164,0.3694,0.1102,0.08716,0.07349,0.1013,0.08362,0.01549,0.03241,0.03591,0.03868,0.2076,0.2142,
2.164,0.3526,0.11,0.08737,0.07352,0.1009,0.08366,0.01549,0.03242,0.03762,0.03699,0.2076,0.2143,
2.167,0.3667,0.1099,0.08764,0.07358,0.1001,0.08373,0.02787,0.02008,0.03765,0.03703,0.2078,0.2145,
2.167,0.3641,0.1098,0.08765,0.07376,0.09978,0.08376,0.02788,0.02009,0.03767,0.03704,0.2079,0.2146,
2.167,0.3768,0.1091,0.08826,0.07399,0.09943,0.0838,0.02789,0.02081,0.03749,0.03651,0.208,0.2147,
2.167,0.4073,0.1091,0.08822,0.07415,0.09903,0.08383,0.02825,0.02047,0.03841,0.03563,0.2081,0.2148,
2.167,0.328,0.109,0.08818,0.07439,0.09862,0.08387,0.02826,0.02048,0.03842,0.03564,0.2082,0.2149,
2.167,0.3354,0.1088,0.0883,0.07448,0.0981,0.08394,0.02828,0.02145,0.0391,0.03406,0.2084,0.2151,
2.169,0.3386,0.1134,0.08808,0.0746,0.09776,0.08384,0.02825,0.0214,0.03905,0.03401,0.2102,0.2094,
2.168,0.338,0.1127,0.08795,0.07458,0.09724,0.08373,0.02821,0.02136,0.03899,0.03396,0.2121,0.2092,
2.166,0.3308,0.1127,0.08793,0.07473,0.09688,0.08193,0.02822,0.02137,0.039,0.03397,0.2122,0.2111,
2.164,0.3353,0.1101,0.08798,0.07491,0.09846,0.08025,0.02826,0.02138,0.04339,0.02966,0.2125,0.2132,
2.164,0.3395,0.1101,0.08788,0.07502,0.09846,0.08025,0.02826,0.02253,0.04224,0.02966,0.2125,0.2132,
2.164,0.345,0.1101,0.08771,0.07524,0.09811,0.08028,0.02827,0.02253,0.04225,0.02967,0.2126,0.2133,
2.163,0.342,0.1098,0.08775,0.07523,0.09801,0.08019,0.02824,0.02251,0.04332,0.02851,0.2134,0.213,
2.166,0.3475,0.1095,0.08758,0.07538,0.09791,0.08011,0.02821,0.02248,0.04569,0.0284,0.2119,0.2128,
2.165,0.3499,0.1083,0.08756,0.07493,0.0987,0.08094,0.02742,0.02333,0.04485,0.02841,0.212,0.2136,
2.165,0.3647,0.1069,0.08771,0.07501,0.09924,0.08089,0.0274,0.02331,0.0455,0.02769,0.2129,0.2134,
2.172,0.3566,0.1024,0.08795,0.07391,0.1025,0.0813,0.02696,0.0233,0.0455,0.0329,0.2087,0.2145,
2.17,0.3614,0.1021,0.08815,0.07406,0.1022,0.07888,0.02697,0.02331,0.04677,0.03166,0.2088,0.2171,
2.169,0.3731,0.1021,0.08813,0.07411,0.1022,0.07888,0.02751,0.02278,0.04731,0.03112,0.2088,0.2171,
2.17,0.3672,0.1059,0.08807,0.07415,0.1017,0.07916,0.02766,0.02166,0.0473,0.03112,0.2098,0.2134,
2.167,0.3751,0.1057,0.08802,0.07435,0.101,0.07801,0.02715,0.02168,0.04735,0.03115,0.2101,0.2155,
2.165,0.3982,0.1054,0.08816,0.07459,0.1007,0.07621,0.02716,0.02169,0.04737,0.03116,0.2102,0.2174,
2.166,0.3788,0.1082,0.08805,0.07459,0.1006,0.07546,0.02714,0.02166,0.04822,0.03024,0.2111,0.2148,
2.165,0.3849,0.109,0.0879,0.07464,0.1,0.07581,0.0274,0.02102,0.0482,0.03023,0.2121,0.2138,
2.164,0.3872,0.1098,0.08764,0.07492,0.09958,0.07464,0.02738,0.02098,0.04816,0.0302,0.213,0.2136,
2.174,0.3788,0.1134,0.08733,0.07507,0.09923,0.07274,0.02781,0.02055,0.04817,0.03593,0.2084,0.2114,
2.149,0.3979,0.1131,0.08725,0.07512,0.09912,0.08959,0.01085,0.02053,0.04812,0.03589,0.2092,0.2112,
2.149,0.3916,0.1122,0.08741,0.07523,0.09943,0.08963,0.01086,0.02097,0.04771,0.03591,0.2093,0.2113,
2.146,0.3899,0.1103,0.08773,0.07375,0.1008,0.08744,0.01086,0.02098,0.04862,0.03503,0.2094,0.2151,
2.147,0.3849,0.1158,0.08766,0.07391,0.09944,0.08571,0.01087,0.02099,0.04866,0.03506,0.2106,0.2113,
2.147,0.3846,0.1155,0.08786,0.07401,0.09921,0.08575,0.01088,0.021,0.04868,0.03507,0.2107,0.2114,
2.146,0.3246,0.1154,0.08778,0.07419,0.09921,0.08532,0.01077,0.02087,0.04868,0.03507,0.2107,0.212,
2.145,0.2895,0.1147,0.08794,0.07435,0.09925,0.08424,0.01077,0.02088,0.0487,0.03509,0.2108,0.2133,
2.145,0.2838,0.1144,0.08799,0.07466,0.09925,0.08424,0.01077,0.02088,0.0487,0.03509,0.2108,0.2133,
2.145,0.297,0.1138,0.08803,0.07484,0.09928,0.0836,0.01112,0.02054,0.04873,0.0351,0.2109,0.214,
2.145,0.293,0.1137,0.08802,0.07501,0.09928,0.08293,0.01166,0.02,0.04873,0.0351,0.2109,0.2147,
2.139,0.2846,0.1134,0.08817,0.07521,0.09894,0.08529,0.009331,0.02,0.04984,0.03401,0.211,0.2148,
2.139,0.3663,0.1133,0.08831,0.07526,0.09856,0.08533,0.009333,0.02001,0.05125,0.03263,0.2111,0.2149,
2.139,0.3568,0.1146,0.08834,0.07523,0.09846,0.08524,0.009861,0.01945,0.05173,0.03206,0.2119,0.2131,
2.138,0.3041,0.113,0.088,0.07558,0.0995,0.08419,0.00987,0.01947,0.05178,0.03209,0.2121,0.2144,
2.137,0.3012,0.1129,0.08809,0.0756,0.09919,0.08244,0.01022,0.01914,0.0518,0.0321,0.2122,0.2163,
2.134,0.3015,0.1129,0.0881,0.0757,0.09885,0.07977,0.01057,0.01879,0.05181,0.03211,0.2123,0.2191,
2.144,0.3169,0.1151,0.08777,0.07585,0.09897,0.07859,0.01055,0.01876,0.05301,0.03632,0.2088,0.2163,
2.141,0.2973,0.1148,0.08782,0.07584,0.09902,0.07736,0.01002,0.01877,0.05304,0.03634,0.2088,0.2182,
2.141,0.3029,0.113,0.0877,0.07604,0.1007,0.07736,0.01114,0.01765,0.05491,0.03447,0.2088,0.2182,
2.14,0.3112,0.1127,0.08787,0.07613,0.1007,0.07624,0.01172,0.01708,0.05491,0.03447,0.2088,0.2193,
2.14,0.3092,0.1169,0.0878,0.07619,0.1003,0.07657,0.01067,0.01707,0.0549,0.03446,0.2099,0.2153,
2.14,0.3138,0.1155,0.08813,0.07633,0.09997,0.07663,0.01067,0.0178,0.05422,0.03448,0.2101,0.2162,
2.139,0.3153,0.1168,0.08793,0.07631,0.09976,0.07647,0.01065,0.01776,0.05509,0.03342,0.2117,0.214,
2.136,0.3243,0.1165,0.088,0.07516,0.09976,0.07535,0.01065,0.01776,0.05709,0.03143,0.2117,0.2166,
2.135,0.3324,0.1164,0.08806,0.07526,0.09936,0.07381,0.01119,0.01795,0.05747,0.03036,0.2118,0.2183,
2.136,0.3218,0.1214,0.08823,0.07532,0.09841,0.07372,0.01118,0.01792,0.05891,0.0288,0.2137,0.2124,
2.135,0.3231,0.1212,0.08854,0.0754,0.098,0.0723,0.01118,0.01846,0.0584,0.02881,0.2138,0.214,
2.135,0.3277,0.1201,0.08859,0.07554,0.09887,0.0723,0.01118,0.01846,0.0584,0.02881,0.2138,0.214,
2.134,0.3259,0.12,0.0886,0.0758,0.09852,0.07233,0.01119,0.01846,0.05967,0.02756,0.2139,0.214,
2.133,0.3265,0.1194,0.08849,0.07476,0.09811,0.07321,0.01029,0.01846,0.05966,0.02873,0.2137,0.2151,
2.131,0.3379,0.1189,0.0889,0.07505,0.09744,0.07103,0.01029,0.01889,0.05927,0.02875,0.2139,0.2176,
2.131,0.3366,0.1177,0.08906,0.07527,0.09768,0.07109,0.0103,0.01945,0.05988,0.02767,0.2141,0.2178,
2.14,0.3373,0.1201,0.08895,0.07543,0.09758,0.07101,0.01083,0.01889,0.05982,0.03145,0.2111,0.2149,
2.14,0.3433,0.1199,0.0891,0.07543,0.09758,0.07101,0.01083,0.01889,0.05982,0.03145,0.2111,0.2149,
2.137,0.3404,0.1194,0.08946,0.07554,0.09758,0.07089,0.01071,0.01846,0.06102,0.03024,0.2111,0.2155,
2.14,0.3403,0.1218,0.08923,0.07578,0.09791,0.07084,0.01167,0.01801,0.06044,0.03021,0.2121,0.212,
2.14,0.3465,0.1213,0.08916,0.07583,0.09752,0.07083,0.0122,0.01746,0.06041,0.03021,0.2131,0.212,
2.157,0.3438,0.1205,0.08899,0.07585,0.0975,0.07116,0.01186,0.01745,0.0604,0.04067,0.2036,0.212,
2.155,0.3547,0.1198,0.08904,0.07598,0.09709,0.07003,0.01185,0.01745,0.06039,0.04066,0.2046,0.213,
2.153,0.34,0.1194,0.08896,0.07587,0.09689,0.07016,0.01155,0.01742,0.06027,0.04058,0.2063,0.2126,
2.153,0.3409,0.118,0.0889,0.07593,0.09795,0.07009,0.01154,0.0174,0.06021,0.04054,0.2071,0.2124,
2.153,0.3438,0.1173,0.08902,0.07586,0.09789,0.06938,0.01154,0.01849,0.05907,0.04051,0.208,0.2129,
2.153,0.3431,0.1174,0.08896,0.07615,0.09683,0.06946,0.01155,0.01851,0.05913,0.04055,0.2083,0.2132,
2.162,0.3397,0.1172,0.08895,0.0763,0.09683,0.06946,0.01212,0.04957,0.0275,0.04055,0.2083,0.2132,
2.158,0.3382,0.1149,0.08903,0.07443,0.09787,0.07003,0.01157,0.04957,0.02749,0.04055,0.2094,0.2152,
2.158,0.3396,0.1158,0.08893,0.07463,0.09739,0.06998,0.01156,0.04954,0.02747,0.04052,0.2103,0.2139,
2.156,0.3379,0.1158,0.08884,0.07473,0.09739,0.06891,0.01113,0.04954,0.02855,0.03945,0.2103,0.2154,
2.155,0.3354,0.1172,0.08877,0.07478,0.09694,0.0673,0.01112,0.0495,0.02852,0.03942,0.2112,0.2152,
2.155,0.3364,0.1166,0.08879,0.07485,0.09749,0.0673,0.01112,0.05004,0.02798,0.03942,0.2112,0.2152,
2.147,0.3404,0.1178,0.08862,0.07491,0.09705,0.06867,0.008362,0.05132,0.02797,0.03805,0.2122,0.2151,
2.147,0.3426,0.1178,0.08851,0.07508,0.09705,0.06901,0.008019,0.05132,0.02797,0.03805,0.2122,0.2151,
2.146,0.3505,0.1177,0.08828,0.07516,0.09702,0.06904,0.008022,0.05212,0.02719,0.03807,0.2122,0.2152,
2.151,0.3453,0.121,0.08842,0.07513,0.09655,0.069,0.008016,0.05209,0.02869,0.03809,0.2116,0.2114,
2.151,0.3502,0.1204,0.08871,0.07509,0.09659,0.06903,0.008555,0.05229,0.02799,0.03811,0.2117,0.2115,
2.151,0.3619,0.1201,0.08871,0.07511,0.09649,0.06896,0.008546,0.05224,0.03621,0.02981,0.2125,0.2113,
2.15,0.3625,0.1194,0.08897,0.07524,0.09653,0.06787,0.00855,0.05226,0.03623,0.02982,0.2126,0.2125,
2.166,0.3562,0.1189,0.08873,0.07505,0.09637,0.06776,0.008536,0.0526,0.03574,0.03932,0.2048,0.2121,
2.165,0.3548,0.1188,0.08883,0.07511,0.09637,0.06752,0.008536,0.05218,0.03574,0.03932,0.2048,0.2128,
2.166,0.3615,0.1181,0.08951,0.07534,0.09532,0.06761,0.009115,0.05167,0.03578,0.03936,0.2051,0.2131,
2.164,0.3646,0.1189,0.08946,0.07514,0.09465,0.06796,0.008556,0.05196,0.03526,0.03925,0.2076,0.2113,
2.163,0.364,0.1184,0.08962,0.07513,0.09455,0.06755,0.008995,0.05126,0.03659,0.03771,0.2085,0.2117,
2.157,0.3193,0.1213,0.08945,0.07307,0.09436,0.06297,0.008976,0.05116,0.03652,0.03763,0.2101,0.2145,
2.154,0.324,0.121,0.08936,0.07303,0.09404,0.06123,0.008988,0.05122,0.03656,0.03768,0.2104,0.2165,
2.155,0.322,0.1229,0.08907,0.07301,0.09455,0.06125,0.00899,0.05124,0.03657,0.03769,0.2115,0.2132,
2.154,0.332,0.1213,0.08895,0.07303,0.09666,0.06018,0.008996,0.06232,0.02606,0.04037,0.2095,0.2126,
2.155,0.3375,0.1213,0.08893,0.07317,0.09632,0.0602,0.009531,0.06252,0.02628,0.03945,0.2096,0.2127,
2.156,0.3611,0.121,0.08917,0.07324,0.09632,0.0602,0.01006,0.06198,0.02628,0.03945,0.2096,0.2127,
2.152,0.355,0.1208,0.08937,0.07335,0.09595,0.06023,0.01007,0.06541,0.02289,0.03946,0.2097,0.2128,
2.152,0.344,0.1203,0.08964,0.07354,0.09595,0.05969,0.009934,0.06541,0.02343,0.03893,0.2097,0.2134,
2.152,0.3451,0.1202,0.08966,0.07367,0.09595,0.05969,0.009934,0.06541,0.02343,0.03893,0.2097,0.2134,
2.148,0.3426,0.1196,0.08987,0.07371,0.09599,0.05705,0.009938,0.06597,0.0229,0.03894,0.2098,0.2162,
2.147,0.3507,0.1173,0.08966,0.07382,0.09811,0.05596,0.009943,0.066,0.02291,0.03896,0.2099,0.2174,
2.147,0.3484,0.1173,0.08944,0.07411,0.09777,0.05598,0.01051,0.06599,0.02238,0.03897,0.21,0.2175,
2.146,0.3567,0.1171,0.08926,0.07422,0.09781,0.05642,0.01009,0.06602,0.02239,0.03899,0.2101,0.2176,
2.148,0.3402,0.1213,0.08924,0.07425,0.09672,0.05643,0.01009,0.06602,0.02237,0.03899,0.2112,0.2133,
